06MAGNA,20201016,3.2400,3.4800,2.4600,2.6000,1236354
11BIT,20201016,458.0000,485.0000,458.0000,484.5000,6801
4FUNMEDIA,20201016,5.3800,5.4000,5.0000,5.0000,7351
ABPL,20201016,26.4000,28.5000,26.4000,27.7000,6437
ACAUTOGAZ,20201016,40.0000,40.5000,40.0000,40.1000,439
ACTION,20201016,4.0000,4.1400,3.9500,4.1200,15659
ADIUVO,20201016,6.7000,6.7800,6.1200,6.5000,14851
AGORA,20201016,5.4000,5.4400,5.2000,5.3000,23685
AGROTON,20201016,3.5800,3.8300,3.3600,3.8300,20276
AIGAMES,20201016,20.2000,21.1000,19.6000,21.1000,14533
AILLERON,20201016,6.7200,7.3600,6.6000,7.0400,29231
AIRWAY,20201016,2.4900,2.5800,2.0600,2.2200,4944322
ALIOR,20201016,12.8400,13.0150,12.4400,12.8550,419587
ALLEGRO,20201016,80.0000,85.4400,79.2500,81.4500,15480831
ALTUSTFI,20201016,0.8180,0.8480,0.8000,0.8480,12161
ALUMETAL,20201016,36.0000,36.4000,36.0000,36.0000,1989
AMBRA,20201016,17.6500,17.7000,17.2500,17.6000,3437
AMICA,20201016,128.4000,137.2000,128.4000,136.8000,4615
AMREST,20201016,16.6400,17.1400,16.5200,16.9600,172156
APATOR,20201016,19.3000,19.4000,19.1500,19.3500,4412
APLISENS,20201016,10.7000,10.7000,10.4000,10.6000,751
APSENERGY,20201016,1.7000,1.9500,1.6050,1.9200,85744
ARCHICOM,20201016,18.7500,18.9000,18.6500,18.9000,4305
ARCTIC,20201016,3.8000,3.9400,3.8000,3.9200,15041
ARTERIA,20201016,4.3000,4.3000,4.3000,4.3000,14
ARTIFEX,20201016,9.1800,9.1800,8.8000,9.0000,2963
ASBIS,20201016,5.2100,5.4900,5.1800,5.4500,247813
ASSECOBS,20201016,35.0000,35.8000,34.4000,34.6000,902
ASSECOPOL,20201016,66.0000,67.8000,66.0000,66.0000,103320
ASSECOSEE,20201016,42.4000,44.3000,42.4000,43.5000,5501
ASTARTA,20201016,17.2000,17.4500,16.8000,17.4500,10846
ATAL,20201016,31.9000,31.9000,30.4000,31.0000,1417
ATENDE,20201016,2.8400,3.0000,2.8200,2.9600,17586
ATLANTAPL,20201016,6.3000,6.3000,6.3000,6.3000,11
ATLANTIS,20201016,0.6880,0.6880,0.6880,0.6880,3400
ATLASEST,20201016,1.1900,1.1900,1.1900,1.1900,2410
ATMGRUPA,20201016,4.1500,4.1500,3.8800,3.8800,3070
ATREM,20201016,2.2500,2.2500,2.1000,2.1200,27572
AUTOPARTN,20201016,7.0000,7.2000,7.0000,7.2000,12242
BAHOLDING,20201016,0.5100,0.5100,0.4800,0.4980,42765
BBIDEV,20201016,3.3500,3.5000,3.3200,3.5000,1786
BEDZIN,20201016,8.2000,8.2000,8.2000,8.2000,5
BENEFIT,20201016,630.0000,635.0000,611.0000,630.0000,5700
BEST,20201016,16.5000,16.5000,16.5000,16.5000,200
BETACOM,20201016,11.2000,11.2000,10.8000,11.2000,105
BETAM40TR,20201016,48.9100,49.9000,48.9100,49.9000,5061
BETAW20LV,20201016,28.0000,28.6900,27.8900,28.5700,11039
BETAW20ST,20201016,451.7000,451.7000,444.1000,445.9000,1839
BETAW20TR,20201016,27.9550,28.3700,27.9550,28.2300,6783
BIOMEDLUB,20201016,21.1000,21.7000,19.5000,19.9000,2875737
BIOTON,20201016,4.2200,4.4600,4.2000,4.3250,133361
BNPPBNK20622,20201016,1038.5000,1038.5000,1038.5000,1038.5000,400
BNPPPL,20201016,36.3000,38.9000,36.3000,37.4000,5566
BNPPSOLED1221,20201016,1043.5000,1043.5000,1043.5000,1043.5000,129
BOGDANKA,20201016,16.9000,17.0600,16.5200,17.0000,20128
BOOMBIT,20201016,19.0000,19.4800,18.5600,19.4800,14163
BORYSZEW,20201016,3.0800,3.1200,2.9900,3.0500,115237
BOS,20201016,5.3400,5.3400,5.1000,5.2800,6970
BOWIM,20201016,1.9500,2.0200,1.8000,1.9400,8004
BRASTER,20201016,0.6270,0.6600,0.6000,0.6590,191565
BUDIMEX,20201016,239.0000,249.0000,236.0000,236.0000,5490
BUMECH,20201016,1.7900,1.8400,1.7200,1.8400,19871
CCC,20201016,43.6600,45.0000,42.0600,44.3100,468740
CDPROJEKT,20201016,378.0000,390.0000,378.0000,378.6000,627822
CDRL,20201016,11.9000,11.9500,11.9000,11.9500,718
CEZ,20201016,72.6000,74.0000,72.6000,74.0000,312
CFI,20201016,0.1945,0.2220,0.1880,0.2100,458841
CIECH,20201016,24.7000,25.6500,24.2500,25.6000,232871
CIGAMES,20201016,1.2000,1.2300,1.1520,1.2280,985034
CITYSERV,20201016,8.0500,8.2000,8.0500,8.2000,210
CLNPHARMA,20201016,36.2000,37.4500,35.4500,37.2000,44079
CNT,20201016,13.6000,13.6000,13.3000,13.3000,312
COALENERG,20201016,0.5600,0.5600,0.5450,0.5600,14903
COGNOR,20201016,1.1650,1.1800,1.1000,1.1400,169698
COMARCH,20201016,196.5000,201.0000,196.0000,197.0000,12379
COMP,20201016,59.0000,59.6000,58.4000,59.4000,586
COMPERIA,20201016,2.2000,2.4000,2.2000,2.2600,20364
CORMAY,20201016,1.7000,1.7800,1.6700,1.7250,460482
CPGROUP,20201016,6.2000,6.2000,5.8600,6.0000,4584
CYFRPLSAT,20201016,25.2000,25.6600,25.2000,25.3600,310166
CZTOREBKA,20201016,0.5300,0.5800,0.5300,0.5300,10000
DATAWALK,20201016,179.5000,190.0000,178.0000,189.5000,6243
DEBICA,20201016,73.0000,73.8000,72.6000,73.8000,626
DECORA,20201016,27.5000,27.5000,27.0000,27.5000,1550
DEKPOL,20201016,25.0000,25.6000,25.0000,25.6000,105
DELKO,20201016,15.0000,15.5000,14.5000,15.0000,19946
DEVELIA,20201016,1.6760,1.7460,1.6420,1.7200,136364
DGA,20201016,5.2800,5.2800,5.0000,5.0000,37
DIGITREE,20201016,6.1000,6.1000,5.8000,6.0000,1753
DINOPL,20201016,226.6000,240.0000,226.2000,238.8000,293350
DOMDEV,20201016,97.0000,97.0000,95.0000,96.6000,4108
ECHO,20201016,3.8700,3.9500,3.8700,3.9500,17944
EDINVEST,20201016,3.3800,3.3800,3.3800,3.3800,500
EFEKT,20201016,4.7600,4.7800,4.7000,4.7000,8360
EKOEXPORT,20201016,3.5000,3.8000,3.5000,3.5400,50683
ELBUDOWA,20201016,0.6800,0.7900,0.6800,0.7700,34765
ELEKTROTI,20201016,4.6500,4.7000,4.5000,4.6800,11325
ELEMENTAL,20201016,2.4050,2.4150,2.4050,2.4050,123140
ELKOP,20201016,0.2500,0.2540,0.2480,0.2540,58439
ELZAB,20201016,3.4800,3.5400,3.3000,3.5400,2469
EMCINSMED,20201016,12.3000,12.3000,11.9000,12.2000,646
ENAP,20201016,1.3900,1.4000,1.3500,1.4000,13212
ENEA,20201016,5.1500,5.2800,5.1450,5.2700,297512
ENELMED,20201016,14.8000,15.7000,14.8000,15.1000,290
ENERGA,20201016,8.3000,8.3100,8.3000,8.3000,174628
ENERGOINS,20201016,0.7000,0.7400,0.7000,0.7400,4500
ENTER,20201016,19.1500,20.0000,18.7000,19.5500,39638
ERBUD,20201016,18.9500,19.1000,18.8000,19.1000,1210
ERG,20201016,44.0000,45.0000,43.8000,45.0000,546
ESOTIQ,20201016,9.6000,9.7000,9.1000,9.1000,8403
ETFDAX,20201016,546.0000,554.7000,544.9000,554.7000,222
ETFSP500,20201016,138.7600,139.8200,138.3400,139.8200,3377
ETFW20L,20201016,202.0000,206.3000,202.0000,205.8000,1080
EUCO,20201016,4.1800,4.3800,4.0600,4.0900,5506
EUROCASH,20201016,13.6200,14.2400,13.6200,14.2000,309129
EUROHOLD,20201016,4.2000,4.2000,4.2000,4.2000,4
EUROTEL,20201016,21.5000,21.9000,21.3000,21.4000,2221
EVEREST,20201016,19.8000,20.0000,17.9000,18.9000,3892
FAMUR,20201016,1.5600,1.6380,1.5560,1.6300,253391
FASING,20201016,10.1000,10.5000,10.0000,10.4000,4475
FEERUM,20201016,12.0000,12.0000,11.0000,11.0000,2551
FERRO,20201016,17.2500,17.5500,17.2000,17.3000,15637
FERRUM,20201016,3.6000,3.6000,3.5600,3.5600,5
FON,20201016,0.1180,0.1210,0.1130,0.1200,41059
FORTE,20201016,34.0000,34.7500,33.3000,34.0000,16358
GAMEOPS,20201016,25.2100,27.4800,25.1000,26.4400,4632
GAMFACTOR,20201016,15.4200,17.6500,15.4200,16.8800,9219
GAMFACTOR-PDA,20201016,14.2000,16.4000,14.2000,15.9100,10269
GETIN,20201016,0.6805,0.7300,0.6720,0.7300,321876
GETINOBLE,20201016,0.1600,0.1724,0.1556,0.1700,1745291
GLCOSMED,20201016,6.9500,7.2000,6.8500,6.9000,73854
GPW,20201016,47.0000,48.8000,46.9500,48.1500,77367
GROCLIN,20201016,0.9220,1.0100,0.9200,0.9800,63948
GRODNO,20201016,11.0000,11.7000,10.2500,11.4500,280058
GRUPAAZOTY,20201016,23.0000,23.3500,21.6500,22.2000,136473
GTC,20201016,6.1600,6.3400,6.1400,6.3000,8261
HANDLOWY,20201016,33.9000,35.5500,33.5000,33.6500,35932
HARPER,20201016,26.6000,26.8000,23.2000,24.8000,106869
HELIO,20201016,11.0000,11.0000,10.3000,11.0000,135
HERKULES,20201016,1.2000,1.2000,1.1600,1.1950,20022
HUBSTYLE,20201016,0.9900,1.0800,0.9250,1.0800,49434
HYDROTOR,20201016,28.0000,28.0000,26.8000,28.0000,258
I2DEV,20201016,8.5000,9.2000,8.5000,9.0000,23437
IALBGR,20201016,0.2880,0.2880,0.2880,0.2880,5
IDEABANK,20201016,1.2980,1.3480,1.2140,1.2780,127075
IDMSA,20201016,0.9000,0.9350,0.9000,0.9350,1348
IFCAPITAL,20201016,0.6550,0.6900,0.6500,0.6500,9740
IFIRMA,20201016,4.2200,4.2200,4.1600,4.1700,5354
IIAAV,20201016,61.5500,61.5500,61.5500,61.5500,20
IMCOMPANY,20201016,11.8500,11.9000,11.5000,11.8500,1775
IMMOBILE,20201016,2.6400,2.6400,2.6000,2.6000,124
IMPEL,20201016,11.8000,12.1500,11.8000,12.0000,2602
IMPERA,20201016,1.1800,1.1800,1.0100,1.1000,17046
IMS,20201016,2.2000,2.2300,2.1500,2.1700,10128
INC,20201016,7.2600,7.8600,7.1400,7.8000,131432
INGBSK,20201016,119.0000,125.0000,115.0000,122.8000,5467
INPRO,20201016,4.7000,4.7000,4.5000,4.5000,3402
INSTALKRK,20201016,19.0000,19.2000,18.9000,19.2000,6274
INTERAOLT,20201016,15.0000,15.3000,14.9000,15.0000,8036
INTERCARS,20201016,230.0000,235.0000,230.0000,235.0000,583
INTERFERI,20201016,2.9400,3.1400,2.9400,3.1000,2012
INTERSPPL,20201016,1.0500,1.0700,1.0100,1.0700,7971
INTLBCO31682,20201016,55.5000,55.5000,55.5000,55.5000,200
INTLBCO32896,20201016,23.5000,23.5500,23.0500,23.0500,300
INTLBCO34983,20201016,17.8800,17.8800,17.8800,17.8800,420
INTLCCC30734,20201016,2.2900,2.2900,2.2900,2.2900,900
INTLCCC31476,20201016,0.9000,1.2300,0.9000,1.2300,319
INTLCDR22509,20201016,24.7500,25.0000,24.7500,25.0000,853
INTLCDR23200,20201016,21.7500,21.7500,21.6500,21.7500,345
INTLCDR30718,20201016,11.0800,11.0800,11.0800,11.0800,100
INTLCDR30973,20201016,9.8900,10.1800,9.6000,9.6000,453
INTLCDR31377,20201016,8.2500,8.6100,7.7800,7.7800,1160
INTLCDR33290,20201016,6.9300,7.3000,6.3600,6.3600,20637
INTLDAX29983,20201016,195.8000,195.8000,195.8000,195.8000,559
INTLDAX30601,20201016,154.8000,154.8000,154.8000,154.8000,21
INTLDAX30783,20201016,122.0000,125.6000,122.0000,125.6000,43
INTLDAX31559,20201016,113.0000,114.0000,113.0000,114.0000,31
INTLDAX31872,20201016,84.3000,84.3000,84.3000,84.3000,249
INTLDAX31880,20201016,97.2000,97.2000,97.2000,97.2000,12
INTLDAX32821,20201016,43.8500,46.1000,42.9000,46.1000,283
INTLDAX32839,20201016,57.1000,57.1000,57.1000,57.1000,60
INTLDAX32847,20201016,65.3000,66.3000,65.3000,66.3000,14
INTLDAX32946,20201016,33.2500,41.5500,32.0000,41.5500,7500
INTLDAX34769,20201016,22.7500,30.5000,21.0000,29.9000,9464
INTLDNP32789,20201016,6.2400,7.0800,6.2400,6.9400,863
INTLDNP34710,20201016,6.1200,6.1200,6.1200,6.1200,127
INTLDOW34348,20201016,123.0000,123.0000,123.0000,123.0000,11
INTLDOW34884,20201016,72.5000,78.7000,72.5000,78.7000,60
INTLEUR25650,20201016,43.0000,43.0000,43.0000,43.0000,90
INTLEUR26823,20201016,55.1000,55.1000,55.1000,55.1000,40
INTLEUR28324,20201016,24.3500,25.0500,23.2500,23.2500,515
INTLGLD21873,20201016,310.0000,310.0000,310.0000,310.0000,4
INTLGLD23903,20201016,210.0000,210.0000,210.0000,210.0000,35
INTLGLD24166,20201016,185.0000,185.0000,185.0000,185.0000,8
INTLGLD30130,20201016,165.8000,167.2000,165.8000,167.2000,9
INTLGLD30148,20201016,326.0000,326.0000,326.0000,326.0000,24
INTLGLD31310,20201016,118.6000,118.6000,118.6000,118.6000,10
INTLGLD33100,20201016,81.9000,81.9000,81.9000,81.9000,15
INTLGLD33456,20201016,40.3500,42.8000,39.4000,39.4000,742
INTLGLD33464,20201016,54.7000,57.3000,54.7000,55.0000,82
INTLGLD33472,20201016,69.9000,69.9000,68.6000,68.6000,49
INTLJSW30569,20201016,13.8600,13.8600,13.2400,13.2400,100
INTLJSW32136,20201016,9.7000,9.9400,9.7000,9.9400,600
INTLJSW32144,20201016,10.1600,10.1600,10.1600,10.1600,150
INTLJSW34736,20201016,4.2400,4.7900,4.2400,4.7900,89
INTLJSW34744,20201016,6.1100,6.1100,6.0200,6.0600,1350
INTLKGH33019,20201016,49.7000,49.7000,49.7000,49.7000,45
INTLKGH33936,20201016,27.1500,29.7000,27.1500,27.7500,40
INTLKGH33944,20201016,33.4000,33.4000,33.4000,33.4000,62
INTLKGH33951,20201016,39.0000,39.0000,37.0000,37.0000,200
INTLKGH34793,20201016,24.8500,24.8500,22.1500,22.1500,164
INTLLTS34694,20201016,6.4000,6.4000,6.4000,6.4000,100
INTLLTS34702,20201016,9.2200,9.2200,9.2200,9.2200,53
INTLNAG31732,20201016,3.0300,3.0300,2.9400,2.9400,984
INTLNAG33076,20201016,2.5100,2.5100,2.5100,2.5100,144
INTLNDX32979,20201016,93.5000,93.5000,93.5000,93.5000,15
INTLNDX33167,20201016,86.0000,86.0000,86.0000,86.0000,15
INTLNDX33621,20201016,70.2000,70.2000,70.2000,70.2000,3
INTLNDX34777,20201016,59.1000,61.3000,59.0000,61.3000,250
INTLNDX34892,20201016,46.1000,50.2000,46.0500,50.2000,314
INTLPAL25031,20201016,342.0000,342.0000,342.0000,342.0000,5
INTLPEO29421,20201016,9.6000,9.9000,9.6000,9.9000,666
INTLPEO29439,20201016,14.5200,15.5400,14.2000,15.5400,3494
INTLPEO29819,20201016,7.6000,8.5200,7.6000,8.5200,378
INTLPGE29363,20201016,2.8400,2.8400,2.7700,2.7700,560
INTLPGE32292,20201016,0.7500,0.7500,0.7100,0.7100,3169
INTLPGN30460,20201016,1.9600,1.9600,1.9600,1.9600,820
INTLPGN32615,20201016,1.0300,1.0300,1.0300,1.0300,15
INTLPGN33027,20201016,0.8000,0.8000,0.8000,0.8000,1631
INTLPKN04101,20201016,10.0600,10.3200,9.9000,9.9000,321
INTLPKN04119,20201016,12.3000,13.8800,12.0000,13.8800,1579
INTLPKN05496,20201016,8.6200,9.3900,7.8400,9.3900,1700
INTLPKN05835,20201016,5.9700,7.0500,5.2500,6.9000,4987
INTLPKO29413,20201016,7.5200,7.5200,7.5200,7.5200,60
INTLPKO30692,20201016,2.4900,2.6000,2.1300,2.6000,5042
INTLPLA33084,20201016,3.7100,4.1700,3.7100,4.1700,1521
INTLPLA34579,20201016,2.6900,2.6900,2.6900,2.6900,2401
INTLPZU14712,20201016,2.4100,2.4100,2.4100,2.4100,830
INTLPZU15610,20201016,4.3400,4.3400,3.8000,4.2600,5694
INTLPZU15800,20201016,5.0300,5.6800,5.0300,5.6800,1506
INTLSLV29330,20201016,63.1000,63.1000,63.1000,63.1000,20
INTLSLV31617,20201016,36.5500,36.8000,36.5500,36.8000,107
INTLSLV31971,20201016,31.5000,31.5000,31.5000,31.5000,300
INTLSLV33043,20201016,29.1500,29.1500,29.1500,29.1500,1
INTLSLV33340,20201016,15.1000,15.2600,15.0000,15.2600,448
INTLSLV33365,20201016,20.7000,21.1000,20.7000,21.1000,250
INTLSLV34959,20201016,8.2000,8.6300,7.8900,7.8900,462
INTLSLV34967,20201016,11.6400,11.6400,11.0000,11.0000,780
INTLSPX33894,20201016,22.9000,22.9000,22.9000,22.9000,155
INTLSPX34785,20201016,18.4800,19.5600,18.4800,19.5600,160
INTLSPX34900,20201016,14.6200,14.6200,14.6200,14.6200,70
INTLUSD20602,20201016,36.2000,37.8500,36.2000,36.7000,2208
INTLUSD20610,20201016,41.0500,41.0500,41.0500,41.0500,40
INTLUSD20842,20201016,52.3000,53.5000,52.3000,52.6000,175
INTLUSD21170,20201016,30.2500,32.8500,30.2500,30.6000,218
INTLUSD34256,20201016,25.6000,25.7500,25.6000,25.7500,1050
INTLUSD34637,20201016,20.9500,21.5000,19.7800,20.1500,2394
INTLW2028597,20201016,6.4700,6.6500,6.4700,6.6500,999
INTLW2028647,20201016,9.2100,9.2100,9.2100,9.2100,218
INTLW2028670,20201016,3.3400,3.3400,3.3400,3.3400,750
INTLW2028779,20201016,4.8200,4.8600,4.8200,4.8600,716
INTLW2028811,20201016,5.3500,5.3500,5.3500,5.3500,587
INTLW2030585,20201016,2.2000,2.2000,2.2000,2.2000,300
INTLW2030593,20201016,2.2500,2.4300,2.2500,2.4300,1404
INTLW2030767,20201016,1.5300,1.6800,1.5300,1.6800,1550
INTLW2031492,20201016,1.2000,1.2900,1.0900,1.2900,4549
INTLW2031864,20201016,0.9700,1.1800,0.9300,1.1100,27068
INTROL,20201016,3.7800,3.8600,3.5200,3.6600,27620
INTSBCO28027,20201016,37.8500,37.8500,37.8500,37.8500,35
INTSBCO28035,20201016,45.0000,45.0000,45.0000,45.0000,35
INTSBCO28308,20201016,31.0000,31.0000,30.1000,30.1000,80
INTSBCO34447,20201016,17.4200,17.5800,16.3400,17.5000,29508
INTSBCO34454,20201016,22.2000,23.0000,22.2000,23.0000,768
INTSCCC34207,20201016,4.3900,4.3900,4.3200,4.3200,2068
INTSCDR34124,20201016,17.3600,17.8200,17.3600,17.7400,160
INTSCDR34249,20201016,13.6000,13.8400,13.4000,13.8400,7766
INTSCDR34801,20201016,10.1000,10.4600,9.8200,9.9600,5700
INTSDAX25783,20201016,51.5000,52.5000,42.2000,43.2500,1588
INTSDAX25825,20201016,64.5000,64.5000,56.6000,56.6000,406
INTSDAX26591,20201016,76.0000,78.5000,68.2000,68.2000,425
INTSDAX26609,20201016,91.2000,91.2000,81.6000,81.9000,6109
INTSDAX34330,20201016,38.3000,40.0000,30.0000,30.7500,12264
INTSDNP34074,20201016,4.6600,5.0800,4.6600,4.7800,210
INTSDNP34082,20201016,7.2700,7.2700,6.4300,6.9900,29825
INTSDOW24067,20201016,67.0000,68.3000,64.0000,64.3000,1221
INTSDOW27128,20201016,127.4000,127.4000,116.0000,116.0000,65
INTSESX26021,20201016,34.0000,34.0000,34.0000,34.0000,125
INTSESX28878,20201016,15.1400,15.1400,15.1400,15.1400,120
INTSEUD05033,20201016,58.0000,58.0000,58.0000,58.0000,20
INTSEUR28340,20201016,16.9800,17.0000,15.9600,17.0000,1343
INTSEUR29165,20201016,25.8500,25.8500,23.9000,24.4000,320
INTSEUR29181,20201016,36.0000,36.0000,36.0000,36.0000,50
INTSEUR34611,20201016,46.0500,46.0500,46.0500,46.0500,15
INTSEUR34827,20201016,11.4600,11.4600,9.7000,9.7000,40
INTSGLD33316,20201016,89.3000,91.0000,89.3000,91.0000,20
INTSKGH33969,20201016,44.9500,44.9500,44.9500,44.9500,20
INTSNAG27797,20201016,3.8700,3.9000,3.8700,3.9000,3050
INTSNDX33225,20201016,40.7000,40.7000,35.2000,35.7500,4985
INTSNDX33233,20201016,53.2000,53.2000,52.1000,52.1000,75
INTSNDX33258,20201016,86.9000,86.9000,84.8000,84.8000,80
INTSNDX33647,20201016,134.0000,134.0000,134.0000,134.0000,12
INTSNKX27086,20201016,82.3000,83.7000,82.3000,83.7000,7
INTSOPL09423,20201016,2.3700,2.4000,2.3700,2.4000,2480
INTSPEO32334,20201016,37.0000,37.0000,37.0000,37.0000,300
INTSPGE34157,20201016,3.2600,3.2900,3.2600,3.2900,730
INTSPGN34033,20201016,1.6000,1.6000,1.6000,1.6000,500
INTSPKN34173,20201016,27.3000,27.6500,26.3000,26.3000,521
INTSPKO32300,20201016,10.0800,10.1800,10.0800,10.1800,865
INTSPZU20131,20201016,24.8500,24.8500,24.8500,24.8500,500
INTSPZU34165,20201016,15.4000,15.8000,15.4000,15.8000,153
INTSSLV34553,20201016,14.2000,14.2000,14.1000,14.1000,9
INTSSPX34140,20201016,19.0800,19.3000,18.0000,18.0000,1131
INTSSPX34215,20201016,30.6500,30.6500,30.6500,30.6500,10
INTSSPX34413,20201016,13.0000,13.2600,11.8000,11.9600,1996
INTSUSD32235,20201016,29.2000,29.2000,29.2000,29.2000,400
INTSUSD32698,20201016,22.7500,22.7500,22.7500,22.7500,10
INTSUSD33589,20201016,16.0800,16.9200,14.8400,16.1800,4590
INTSW2019307,20201016,8.3500,8.3500,8.3500,8.3500,150
INTSW2027078,20201016,5.7000,5.7000,5.7000,5.7000,357
INTSW2027391,20201016,4.6300,4.7100,4.6300,4.7100,23716
INTSW2027409,20201016,4.9000,4.9000,4.9000,4.9000,550
INTSW2028464,20201016,3.1600,3.1600,2.9700,2.9800,7397
INTSW2028472,20201016,3.6200,3.6200,3.4800,3.4800,31973
INTSW2028480,20201016,4.1600,4.1600,4.1600,4.1600,1000
INTSW2034264,20201016,1.9900,2.0000,1.7200,1.7400,57250
INTSW2034272,20201016,2.2300,2.2300,2.0500,2.0500,3362
INTSW2034280,20201016,2.4600,2.4600,2.4600,2.4600,500
INTSW2034298,20201016,2.6000,2.6300,2.5400,2.5400,7215
INTSW2034306,20201016,2.8400,2.8700,2.8400,2.8700,1050
INVPEFIZ,20201016,921.0000,921.0000,915.1000,915.1000,5
IPOPEMA,20201016,3.3600,3.4400,3.3000,3.4000,18151
ITMTRADE,20201016,0.1315,0.1350,0.1315,0.1315,1605
IZOBLOK,20201016,29.0000,29.8000,28.5000,29.5000,458
IZOLACJA,20201016,1.4700,1.4700,1.3800,1.4700,7620
IZOSTAL,20201016,2.0800,2.1100,2.0800,2.1100,10372
JSW,20201016,21.8000,22.5700,20.8200,22.2000,884613
JWCONSTR,20201016,2.8500,2.9000,2.8100,2.9000,11800
JWWINVEST,20201016,2.9800,2.9800,2.8100,2.8100,234
K2INTERNT,20201016,16.4000,16.7000,16.4000,16.4000,493
KCI,20201016,0.6740,0.7000,0.6640,0.7000,22630
KERNEL,20201016,38.7500,40.2500,38.7500,39.4000,223289
KETY,20201016,450.0000,460.0000,447.0000,460.0000,3331
KGHM,20201016,125.1500,128.6500,124.8500,126.3500,644846
KGL,20201016,14.9000,15.0000,14.9000,15.0000,1554
KINOPOL,20201016,6.5000,6.5000,6.4500,6.5000,419
KOGENERA,20201016,30.9000,32.1000,30.9000,31.7000,3374
KOMPAP,20201016,7.8000,8.1500,7.8000,7.9000,10083
KOMPUTRON,20201016,1.6450,1.7000,1.5600,1.6000,10979
KPPD,20201016,26.0000,27.0000,25.8000,27.0000,349
KREC,20201016,6.8400,7.1200,6.8400,6.8400,785
KREDYTIN,20201016,11.5000,11.5000,10.4000,11.5000,810
KRKA,20201016,360.0000,368.0000,360.0000,368.0000,381
KRUK,20201016,124.0000,126.0000,118.3000,120.5000,44499
KRUSZWICA,20201016,51.2000,53.0000,51.2000,53.0000,1001
KRVITAMIN,20201016,33.3000,36.0000,33.0000,34.8000,20335
KSGAGRO,20201016,1.1000,1.1000,1.1000,1.1000,1
LABOPRINT,20201016,10.1000,10.1000,10.0500,10.0500,10
LARQ,20201016,1.9500,1.9550,1.8300,1.8900,41775
LENA,20201016,3.3400,3.4000,3.3000,3.3000,31827
LENTEX,20201016,8.2200,8.3600,8.1600,8.3600,8630
LIBET,20201016,2.1900,2.1900,2.0900,2.1600,11041
LIVECHAT,20201016,103.0000,117.0000,103.0000,111.0000,96031
LOKUM,20201016,11.2000,11.9500,11.2000,11.9500,1021
LOTOS,20201016,31.1000,31.6300,30.5000,31.1000,578073
LPP,20201016,6300.0000,6525.0000,6075.0000,6150.0000,2601
LSISOFT,20201016,12.9000,12.9000,12.5000,12.8000,3302
LUBAWA,20201016,1.2950,1.3200,1.2600,1.3200,337489
MABION,20201016,26.3000,27.4000,26.2000,26.6500,25935
MAKARONPL,20201016,5.7000,5.8500,5.7000,5.7000,8081
MANGATA,20201016,43.0000,43.0000,40.0000,40.6000,729
MARVIPOL,20201016,4.7000,4.8800,4.5200,4.8000,17677
MASTERPHA,20201016,4.1100,4.2600,4.1100,4.2600,200
MAXCOM,20201016,11.2000,11.2000,10.9000,11.0000,2235
MBANK,20201016,152.0000,156.2000,146.0000,148.4000,64540
MBWS,20201016,5.8600,6.3600,5.8600,6.3000,11655
MCI,20201016,14.3000,14.4000,13.8000,14.2000,12947
MDIENERGIA,20201016,3.5800,4.1000,3.5400,3.8600,201263
MEDIACAP,20201016,1.8600,1.8700,1.8600,1.8700,3700
MEDICALG,20201016,20.9000,21.5000,20.2500,21.5000,6128
MEDYCZNYFIZ,20201016,155.1000,155.1000,155.1000,155.1000,30
MENNICA,20201016,19.1000,20.0000,18.6000,19.4000,5105
MERCATOR,20201016,678.0000,706.0000,654.0000,664.0000,111398
MERCOR,20201016,9.9400,9.9400,9.4000,9.4000,3462
MEXPOLSKA,20201016,1.0400,1.1100,1.0400,1.1100,37164
MFO,20201016,20.2000,20.2000,19.0000,19.0000,2749
MILKILAND,20201016,0.6200,0.6700,0.6200,0.6700,3000
MILLENNIUM,20201016,2.4720,2.5320,2.4360,2.5160,1179270
MIRACULUM,20201016,1.0900,1.1700,1.0850,1.1550,22727
MIRBUD,20201016,1.9700,2.1600,1.9000,2.1500,730117
MLPGROUP,20201016,72.5000,72.5000,69.5000,69.5000,167
MLSYSTEM,20201016,66.4000,71.6000,66.2000,71.6000,25109
MOBRUK,20201016,298.0000,300.0000,280.0000,280.0000,113
MOJ,20201016,1.3400,1.3500,1.3300,1.3300,752
MOL,20201016,20.7000,20.9600,20.7000,20.9000,1174
MONNARI,20201016,1.6500,1.6500,1.5350,1.5850,74755
MOSTALPLC,20201016,8.0000,8.0000,7.7200,7.9600,5670
MOSTALWAR,20201016,4.1600,4.2500,4.0400,4.2300,5436
MOSTALZAB,20201016,0.8880,0.9000,0.8640,0.9000,75139
MUZA,20201016,2.4200,2.4200,2.4200,2.4200,197
MWTRADE,20201016,1.7000,1.7000,1.6600,1.7000,3010
NANOGROUP,20201016,3.0000,5.2500,3.0000,5.2500,157874
NETIA,20201016,4.4800,4.5200,4.4800,4.5000,10367
NEUCA,20201016,527.0000,530.0000,520.0000,529.0000,4613
NEWAG,20201016,24.3000,25.0000,24.3000,24.6000,1980
NOVATURAS,20201016,8.5000,8.5000,8.5000,8.5000,1309
NOVAVISGR,20201016,1.7200,1.9000,1.7200,1.9000,21973
NOVITA,20201016,131.0000,132.0000,126.0000,132.0000,166
NTTSYSTEM,20201016,2.6000,2.6700,2.6000,2.6700,2364
OAT,20201016,16.7500,17.2500,15.6000,16.8500,39467
ODLEWNIE,20201016,4.2200,4.3000,4.0000,4.2200,24988
OEX,20201016,15.0000,15.1000,15.0000,15.0000,2583
OPENFIN,20201016,0.6440,0.6440,0.6120,0.6120,9639
OPERA3GR,20201016,235.1000,235.1000,231.1000,231.1000,30
OPONEO.PL,20201016,29.6000,31.9000,29.6000,31.5000,3518
OPTEAM,20201016,27.0000,27.0000,26.0000,27.0000,2682
ORANGEPL,20201016,6.7500,6.7500,6.4600,6.6500,1221843
ORCOGROUP,20201016,1.0500,1.0500,1.0500,1.0500,75
ORZBIALY,20201016,10.3000,10.7000,9.8800,10.4000,3117
OTLOG,20201016,4.7400,4.7400,4.5400,4.6800,3600
OTMUCHOW,20201016,1.2600,1.2600,1.2500,1.2600,7047
OVOSTAR,20201016,62.0000,62.0000,62.0000,62.0000,1
PAMAPOL,20201016,1.3800,1.4000,1.3700,1.3700,11679
PANOVA,20201016,10.5000,10.6000,10.2500,10.2500,2129
PATENTUS,20201016,0.9120,0.9300,0.9120,0.9200,5800
PBKM,20201016,80.0000,81.0000,80.0000,81.0000,744
PCCEXOL,20201016,4.0300,4.2500,4.0300,4.2100,325700
PCCROKITA,20201016,43.2000,44.4000,43.2000,44.4000,1707
PEKABEX,20201016,13.0000,13.4500,13.0000,13.4500,2754
PEKAO,20201016,48.2000,48.4900,46.9000,48.2700,1034713
PEMANAGER,20201016,9.9800,10.5000,9.9800,10.5000,394
PEP,20201016,45.3000,47.2000,45.3000,46.2000,3691
PEPEES,20201016,1.3700,1.3700,1.3300,1.3600,859
PGE,20201016,5.3140,5.4300,5.1300,5.3520,2508945
PGNIG,20201016,4.6160,4.7200,4.6120,4.7000,3467508
PGO,20201016,1.0550,1.0550,0.9920,1.0100,65359
PGSSOFT,20201016,10.7000,10.7500,10.3500,10.7500,3669
PHARMENA,20201016,9.2000,9.6000,9.2000,9.6000,969
PHN,20201016,10.0500,10.2000,9.6200,10.1000,6981
PKNORLEN,20201016,40.8200,42.4500,40.0200,42.1000,1213883
PKOBP,20201016,20.8500,21.1700,20.3400,21.0100,2005397
PKOSO,20201016,107.0000,107.0000,107.0000,107.0000,100
PKPCARGO,20201016,9.7100,10.0800,9.5800,10.0000,102188
PLASTBOX,20201016,1.7400,1.7400,1.7300,1.7300,7361
PLAY,20201016,38.6400,38.7600,38.6200,38.7600,1413475
PLAYWAY,20201016,531.0000,556.0000,530.0000,539.0000,7866
PLAZACNTR,20201016,1.7600,1.7600,1.7600,1.7600,300
POLICE,20201016,11.6000,12.0000,11.5000,11.9000,885
POLIMEXMS,20201016,2.0550,2.0950,1.9860,2.0750,219827
POLNORD,20201016,2.9200,2.9500,2.8500,2.9450,19255
POLWAX,20201016,2.8700,2.8800,2.6900,2.8800,24760
POZBUD,20201016,1.8000,1.8400,1.7650,1.8000,18111
PRAGMAFA,20201016,28.0000,28.4000,27.0000,27.8000,7892
PRAGMAINK,20201016,7.9000,7.9000,7.7000,7.8000,556
PRAIRIE,20201016,0.6000,0.6290,0.5900,0.6150,155146
PROCHEM,20201016,18.5000,18.5000,18.0000,18.5000,1691
PROJPRZEM,20201016,17.0500,17.0500,16.5000,16.5000,566
PROTEKTOR,20201016,4.6000,4.7000,4.5600,4.6400,19963
PROVIDENT,20201016,2.7600,2.8900,2.7600,2.8400,74664
PULAWY,20201016,75.2000,76.8000,74.0000,76.0000,393
PUNKPIRAT,20201016,0.6800,0.6800,0.5650,0.6100,146740
PZU,20201016,22.9100,23.1500,22.3400,22.9900,2238979
PZUAKORD,20201016,118.7000,118.7000,118.7000,118.7000,400
QUERCUS,20201016,3.4000,3.4400,3.3200,3.4200,39735
R22,20201016,29.0000,30.9000,28.4000,30.8000,18870
RADPOL,20201016,2.2300,2.2400,2.1400,2.2400,7316
RAFAKO,20201016,0.7090,0.7600,0.6510,0.7510,824364
RAFAMET,20201016,14.0000,14.0000,14.0000,14.0000,3
RAINBOW,20201016,10.7000,10.7000,10.0000,10.4000,28828
RANKPROGR,20201016,1.5700,1.6400,1.5650,1.6400,501
RAWLPLUG,20201016,7.6000,7.6600,7.0000,7.6600,4611
RCCORNAOPEN,20201016,9.9700,9.9700,9.9700,9.9700,350
RCESXPP0823,20201016,1011.5000,1011.5000,1011.5000,1011.5000,50
RCFL10GOLD,20201016,16.5800,16.8000,16.1800,16.6000,2765
RCFL10GOLD1,20201016,7.6800,7.6800,7.6800,7.6800,1400
RCFL2COFF2,20201016,5.4100,5.4100,5.4100,5.4100,2000
RCFL2GOLD,20201016,102.8000,102.8000,102.8000,102.8000,24
RCFL2OIL,20201016,2.3400,2.3600,2.3400,2.3600,1150
RCFL2PZU1,20201016,5.9300,5.9300,5.9300,5.9300,350
RCFL2SILVE1,20201016,8.1000,8.1000,8.1000,8.1000,370
RCFL2WHT,20201016,6.8500,6.8500,6.8500,6.8500,1500
RCFL3ALR1,20201016,4.0700,4.0700,4.0700,4.0700,50
RCFL3CCC1,20201016,4.9800,5.9800,4.9800,5.9800,2250
RCFL3CDPRO1,20201016,82.0000,85.1000,81.0000,81.0000,131
RCFL3CDPRO2,20201016,7.7100,7.7100,7.7100,7.7100,258
RCFL3COCO1,20201016,6.8700,6.8700,6.8700,6.8700,2000
RCFL3COFF,20201016,0.4300,0.4300,0.4300,0.4300,5000
RCFL3COFF3,20201016,6.5500,6.6500,6.1000,6.1000,1100
RCFL3CORN,20201016,2.1700,2.1800,2.1700,2.1800,3700
RCFL3ENG,20201016,29.3500,29.3500,29.3500,29.3500,193
RCFL3EUH,20201016,0.8800,0.8800,0.8800,0.8800,10000
RCFL3GASO2,20201016,6.1200,6.1200,6.1200,6.1200,300
RCFL3JSW,20201016,0.5300,0.5500,0.4400,0.5400,134552
RCFL3LPP,20201016,64.3000,64.3000,64.3000,64.3000,70
RCFL3LTS1,20201016,0.1500,0.1600,0.1400,0.1600,115604
RCFL3MBK,20201016,1.1000,1.1100,1.0600,1.1100,4593
RCFL3MSBAS,20201016,6.8400,6.8400,6.8400,6.8400,50
RCFL3MSFIN,20201016,0.9500,0.9800,0.9200,0.9800,20350
RCFL3OIL2,20201016,1.3600,1.3600,1.3600,1.3600,660
RCFL3PEO,20201016,0.6600,0.6600,0.6100,0.6600,42448
RCFL3PGE,20201016,0.0900,0.1000,0.0900,0.1000,304891
RCFL3PGE1,20201016,7.7700,8.1800,7.7600,7.8600,4000
RCFL3PKN,20201016,5.3400,5.8300,5.1500,5.8300,5308
RCFL3PKO,20201016,2.0200,2.1800,2.0100,2.1800,7065
RCFL3PLAT2,20201016,8.0600,8.0600,8.0600,8.0600,250
RCFL3PZU,20201016,6.8200,6.8400,6.3500,6.8400,4656
RCFL3SILVE3,20201016,18.5800,18.8200,18.5800,18.8200,140
RCFL3TEN,20201016,13.3600,13.3600,13.3600,13.3600,37
RCFL3TPE,20201016,4.0100,4.5800,4.0100,4.5800,4140
RCFL3W20,20201016,18.6400,18.8400,18.5200,18.8400,757
RCFL3WHT3,20201016,11.1600,11.1600,11.1600,11.1600,100
RCFL4CDPRO,20201016,42.1500,42.5500,39.0000,39.0000,110
RCFL4CDPRO1,20201016,7.1000,7.1000,7.1000,7.1000,60
RCFL4GAMES,20201016,77.1000,86.9000,77.1000,86.9000,331
RCFL4KGH,20201016,4.1800,4.1800,4.1500,4.1500,542
RCFL4PEO1,20201016,3.4700,3.4800,3.2000,3.4800,4450
RCFL4PGE,20201016,5.0600,5.0600,5.0600,5.0600,97
RCFL4PKN1,20201016,0.9800,1.1000,0.9700,1.1000,16900
RCFL4PKO,20201016,0.1900,0.2100,0.1900,0.2100,9010
RCFL4PZU,20201016,0.2800,0.2800,0.2500,0.2800,44278
RCFL4SILVE2,20201016,9.7800,9.7800,9.7800,9.7800,300
RCFL4SILVE3,20201016,21.9000,21.9000,21.9000,21.9000,20
RCFL4SOY,20201016,11.1800,11.4200,11.1800,11.4200,160
RCFL5ALE,20201016,23.9000,23.9000,23.9000,23.9000,50
RCFL5CORN,20201016,3.2700,3.3600,3.2700,3.3600,900
RCFL5FW20,20201016,0.4000,0.4000,0.4000,0.4000,6000
RCFL5SILVE,20201016,1.5700,1.6200,1.5500,1.5500,80255
RCFL5W20,20201016,8.0100,8.0100,8.0100,8.0100,12
RCFL6CORN,20201016,2.0400,2.0400,2.0400,2.0400,382
RCFL6FW201,20201016,0.3500,0.3500,0.3500,0.3500,1000
RCFL6PLAT2,20201016,3.2700,3.4000,3.2700,3.4000,3140
RCFL6SILVE,20201016,2.0700,2.1400,2.0500,2.1400,6354
RCFL6SILVE2,20201016,14.1000,14.2000,14.1000,14.2000,2278
RCFL6W20,20201016,7.0300,7.1100,7.0300,7.1100,1000
RCFL6W201,20201016,0.2400,0.2400,0.2400,0.2400,13095
RCFL7SILVE,20201016,0.4300,0.4300,0.4300,0.4300,10000
RCFL8COFF1,20201016,0.3600,0.3600,0.3600,0.3600,5000
RCFS2CCC1,20201016,11.7600,11.7600,11.7600,11.7600,50
RCFS2PKN,20201016,6.8400,6.8400,6.4900,6.4900,1800
RCFS2W20,20201016,70.0000,70.0000,68.3000,68.3000,61
RCFS3CCC1,20201016,11.5000,11.5000,10.7200,10.7200,963
RCFS3ENA,20201016,9.6700,9.6700,9.6700,9.6700,100
RCFS3FDX,20201016,5.2000,5.2300,5.2000,5.2200,11881
RCFS3GAMES,20201016,1.1700,1.1700,1.1000,1.1100,37200
RCFS3KGH,20201016,0.2200,0.2200,0.2000,0.2100,171800
RCFS3LPP1,20201016,10.9200,11.9200,10.9200,11.9200,373
RCFS3MWIG40,20201016,9.8900,9.8900,9.4700,9.4700,2380
RCFS3PEO,20201016,22.2500,22.2500,22.2500,22.2500,57
RCFS3PGE,20201016,2.4000,2.4000,2.0700,2.0700,7000
RCFS3TPE,20201016,1.2400,1.2400,1.2400,1.2400,2000
RCFS3W20,20201016,37.6500,37.7000,36.4000,36.5500,621
RCFS4CDPRO1,20201016,2.0900,2.2200,2.0900,2.2200,2580
RCFS4DNP,20201016,6.3100,6.3100,6.3100,6.3100,200
RCFS4OIL4,20201016,8.4200,8.4200,8.4200,8.4200,155
RCFS4PGN,20201016,1.8600,1.8600,1.8600,1.8600,1209
RCFS4PKN,20201016,38.5500,38.5500,36.2000,36.2000,100
RCFS4PZU,20201016,24.0000,24.0000,24.0000,24.0000,1000
RCFS5FW20,20201016,6.1000,6.1000,5.7500,5.7500,2330
RCFS5SUGA,20201016,2.6100,2.6100,2.6100,2.6100,1000
RCFS6CORN,20201016,2.4200,2.4200,2.4200,2.4200,659
RCFS6W201,20201016,5.2500,5.3200,4.9100,4.9100,8670
RCGLDAOPEN,20201016,739.0000,740.0000,737.5000,740.0000,22
RCGNS0422,20201016,1019.5000,1019.5000,1019.5000,1019.5000,75
RCGTECBSK0222,20201016,1095.5000,1095.5000,1095.5000,1095.5000,5
RCLOILAOPEN,20201016,14.4200,14.5000,14.4000,14.4000,27411
RCPACR0321,20201016,170.6000,170.6000,170.6000,170.6000,30
RCRBSPX1122,20201016,659.0000,659.0000,659.0000,659.0000,165
RCSCEAOPEN,20201016,73.4000,73.4000,73.4000,73.4000,42
RCSDAXOPEN,20201016,88.1000,88.1000,88.1000,88.1000,100
RCSDGP0421,20201016,1031.5000,1031.5000,1031.5000,1031.5000,45
RCSILAOPEN,20201016,94.4000,95.1000,94.4000,94.9000,157
RCSUGAOPEN,20201016,2.4300,2.4300,2.4300,2.4300,152
RCTSLPP1,20201016,23.1000,23.1000,23.1000,23.1000,100
RCTSWHT013,20201016,5.2800,5.2800,5.2800,5.2800,198
RCWHTAOPEN,20201016,5.4300,5.5000,5.4300,5.5000,4113
RCWHTAOPEN1,20201016,16.2200,16.2200,16.1400,16.1400,550
REDAN,20201016,0.1780,0.1900,0.1780,0.1900,12026
REINO,20201016,1.4800,1.4800,1.4800,1.4800,2
RELPOL,20201016,5.0800,5.1800,5.0800,5.1200,21306
REMAK,20201016,10.3500,10.3500,10.3500,10.3500,20
RONSON,20201016,1.3700,1.4300,1.3700,1.4200,11339
ROPCZYCE,20201016,20.0000,20.5000,19.7000,20.5000,2439
RYVU,20201016,55.8000,61.0000,55.8000,60.8000,18688
SANOK,20201016,12.4000,12.5000,12.0500,12.5000,2601
SANPL,20201016,133.0000,137.7000,129.8000,136.7000,66351
SANTANDER,20201016,7.0040,7.4140,7.0040,7.4140,19185
SANWIL,20201016,4.3000,4.5800,4.3000,4.5000,66520
SELENAFM,20201016,13.8000,14.5000,13.8000,14.5000,897
SELVITA,20201016,42.0000,42.5000,41.1000,41.7000,1897
SERINUS,20201016,0.3420,0.3560,0.3400,0.3540,166443
SESCOM,20201016,25.6000,27.0000,25.2000,25.6000,160
SFINKS,20201016,0.3520,0.3760,0.3520,0.3700,12067
SILVAIR-REGS,20201016,9.1100,9.1100,9.1100,9.1100,10
SIMPLE,20201016,10.8000,10.8000,10.6000,10.7000,1462
SKARBIEC,20201016,24.9000,25.8000,24.7000,25.7000,1393
SKOTAN,20201016,1.9100,1.9300,1.8900,1.9300,10450
SLEEPZAG,20201016,0.3100,0.3480,0.3100,0.3480,3555
SNIEZKA,20201016,84.0000,85.4000,84.0000,85.4000,20
SOLAR,20201016,3.6000,3.7400,3.4800,3.7000,7309
SONEL,20201016,9.5000,9.5000,9.5000,9.5000,10
SOPHARMA,20201016,14.0000,14.4000,14.0000,14.4000,1005
STALEXP,20201016,2.7700,2.8500,2.7500,2.7900,168003
STALPROD,20201016,178.8000,178.8000,167.0000,173.0000,4971
STALPROFI,20201016,5.4800,5.4800,5.4000,5.4600,6886
STAPORKOW,20201016,2.6000,2.6000,2.4800,2.4800,7589
STARHEDGE,20201016,0.4310,0.4500,0.4140,0.4500,8071
SUNEX,20201016,4.2000,4.5000,4.0000,4.5000,115663
SUWARY,20201016,16.7000,16.7000,16.7000,16.7000,25
SWISSMED,20201016,3.4000,3.4000,3.1500,3.1500,12663
SYGNITY,20201016,7.5800,7.8000,7.5200,7.7600,19102
SYNEKTIK,20201016,22.8000,25.0000,22.3000,25.0000,9510
TALEX,20201016,10.7000,11.5000,10.7000,11.3000,702
TATRY,20201016,167.0000,168.0000,167.0000,168.0000,42
TAURONPE,20201016,1.9400,2.0160,1.9000,2.0120,2869262
TBULL,20201016,21.1000,23.0000,21.0000,23.0000,6155
TERMOREX,20201016,1.1000,1.1100,1.0200,1.0300,8690
TESGAS,20201016,4.0000,4.0600,3.9600,4.0200,21973
TIM,20201016,12.6500,13.0500,12.6000,13.0500,64855
TORPOL,20201016,10.8000,11.0000,10.6500,10.9000,47704
TOYA,20201016,7.7000,7.7000,7.6600,7.7000,28488
TRAKCJA,20201016,1.5000,1.5000,1.4240,1.4800,120056
TRANSPOL,20201016,2.8800,2.8800,2.8300,2.8300,3120
TRITON,20201016,2.2200,2.2700,2.2200,2.2700,3519
TSGAMES,20201016,640.0000,684.0000,630.0000,674.0000,28598
ULMA,20201016,48.0000,49.4000,45.4000,49.4000,554
ULTGAMES,20201016,27.5000,29.6000,27.5000,28.5000,9237
UNIBEP,20201016,6.7000,6.7200,6.6200,6.7200,2461
UNIMA,20201016,2.8400,2.9400,2.7800,2.9400,735
UNIMOT,20201016,26.0000,28.4000,26.0000,28.4000,46758
URSUS,20201016,0.5000,0.5080,0.4890,0.5080,104109
VENTUREIN,20201016,1.6300,1.6500,1.6300,1.6500,1848
VIGOSYS,20201016,515.0000,545.0000,515.0000,545.0000,582
VINDEXUS,20201016,4.5200,4.7400,4.5000,4.5100,6594
VISTAL,20201016,3.0650,3.3000,2.8250,3.2500,36464
VIVID,20201016,1.6940,1.7800,1.6940,1.7700,36139
VOTUM,20201016,11.8000,11.9000,11.6000,11.8000,5620
VOXEL,20201016,43.0000,45.7000,43.0000,45.6000,2090
VRG,20201016,2.2400,2.2950,2.1800,2.2300,878203
WARIMPEX,20201016,5.2000,5.2800,4.6800,4.6800,1102
WASKO,20201016,1.2500,1.2700,1.2050,1.2300,25481
WAWEL,20201016,534.0000,534.0000,530.0000,534.0000,225
WIELTON,20201016,3.7000,3.8000,3.6500,3.8000,59885
WIKANA,20201016,2.1600,2.1800,2.1600,2.1800,3000
WIRTUALNA,20201016,72.4000,74.8000,69.2000,74.8000,12632
WITTCHEN,20201016,7.1000,7.1000,6.6200,6.9200,4435
WOJAS,20201016,4.0800,4.2600,4.0800,4.2400,3450
WORKSERV,20201016,0.8720,1.0000,0.8720,0.9200,791660
XTB,20201016,15.9000,17.9000,15.9000,17.8000,1215462
XTPL,20201016,70.0000,74.0000,70.0000,74.0000,2994
ZASTAL,20201016,18.4000,20.0000,16.9000,19.5000,3114
ZEPAK,20201016,9.7400,10.1500,9.7400,9.7600,15791
ZPUE,20201016,139.5000,139.5000,135.0000,139.0000,169
ZREMB,20201016,0.7550,0.7800,0.6900,0.7750,25979
ZUE,20201016,3.2400,3.2400,3.1400,3.2400,1110
ZYWIEC,20201016,472.0000,474.0000,472.0000,474.0000,22
INVESTORMS,20201016,3831.1200,3871.5800,3831.1200,3871.5800,356045.622
MWIG40,20201016,3507.6900,3569.8100,3497.4300,3561.8800,269195.761
MWIG40DVP,20201016,63.1100,63.1100,63.1100,63.1100,269195.761
MWIG40TR,20201016,4645.7500,4726.3300,4645.7500,4717.5200,269195.761
SWIG80,20201016,13514.2600,13713.5500,13514.2600,13696.1700,43497.195
SWIG80DVP,20201016,264.8600,264.8600,264.8600,264.8600,43497.195
SWIG80TR,20201016,17450.9100,17685.8100,17450.9100,17685.8100,43497.195
WIG,20201016,47601.9600,48417.9500,47601.0600,48210.1200,2379553.126
WIG-BANKI,20201016,3539.8500,3600.7700,3486.1500,3584.5800,120841.884
WIG-BUDOW,20201016,2868.5600,2931.1000,2849.2800,2862.0200,6075.275
WIG-CEE,20201016,1068.8500,1073.7500,1068.2400,1073.7500,9737.226
WIG-CHEMIA,20201016,6356.9800,6429.9100,6141.4500,6330.8400,8930.053
WIG-ENERG,20201016,1632.8700,1671.3400,1610.6000,1660.7300,24105.840
WIG-ESG,20201016,7743.6900,7838.1700,7711.3800,7814.3600,1027351.415
WIG-GORNIC,20201016,3916.2000,4001.2700,3894.8900,3943.5400,100798.530
WIG-INFO,20201016,3741.7100,3861.9900,3741.7100,3801.3600,21943.468
WIG-LEKI,20201016,6133.5400,6204.3100,5989.3100,6075.1400,62948.307
WIG-MEDIA,20201016,4856.6200,4941.3000,4701.5200,4935.5400,1219.976
WIG-MOTO,20201016,3673.5000,3742.7500,3662.7500,3742.6700,398.816
WIG-NRCHOM,20201016,2081.6000,2108.9400,2081.0600,2103.6900,1367.143
WIG-ODZIEZ,20201016,3649.9200,3742.2200,3561.9500,3604.1300,42787.033
WIG-PALIWA,20201016,3725.7800,3832.9900,3688.6500,3810.9300,85913.066
WIG-POLAND,20201016,48828.0400,49298.2800,48828.0400,49280.7300,2368208.449
WIG-SPOZYW,20201016,2922.9100,2993.7500,2922.9100,2963.1300,10164.837
WIG-TELKOM,20201016,883.0000,888.2700,875.4500,883.0400,70645.173
WIG-UKRAIN,20201016,334.4300,335.5800,334.4300,335.3200,9091.368
WIG.GAMES,20201016,32887.5200,34195.2000,32697.2600,33874.9100,268189.099
WIG.MS-BAS,20201016,8441.7400,8605.4700,8336.0200,8564.6200,120722.950
WIG.MS-FIN,20201016,5402.3500,5463.8700,5277.6700,5440.7100,156460.829
WIG.MS-PET,20201016,5080.9900,5198.2300,5037.3500,5173.7900,93322.220
WIG20,20201016,1635.0200,1665.8000,1635.0200,1655.3600,2052531.546
WIG20DVP,20201016,10.3700,10.3700,10.3700,10.3700,2052531.546
WIG20LEV,20201016,295.2700,306.3800,295.2700,302.5800,2052531.546
WIG20SHORT,20201016,4420.4100,4420.4100,4336.1300,4364.9200,2052531.546
WIG20TR,20201016,3005.5700,3048.0300,3002.7800,3031.8700,2052531.546
WIG30,20201016,1874.0500,1907.5200,1874.0500,1896.1600,2098636.375
WIG30TR,20201016,3392.9700,3431.9800,3392.9700,3427.1600,2098636.375
WIGDIV,20201016,943.2000,961.9900,943.2000,958.4800,105719.144
WIGTECH,20201016,14397.2900,14698.1800,14397.2900,14664.3800,0.000
