06MAGNA,20201215,1.5200,1.5200,1.4600,1.4800,34250
11BIT,20201215,465.0000,475.5000,454.0000,454.0000,9342
4FUNMEDIA,20201215,4.6100,5.0200,4.6100,4.8700,5557
ABPL,20201215,31.2000,31.9000,31.2000,31.5000,1779
ACAUTOGAZ,20201215,36.2000,36.2000,36.0000,36.0000,987
ACTION,20201215,4.9100,5.0800,4.9100,4.9900,12881
ADIUVO,20201215,4.8200,4.9400,4.8200,4.9300,610
AGORA,20201215,6.9000,7.0000,6.8600,6.9000,15306
AGROTON,20201215,4.3500,4.6800,4.1700,4.3200,19693
AIGAMES,20201215,13.7000,13.7000,12.8000,13.0000,10992
AILLERON,20201215,11.4000,13.7500,11.4000,12.3000,60545
AIRWAY,20201215,1.6200,1.7650,1.5700,1.7300,875179
ALIOR,20201215,17.3000,17.5700,17.1200,17.4250,251429
ALLEGRO,20201215,83.6500,86.4000,83.0100,84.9200,1833526
ALTA,20201215,1.3400,1.3400,1.2500,1.2700,8458
ALTUSTFI,20201215,0.8900,0.9180,0.8400,0.8780,40779
ALUMETAL,20201215,45.4000,46.5000,45.4000,46.4000,1860
AMBRA,20201215,18.9000,18.9000,18.2500,18.3000,7868
AMICA,20201215,140.2000,143.6000,140.0000,141.0000,4264
AMREST,20201215,25.4000,26.2500,25.1000,26.1000,141613
APATOR,20201215,22.4000,22.4000,22.2000,22.3000,4773
APLISENS,20201215,11.1000,11.2000,10.2000,11.1000,4592
APSENERGY,20201215,1.6600,1.8500,1.6400,1.8500,58000
ARCHICOM,20201215,20.5000,20.5000,20.1000,20.5000,70684
ARCTIC,20201215,5.3600,5.4800,5.1800,5.1800,141211
ARTERIA,20201215,4.0200,4.0200,3.9000,4.0000,157
ARTIFEX,20201215,8.3600,8.7800,8.2200,8.6000,14967
ASBIS,20201215,6.3000,6.6400,6.3000,6.5400,176708
ASSECOBS,20201215,35.6000,35.8000,35.0000,35.2000,2458
ASSECOPOL,20201215,66.0000,66.8000,66.0000,66.4000,59890
ASSECOSEE,20201215,38.7000,39.4000,38.7000,39.0000,56165
ASTARTA,20201215,22.8000,24.1000,22.8000,23.0000,44251
ATAL,20201215,31.2000,31.8000,31.2000,31.8000,1872
ATENDE,20201215,3.5200,3.5200,3.5200,3.5200,2
ATLANTAPL,20201215,6.2200,6.2600,6.2200,6.2600,815
ATLASEST,20201215,1.3350,1.5000,1.3350,1.5000,30541
ATMGRUPA,20201215,4.0700,4.0700,3.8000,3.9800,2821
ATREM,20201215,2.1500,2.1500,2.1000,2.1000,15962
AUGA,20201215,2.1000,2.1000,2.1000,2.1000,2500
AUTOPARTN,20201215,7.5800,7.7600,7.5800,7.7200,8923
BAHOLDING,20201215,0.8380,0.8390,0.7980,0.7980,1879853
BBIDEV,20201215,3.7500,3.7500,3.6500,3.7000,4997
BEDZIN,20201215,9.9500,9.9500,9.9500,9.9500,611
BENEFIT,20201215,745.0000,777.0000,745.0000,777.0000,1513
BEST,20201215,17.4000,17.4000,17.4000,17.4000,30
BETACOM,20201215,9.8400,9.8400,9.8400,9.8400,62
BETAM40TR,20201215,52.5100,52.5300,52.1500,52.5200,2445
BETAW20LV,20201215,38.1600,39.1700,38.0300,38.6000,2815
BETAW20ST,20201215,376.9000,378.0000,370.6000,372.2000,3147
BETAW20TR,20201215,33.0300,33.4600,32.9000,33.3250,11938
BIK,20201215,14.8000,15.0000,14.1500,15.0000,466
BIOMEDLUB,20201215,10.0500,10.9000,9.8000,10.7000,1464566
BIOTON,20201215,4.2450,4.2850,4.2000,4.2650,61479
BNPPBSK1124,20201215,1005.5000,1005.5000,1005.5000,1005.5000,50
BNPPENDL0422,20201215,994.5000,994.5000,994.5000,994.5000,50
BNPPENDL1121,20201215,1018.0000,1018.0000,1018.0000,1018.0000,150
BNPPGOLD0223,20201215,997.5000,997.5000,997.5000,997.5000,50
BNPPPL,20201215,55.0000,56.6000,54.8000,56.6000,854
BNPPSOGO1021,20201215,1054.0000,1054.0000,1054.0000,1054.0000,10
BNPPSXPP0221,20201215,1024.5000,1030.0000,1024.5000,1030.0000,390
BNPPSXPP0421,20201215,1052.5000,1054.5000,1052.5000,1054.5000,403
BNPPSXPP0624,20201215,112.4000,112.4000,112.4000,112.4000,1870
BOGDANKA,20201215,18.8400,19.2000,18.8400,18.9600,24524
BOOMBIT,20201215,16.0000,16.3000,15.8600,16.2000,10030
BORYSZEW,20201215,3.0350,3.0400,3.0200,3.0200,45972
BOS,20201215,5.9600,6.0800,5.9600,6.0400,3984
BOWIM,20201215,2.4200,2.4800,2.3000,2.4000,8838
BRASTER,20201215,0.4300,0.4480,0.4245,0.4345,73199
BUDIMEX,20201215,278.0000,289.5000,274.5000,289.5000,6504
BUMECH,20201215,1.8150,1.8600,1.8100,1.8300,8033
CCC,20201215,70.1400,74.5000,69.5000,71.8600,410247
CDPROJEKT,20201215,303.8000,316.8000,294.0000,300.0000,2655726
CDRL,20201215,15.3000,16.2500,15.3000,16.0000,1059
CELTIC,20201215,6.6500,6.6500,6.6500,6.6500,900
CEZ,20201215,78.9000,78.9000,78.0000,78.2000,586
CFI,20201215,0.2380,0.2380,0.2260,0.2370,152065
CIECH,20201215,30.8500,31.2500,30.6000,31.2500,82934
CIGAMES,20201215,1.2800,1.2800,1.2520,1.2680,472241
CITYSERV,20201215,7.4000,7.4000,7.4000,7.4000,268
CLNPHARMA,20201215,40.8500,41.9000,40.4500,41.1500,11956
CNT,20201215,13.3000,13.9000,12.9000,13.9000,10143
COALENERG,20201215,0.6200,0.6500,0.6100,0.6100,51648
COGNOR,20201215,1.5000,1.5100,1.4700,1.4950,83069
COMARCH,20201215,194.5000,195.0000,192.5000,192.5000,2638
COMP,20201215,56.0000,56.0000,55.4000,55.8000,2539
COMPERIA,20201215,2.9000,3.0000,2.8800,2.9600,91768
CORMAY,20201215,1.2250,1.2500,1.2050,1.2350,524536
CPGROUP,20201215,6.9800,6.9800,6.7400,6.8000,1922
CYFRPLSAT,20201215,28.0000,28.7200,27.9200,28.7200,326978
CZTOREBKA,20201215,0.7050,0.7500,0.7050,0.7050,17604
DATAWALK,20201215,189.0000,194.0000,189.0000,192.0000,1507
DEBICA,20201215,78.0000,78.0000,76.8000,78.0000,106
DECORA,20201215,31.2000,31.2000,30.4000,30.6000,4514
DEKPOL,20201215,27.8000,27.8000,27.0000,27.8000,8105
DELKO,20201215,15.5000,15.5000,15.2000,15.5000,5907
DEVELIA,20201215,1.9300,1.9360,1.9000,1.9080,1029215
DGA,20201215,4.8200,4.9000,4.8000,4.9000,358
DIGITREE,20201215,6.0000,6.1500,5.5000,5.9000,2179
DINOPL,20201215,262.0000,264.8000,259.2000,261.0000,98760
DOMDEV,20201215,103.0000,104.5000,102.0000,103.5000,4820
DROZAPOL,20201215,1.6500,1.7500,1.6250,1.6300,3779
ECHO,20201215,4.0000,4.0300,3.9600,4.0200,1223409
EDINVEST,20201215,3.9600,4.2600,3.9600,4.2600,5462
EFEKT,20201215,5.1000,5.1000,5.0000,5.1000,17558
EKOEXPORT,20201215,3.3200,3.3200,3.2000,3.2700,24201
ELBUDOWA,20201215,0.8500,0.8600,0.8300,0.8310,53926
ELEKTROTI,20201215,5.9000,6.1000,5.8400,6.1000,1790
ELEMENTAL,20201215,2.4200,2.4200,2.4150,2.4200,12722
ELKOP,20201215,0.2590,0.2710,0.2590,0.2670,90517
ELZAB,20201215,5.7500,6.0000,5.6500,5.9000,15619
EMCINSMED,20201215,14.9000,14.9000,14.8000,14.8000,5
ENAP,20201215,1.4200,1.4200,1.4200,1.4200,2
ENEA,20201215,6.3100,6.5000,6.2150,6.3050,499807
ENELMED,20201215,19.4000,20.0000,19.4000,20.0000,663
ENERGA,20201215,7.9100,7.9300,7.8700,7.9300,120474
ENERGOINS,20201215,0.7500,0.7600,0.7500,0.7600,800
ENTER,20201215,33.5000,35.0000,33.5000,34.5000,5523
ERBUD,20201215,23.4000,24.9000,22.8000,24.9000,7064
ERG,20201215,41.8000,41.8000,40.0000,40.6000,13
ESOTIQ,20201215,13.9500,13.9500,13.7000,13.7000,1003
ETFDAX,20201215,550.6000,557.2000,550.6000,555.2000,262
ETFSP500,20201215,136.6600,137.3200,136.5000,136.8000,4183
ETFW20L,20201215,240.1000,243.0000,240.1000,242.7000,416
EUCO,20201215,4.2800,4.2800,4.0500,4.0500,918
EUROCASH,20201215,14.0900,14.4000,13.9400,13.9700,255592
EUROTEL,20201215,26.6000,26.9000,26.6000,26.9000,1036
FAMUR,20201215,1.9820,2.0800,1.9800,1.9800,1664623
FASING,20201215,10.4500,10.5000,10.4500,10.5000,250
FEERUM,20201215,10.2000,10.2000,9.4600,10.1500,1777
FERRO,20201215,23.7000,23.7000,22.5000,22.5000,1168
FERRUM,20201215,3.1200,3.1400,3.1200,3.1400,1508
FON,20201215,0.1060,0.1100,0.1050,0.1100,138497
FORTE,20201215,38.5000,40.5000,38.5000,39.0000,2196
GAMEOPS,20201215,22.0000,22.4900,21.3000,21.8300,5021
GAMFACTOR,20201215,14.1000,14.4880,14.0000,14.3500,4699
GAMFACTOR-PDA,20201215,14.3000,14.3000,13.5200,13.6020,13590
GETIN,20201215,0.8800,0.8800,0.8510,0.8630,233997
GETINOBLE,20201215,0.2415,0.2415,0.2280,0.2300,1611466
GLCOSMED,20201215,3.8200,3.9800,3.8200,3.9400,141110
GPW,20201215,43.7500,43.8000,43.2500,43.6000,34674
GROCLIN,20201215,1.0500,1.0850,1.0100,1.0200,70109
GRODNO,20201215,11.8500,12.9000,11.8000,12.8000,178040
GRUPAAZOTY,20201215,27.1500,27.1500,26.6000,27.0500,78476
GTC,20201215,6.8000,6.8400,6.7800,6.7800,16310
HANDLOWY,20201215,36.6000,36.6000,36.2000,36.6000,16294
HARPER,20201215,11.3000,11.8000,10.9000,11.5500,44339
HELIO,20201215,11.0000,11.0000,11.0000,11.0000,2
HERKULES,20201215,1.3500,1.3700,1.3500,1.3700,7127
HMINWEST,20201215,11.1000,11.3000,11.1000,11.3000,20
HUBSTYLE,20201215,1.1800,1.2200,1.1500,1.2200,13661
HYDROTOR,20201215,28.4000,28.4000,27.0000,27.0000,1313
IALBGR,20201215,0.2680,0.2940,0.2500,0.2940,32132
IDEABANK,20201215,1.5880,1.6000,1.5500,1.5800,72208
IDMSA,20201215,1.1000,1.2500,1.1000,1.2500,29886
IFIRMA,20201215,5.3200,5.3400,5.3000,5.3200,698
IIAAV,20201215,73.3000,73.3000,73.3000,73.3000,39
IMCOMPANY,20201215,16.4500,16.5000,15.8000,16.3000,10043
IMMOBILE,20201215,2.3900,2.4500,2.3800,2.3900,2612
IMPEL,20201215,13.2500,13.5000,13.1500,13.2000,9159
IMPERA,20201215,2.0000,2.0000,1.8000,1.8800,16787
IMS,20201215,2.5100,2.6200,2.5000,2.5800,10904
INC,20201215,6.8000,7.3800,6.5800,7.2000,68435
INGBSK,20201215,158.8000,159.0000,155.4000,159.0000,4383
INPRO,20201215,4.6400,4.6400,4.6400,4.6400,281
INSTALKRK,20201215,19.3500,19.6500,19.3500,19.5000,1247
INTERAOLT,20201215,15.7500,15.9000,15.6500,15.9000,6733
INTERCARS,20201215,229.0000,230.0000,223.0000,228.0000,3281
INTERSPPL,20201215,1.3500,1.3500,1.3000,1.3000,5175
INTLADS17350,20201215,66.6000,66.6000,65.7000,65.7000,34
INTLALE35055,20201215,27.6500,29.0500,26.7500,28.2500,1163
INTLALE35063,20201215,33.1500,33.1500,33.1500,33.1500,15
INTLALE35071,20201215,34.4500,34.4500,34.4500,34.4500,63
INTLALE36046,20201215,22.5000,24.6500,22.4000,23.2000,977
INTLBCO35238,20201215,54.9000,54.9000,54.9000,54.9000,15
INTLBCO36152,20201215,34.5000,34.5000,34.5000,34.5000,153
INTLBCO36590,20201215,24.7500,26.5500,24.7500,26.5500,85
INTLBCO36608,20201215,30.5000,30.5000,30.5000,30.5000,32
INTLCCC30510,20201215,5.4300,5.4300,5.4300,5.4300,100
INTLCCC36475,20201215,2.3700,2.5200,2.3700,2.4200,22010
INTLCCC36483,20201215,3.2000,3.2000,3.2000,3.2000,550
INTLCDR22285,20201215,20.1000,20.1000,20.1000,20.1000,80
INTLCDR22392,20201215,17.2400,17.2800,17.1400,17.1400,17
INTLCDR22509,20201215,15.8000,17.7600,15.8000,16.7400,391
INTLCDR22517,20201215,18.2000,18.2000,17.3200,17.3200,691
INTLCDR22848,20201215,13.9600,15.4400,13.8600,13.8600,5721
INTLCDR22855,20201215,14.7200,16.2400,14.7200,15.0000,413
INTLCDR22863,20201215,15.1200,15.7800,15.1200,15.7600,3050
INTLCDR23192,20201215,12.2000,13.8200,11.8400,12.7000,9081
INTLCDR23200,20201215,13.0000,14.6600,12.5400,13.2800,11228
INTLCDR28951,20201215,10.4800,12.1000,9.9500,10.5200,44840
INTLCDR28969,20201215,11.3200,12.9600,10.8000,11.5200,2857
INTLDAX29967,20201215,199.6000,199.6000,199.6000,199.6000,2
INTLDAX31872,20201215,104.6000,104.6000,104.6000,104.6000,41
INTLDAX35618,20201215,75.5000,75.5000,75.5000,75.5000,16
INTLDAX35923,20201215,30.9500,34.1500,30.9500,32.9000,1024
INTLDNP34710,20201215,8.6100,8.6100,8.6100,8.6100,200
INTLDNP35493,20201215,5.8300,5.8300,5.8300,5.8300,170
INTLDOW30833,20201215,348.0000,348.0000,348.0000,348.0000,2
INTLDOW35956,20201215,92.5000,92.5000,92.5000,92.5000,15
INTLEUD33860,20201215,27.3000,27.9000,26.9500,27.9000,127
INTLEUR24059,20201215,17.8600,17.8600,17.8600,17.8600,33
INTLEUR27599,20201215,13.8800,13.8800,13.8800,13.8800,67
INTLGBP32250,20201215,20.2000,23.2500,20.2000,23.2500,293
INTLGBP32722,20201215,28.0000,28.0000,28.0000,28.0000,100
INTLGBU31815,20201215,79.8000,79.8000,79.8000,79.8000,66
INTLGBU34850,20201215,28.2500,31.2000,28.2500,30.9500,1190
INTLGLD09746,20201215,228.0000,228.0000,228.0000,228.0000,10
INTLGLD23069,20201215,192.8000,192.8000,192.8000,192.8000,7
INTLGLD24166,20201215,152.6000,152.6000,152.6000,152.6000,50
INTLGLD31310,20201215,86.0000,86.2000,86.0000,86.2000,108
INTLGLD33092,20201215,61.7000,64.4000,61.7000,64.4000,120
INTLGLD33100,20201215,49.5500,54.2000,49.2000,51.4000,1312
INTLHSC30643,20201215,29.7000,29.7000,29.7000,29.7000,46
INTLJSW35386,20201215,12.5800,13.0200,12.3800,13.0200,2239
INTLJSW36020,20201215,10.2000,10.8000,9.9200,10.8000,7692
INTLKGH30353,20201215,130.4000,130.4000,130.4000,130.4000,9
INTLKGH36228,20201215,52.2000,57.5000,52.2000,57.5000,43
INTLKGH36376,20201215,45.7500,45.7500,45.7500,45.7500,750
INTLLTS34702,20201215,18.6400,19.2600,18.6400,19.2600,1590
INTLLTS35360,20201215,21.6000,21.6500,21.6000,21.6500,1000
INTLLTS35378,20201215,23.4500,23.5000,23.4500,23.5000,90
INTLLTS36509,20201215,16.9400,17.3000,16.6000,17.3000,2115
INTLNAG34462,20201215,4.6600,4.6600,4.6600,4.6600,2813
INTLNAG36616,20201215,2.9200,2.9200,2.9200,2.9200,500
INTLNAG36624,20201215,3.4900,3.4900,3.4900,3.4900,132
INTLNDX33167,20201215,98.1000,98.1000,98.1000,98.1000,27
INTLNDX35659,20201215,53.0000,53.0000,53.0000,53.0000,103
INTLNDX36566,20201215,41.5000,41.8500,41.5000,41.5000,169
INTLOPL21626,20201215,2.7900,2.8200,2.7900,2.8200,750
INTLPAL25031,20201215,316.5000,316.5000,316.5000,316.5000,7
INTLPAL25049,20201215,337.0000,337.0000,337.0000,337.0000,9
INTLPAL25072,20201215,357.5000,357.5000,357.5000,357.5000,14
INTLPAL25080,20201215,379.5000,379.5000,379.5000,379.5000,53
INTLPEO29439,20201215,29.3000,29.3000,29.3000,29.3000,34
INTLPEO35824,20201215,19.6400,19.7200,19.5600,19.7200,381
INTLPEO36251,20201215,15.2800,15.3400,14.5400,14.5400,1127
INTLPGE35337,20201215,2.5200,2.5200,2.5200,2.5200,789
INTLPGE35741,20201215,1.7500,1.7500,1.7200,1.7400,5051
INTLPGE35758,20201215,2.0100,2.0100,2.0100,2.0100,2000
INTLPKN04101,20201215,28.7500,29.0500,28.7500,29.0500,143
INTLPKN04119,20201215,31.2500,31.2500,31.2500,31.2500,32
INTLPKN35840,20201215,19.6200,19.6200,19.5200,19.5200,756
INTLPKN35857,20201215,21.5000,21.5000,21.5000,21.5000,68
INTLPKN36392,20201215,10.8800,11.1200,10.6600,10.6600,5378
INTLPKN36418,20201215,15.2200,15.4800,15.2200,15.4800,6000
INTLPKO29405,20201215,13.4200,13.4200,13.4200,13.4200,74
INTLPKO30395,20201215,11.7000,11.7000,11.7000,11.7000,50
INTLPKO35808,20201215,8.1800,8.1800,8.1800,8.1800,1153
INTLPKO36236,20201215,6.2500,6.2500,6.0300,6.0700,1836
INTLPLA29744,20201215,14.8800,14.8800,14.8800,14.8800,20
INTLPLA30270,20201215,13.6000,13.6000,13.6000,13.6000,1000
INTLPLA30916,20201215,12.8200,12.8200,12.8200,12.8200,30
INTLPLA31138,20201215,12.0000,12.3600,12.0000,12.1400,910
INTLPLA31757,20201215,10.1000,10.1000,10.1000,10.1000,1000
INTLPLA35709,20201215,6.8700,6.8700,6.8500,6.8500,221
INTLPLA36178,20201215,6.0700,6.3900,6.0700,6.3900,869
INTLPZU15800,20201215,11.3600,11.4000,11.3600,11.4000,138
INTLPZU35766,20201215,8.2500,8.2700,8.0500,8.0500,607
INTLPZU35980,20201215,5.9900,6.1500,5.9900,6.0600,3080
INTLPZU35998,20201215,7.2500,7.2500,7.2500,7.2500,938
INTLSLV31609,20201215,31.2000,31.2000,31.2000,31.2000,101
INTLSLV33043,20201215,27.3000,27.3000,27.3000,27.3000,5
INTLSLV33340,20201215,13.3200,13.3200,13.0600,13.1000,319
INTLSLV33357,20201215,16.2000,17.0000,16.2000,16.5400,2650
INTLSLV33365,20201215,18.8800,19.1000,18.8800,19.1000,856
INTLSLV36582,20201215,10.8200,11.6400,10.8200,11.6400,1824
INTLSPX31575,20201215,42.3000,42.3000,42.3000,42.3000,10
INTLSPX33894,20201215,28.0000,28.2500,27.8500,27.8500,301
INTLSPX34900,20201215,19.0000,19.3800,19.0000,19.3800,176
INTLSPX35972,20201215,14.3600,15.0000,14.2600,15.0000,2088
INTLUSD20602,20201215,11.5600,11.5600,10.4400,10.4400,1170
INTLUSD20610,20201215,16.5000,16.6200,15.7000,15.7000,896
INTLUSD20826,20201215,21.7500,21.7500,21.5000,21.5000,76
INTLUSD20842,20201215,28.1500,28.1500,27.8000,27.9000,300
INTLW2028647,20201215,12.3200,12.3200,12.3200,12.3200,100
INTLW2029892,20201215,5.5200,5.5200,5.5200,5.5200,500
INTLW2035550,20201215,3.8500,3.8500,3.8500,3.8500,1000
INTLW2036079,20201215,1.9300,2.1900,1.9300,2.1200,5760
INTLW2036517,20201215,1.1700,1.3200,1.1700,1.2600,5726
INTLW2036525,20201215,1.3100,1.4100,1.3100,1.4100,5046
INTLW2036541,20201215,1.8800,1.8800,1.8800,1.8800,550
INTROL,20201215,3.8600,3.8800,3.8200,3.8800,5276
INTSALE35212,20201215,56.8000,57.8000,54.8000,57.4000,1145
INTSALE36285,20201215,43.1500,43.8000,41.1000,42.0500,645
INTSBCO28035,20201215,16.5600,16.5600,14.0400,14.0400,3593
INTSBCO28043,20201215,21.8000,22.1000,20.9000,20.9000,219
INTSBCO28050,20201215,30.9000,30.9000,30.9000,30.9000,5
INTSCCC27698,20201215,3.3900,3.4500,3.3200,3.4500,306
INTSCDR34124,20201215,25.7500,26.4000,24.1000,25.6500,29861
INTSCDR34199,20201215,29.8000,29.8000,28.4000,29.2500,715
INTSDAX25783,20201215,24.7500,24.7500,19.6000,19.9400,28043
INTSDAX25825,20201215,37.5500,37.5500,32.2000,32.5000,1250
INTSDAX26591,20201215,47.0000,47.0000,45.4000,45.4000,226
INTSDAX26609,20201215,59.5000,59.5000,57.5000,57.5000,1402
INTSDAX36111,20201215,72.0000,72.3000,70.8000,70.8000,68
INTSDOW27128,20201215,54.4000,55.2000,52.2000,55.2000,54
INTSDOW33605,20201215,142.4000,142.8000,142.4000,142.8000,20
INTSDOW33613,20201215,179.2000,179.2000,179.2000,179.2000,50
INTSDOW36210,20201215,355.5000,355.5000,355.5000,355.5000,2
INTSESX26021,20201215,18.3200,18.3200,18.3200,18.3200,28
INTSEUD02683,20201215,14.5200,14.5200,13.9000,13.9000,210
INTSEUR29181,20201215,43.9500,43.9500,43.9500,43.9500,100
INTSGBU26971,20201215,30.2500,31.0500,27.6000,28.0500,380
INTSGLD34504,20201215,81.4000,81.4000,81.4000,81.4000,2
INTSGLD36301,20201215,44.0000,44.0000,40.0000,41.1000,284
INTSGLD36319,20201215,61.2000,61.2000,58.0000,58.0000,160
INTSLTS34041,20201215,15.5400,15.6000,15.1000,15.1000,691
INTSNAG27797,20201215,5.4200,5.6200,5.4200,5.6200,1656
INTSNDX33233,20201215,26.0000,26.0000,24.5500,24.5500,341
INTSNDX33241,20201215,39.5000,39.8500,39.5000,39.8500,20
INTSNDX33647,20201215,103.6000,103.6000,103.6000,103.6000,13
INTSPEO32334,20201215,22.3500,22.4000,22.1500,22.4000,214
INTSPGE34157,20201215,1.9100,2.0100,1.9100,2.0100,101
INTSPGN34033,20201215,0.9000,0.9000,0.9000,0.9000,30000
INTSPKN27649,20201215,18.9400,19.4800,18.8200,19.0800,705
INTSPKO26997,20201215,15.7000,15.7400,15.4200,15.4200,166
INTSPLA25544,20201215,5.0600,5.0600,5.0600,5.0600,760
INTSPZU34165,20201215,9.3300,9.3300,9.3300,9.3300,50
INTSSLV34553,20201215,13.2000,13.6400,13.1600,13.6400,332
INTSSLV36343,20201215,7.4100,7.4300,6.6000,6.6000,575
INTSSLV36350,20201215,9.3700,9.3700,9.3700,9.3700,100
INTSSPX34140,20201215,10.3000,10.3400,9.9700,9.9700,1067
INTSSPX34215,20201215,22.0500,22.0500,21.9000,21.9000,320
INTSSPX34439,20201215,35.1000,35.1000,35.1000,35.1000,10
INTSSPX36574,20201215,41.8000,41.8000,41.6500,41.6500,126
INTSUSD36061,20201215,24.9000,24.9500,24.4500,24.9500,221
INTSVOW08904,20201215,20.8500,20.8500,20.8500,20.8500,10
INTSW2019976,20201215,8.9100,8.9100,8.8200,8.8200,200
INTSW2024257,20201215,3.5400,3.5400,3.5400,3.5400,300
INTSW2027060,20201215,2.3000,2.3000,2.3000,2.3000,100
INTSW2027243,20201215,2.0700,2.0700,2.0700,2.0700,487
INTSW2027391,20201215,1.6600,1.6800,1.3600,1.4100,87474
INTSW2027409,20201215,1.9000,1.9000,1.8000,1.8000,8537
INVFIZ,20201215,950.1000,950.1000,947.1000,948.3000,40
INVISTA,20201215,0.3000,0.3000,0.3000,0.3000,4108
INVPEFIZ,20201215,780.1100,809.9900,780.1100,809.9900,8
IPOGPARPA,20201215,115.2000,115.2000,115.2000,115.2000,195
IPOPEMA,20201215,3.7200,3.9800,3.7200,3.9800,5711
ITMTRADE,20201215,0.1350,0.1350,0.1350,0.1350,13455
IZOBLOK,20201215,37.3000,37.4000,37.3000,37.4000,592
IZOLACJA,20201215,1.9600,1.9600,1.9400,1.9400,1157
IZOSTAL,20201215,2.4200,2.4400,2.4100,2.4100,31793
JSW,20201215,26.3000,27.1900,25.7400,27.1000,1112890
JWCONSTR,20201215,3.1400,3.1400,3.0300,3.1400,859
JWWINVEST,20201215,2.7200,2.7200,2.7000,2.7000,2285
K2INTERNT,20201215,24.0000,24.0000,23.2000,23.4000,4529
KCI,20201215,0.7600,0.9180,0.7440,0.8480,1023490
KERNEL,20201215,45.6500,46.4500,45.0500,45.2500,33766
KETY,20201215,449.0000,450.5000,445.0000,447.0000,7001
KGHM,20201215,176.0000,187.0000,175.8500,185.0000,617990
KGL,20201215,16.8000,16.9000,16.5000,16.7500,2887
KINOPOL,20201215,8.1000,8.1000,7.9500,8.1000,4202
KOGENERA,20201215,32.2000,32.4000,32.1000,32.3000,1256
KOMPAP,20201215,11.1000,11.4000,11.1000,11.4000,1062
KOMPUTRON,20201215,2.2700,2.2700,2.1500,2.2100,12308
KPPD,20201215,27.8000,27.8000,27.0000,27.0000,220
KREC,20201215,9.4000,9.4000,8.9600,9.1800,7142
KREDYTIN,20201215,10.5000,10.5000,10.0000,10.4000,35
KRKA,20201215,400.0000,400.0000,398.0000,400.0000,35
KRUK,20201215,135.6000,137.8000,134.8000,136.0000,12360
KRUSZWICA,20201215,65.8000,65.8000,65.8000,65.8000,2917
KRVITAMIN,20201215,17.9000,18.2500,17.5000,17.9500,15741
KSGAGRO,20201215,2.2200,2.3200,2.1400,2.2400,133440
LABOPRINT,20201215,12.1000,12.8000,11.5500,12.5000,944
LARQ,20201215,1.6000,1.6550,1.6000,1.6550,11770
LENA,20201215,3.7200,3.7800,3.7200,3.7200,5566
LENTEX,20201215,11.2000,11.2000,10.8000,10.9500,24529
LIBET,20201215,2.3000,2.3800,2.2600,2.3400,236939
LIVECHAT,20201215,97.4000,98.0000,97.1000,98.0000,34324
LMDSFIZ,20201215,1206.0000,1206.0000,1191.2000,1191.2000,5
LMESFIZ,20201215,1191.2000,1191.2000,1191.2000,1191.2000,12
LOKUM,20201215,12.3500,12.3500,11.9000,12.0500,3063
LOTOS,20201215,42.0000,42.0000,37.8200,41.4000,1319892
LPP,20201215,7200.0000,7295.0000,7160.0000,7250.0000,2436
LSISOFT,20201215,12.3500,12.3500,12.2500,12.3000,1166
LUBAWA,20201215,1.3650,1.4150,1.3450,1.4000,272444
MABION,20201215,21.8000,21.8000,21.2500,21.5000,19494
MAKARONPL,20201215,5.6500,5.6500,5.5500,5.6500,2402
MANGATA,20201215,56.5000,61.5000,55.0000,61.5000,2286
MARVIPOL,20201215,5.0800,5.1400,5.0800,5.1400,4981
MASTERPHA,20201215,4.1000,4.1000,3.9400,4.0900,265
MAXCOM,20201215,12.4000,12.4000,12.0000,12.2000,1327
MBANK,20201215,174.0000,179.9000,173.0000,176.7000,52948
MBWS,20201215,5.7500,5.7500,5.7300,5.7500,501
MCI,20201215,15.5000,15.6000,15.0000,15.4000,8009
MDIENERGIA,20201215,3.3600,3.3700,3.2400,3.3600,1965
MEDICALG,20201215,20.1000,20.8500,20.1000,20.8500,2443
MENNICA,20201215,19.6000,19.6000,19.2000,19.2000,1807
MERCATOR,20201215,346.0000,418.0000,346.0000,410.0000,343281
MERCOR,20201215,10.3000,10.3000,10.0000,10.1500,2196
MEXPOLSKA,20201215,1.4000,1.4000,1.3900,1.3900,3076
MFO,20201215,24.0000,25.0000,24.0000,25.0000,49825
MILKILAND,20201215,0.6434,0.6498,0.6201,0.6498,26042
MILLENNIUM,20201215,3.1500,3.1800,3.0800,3.1600,1374190
MIRACULUM,20201215,1.1150,1.1450,1.1150,1.1450,9329
MIRBUD,20201215,3.3700,3.3700,3.2100,3.3100,386715
MLPGROUP,20201215,81.5000,81.5000,81.5000,81.5000,5
MLSYSTEM,20201215,79.0000,81.0000,79.0000,79.8000,15208
MOBRUK,20201215,208.0000,208.0000,194.0000,202.0000,11640
MOJ,20201215,1.1600,1.1600,1.1600,1.1600,3156
MOL,20201215,27.8000,27.8000,27.2000,27.2000,1378
MONNARI,20201215,1.9700,2.1600,1.9700,2.0800,27508
MOSTALPLC,20201215,8.5400,8.6600,8.5400,8.6600,128
MOSTALWAR,20201215,4.3600,4.4500,4.3600,4.4500,1870
MOSTALZAB,20201215,1.0100,1.0500,1.0000,1.0350,50093
MWTRADE,20201215,1.8100,1.8100,1.7700,1.7700,1740
NANOGROUP,20201215,5.2000,5.8000,5.0000,5.3000,58603
NANOGROUP-PDA,20201215,4.4800,4.9000,4.4800,4.7400,83993
NETIA,20201215,4.4200,4.5000,4.4200,4.5000,26727
NEUCA,20201215,637.0000,643.0000,631.0000,633.0000,1404
NEWAG,20201215,25.1000,25.5000,24.9000,25.0000,1968
NEXITY,20201215,20.4000,20.6000,19.0000,20.2000,1299
NOVATURAS,20201215,13.5000,13.5000,12.5000,12.5000,101
NOVAVISGR,20201215,1.6700,1.6700,1.6200,1.6500,20124
NOVITA,20201215,125.0000,137.0000,125.0000,136.5000,510
NTTSYSTEM,20201215,4.3800,4.3900,4.2700,4.3400,1678
OAT,20201215,47.9000,51.8000,46.7000,50.8000,97212
ODLEWNIE,20201215,4.8800,4.9000,4.8800,4.9000,1361
OEX,20201215,15.9000,15.9000,15.5000,15.5000,626
OPENFIN,20201215,0.9320,0.9320,0.8800,0.8800,28955
OPONEO.PL,20201215,37.7000,38.6000,37.4000,38.2000,3155
OPTEAM,20201215,31.0000,31.2000,30.0000,30.2000,28632
ORANGEPL,20201215,6.4000,6.4450,6.3600,6.4100,1435357
ORCOGROUP,20201215,1.3300,1.3300,1.3300,1.3300,400
ORZBIALY,20201215,11.3000,12.6500,11.3000,12.6500,12065
OTLOG,20201215,3.8200,3.9000,3.7400,3.8000,40313
OTMUCHOW,20201215,1.7000,1.7000,1.6600,1.6600,2743
PAMAPOL,20201215,1.3800,1.4500,1.3800,1.4500,21724
PANOVA,20201215,10.2500,10.7000,10.2500,10.7000,2157
PATENTUS,20201215,0.9800,1.0100,0.9800,1.0100,1570
PBKM,20201215,76.4000,76.4000,72.4000,76.0000,75
PCCEXOL,20201215,3.5000,3.6800,3.5000,3.6500,259896
PCCROKITA,20201215,51.0000,51.2000,50.8000,50.8000,1870
PEKABEX,20201215,16.0500,16.3500,16.0500,16.1000,302
PEKAO,20201215,62.0800,63.2000,61.3000,62.0000,882220
PEMANAGER,20201215,14.9000,14.9000,14.9000,14.9000,656
PEP,20201215,50.6000,51.0000,50.6000,50.8000,2244
PEPEES,20201215,1.3400,1.3400,1.3100,1.3100,1600
PGE,20201215,6.6400,6.6560,6.4360,6.4860,2244896
PGNIG,20201215,5.3680,5.5240,5.3300,5.4880,5880701
PGO,20201215,1.3250,1.3300,1.3100,1.3100,6560
PGSSOFT,20201215,12.7500,13.0000,12.6000,12.9500,10410
PHARMENA,20201215,9.5000,9.7000,9.2600,9.4600,10178
PHN,20201215,11.2000,11.2000,10.6000,10.9000,2612
PKNORLEN,20201215,60.0000,60.4400,59.0600,59.9000,1147012
PKOASZEWZ,20201215,98.1500,99.7800,97.6900,99.7800,495
PKOBP,20201215,28.4700,28.7900,28.3000,28.6900,1789353
PKOGD,20201215,108.5100,108.8000,108.5100,108.8000,605
PKOGS,20201215,91.7900,92.0000,91.7900,92.0000,361
PKPCARGO,20201215,14.1000,14.2000,13.3400,14.0800,187788
PLASTBOX,20201215,1.8800,1.9200,1.8800,1.9100,31637
PLAY,20201215,38.4600,38.7200,38.4600,38.5800,17597
PLAYWAY,20201215,590.0000,614.0000,570.0000,576.0000,6454
PLAZACNTR,20201215,1.6000,1.6500,1.6000,1.6000,1880
PMPG,20201215,1.8000,1.8000,1.8000,1.8000,1267
POLICE,20201215,12.1000,12.3000,12.1000,12.2000,3319
POLIMEXMS,20201215,2.4800,2.5400,2.4300,2.4800,522622
POLNORD,20201215,3.5050,3.5150,3.5050,3.5050,31040
POLWAX,20201215,3.6200,3.6500,3.5800,3.6400,26926
POZBUD,20201215,2.2000,2.2100,2.1200,2.2000,26864
PRAGMAFA,20201215,24.2000,24.2000,24.0000,24.2000,1364
PRAGMAINK,20201215,6.2000,6.2000,5.5800,5.9800,2540
PRAIRIE,20201215,0.5440,0.5460,0.5200,0.5210,303156
PRIMETECH,20201215,1.1700,1.1700,1.1700,1.1700,322
PROCHEM,20201215,18.5000,18.5000,18.4000,18.4000,1480
PROJPRZEM,20201215,16.0000,16.0000,15.8000,15.8000,42
PROTEKTOR,20201215,3.5800,3.6800,3.5200,3.5400,102347
PROVIDENT,20201215,4.4000,4.5000,4.1050,4.4400,20521
PULAWY,20201215,85.0000,86.0000,85.0000,85.6000,333
PUNKPIRAT,20201215,0.6900,0.6950,0.6400,0.6400,217476
PURE,20201215,98.4000,99.8000,97.0000,97.2000,3095
PURE-PDA,20201215,94.0000,95.8000,93.0000,94.6000,6506
PZU,20201215,29.2000,29.2400,28.6200,29.1300,2667569
PZUAKORD,20201215,120.5000,120.5000,120.2000,120.5000,3704
QUERCUS,20201215,3.4100,3.4200,3.3300,3.3900,14388
R22,20201215,33.9000,34.0000,33.6000,33.8000,2106
RADPOL,20201215,2.3000,2.3200,2.2500,2.3200,18980
RAFAKO,20201215,0.9710,1.0180,0.9700,1.0160,496183
RAFAMET,20201215,15.4000,15.4000,15.4000,15.4000,20
RAINBOW,20201215,22.0000,23.3000,22.0000,22.6000,11771
RANKPROGR,20201215,1.8050,1.8050,1.7900,1.7900,11500
RAWLPLUG,20201215,8.7800,8.7800,8.4800,8.5000,332
RCESX7E0621,20201215,689.0000,689.0000,689.0000,689.0000,279
RCFL10GOLD,20201215,7.4800,7.7000,7.3600,7.5900,3544
RCFL10GOLD1,20201215,3.4800,3.4800,3.4800,3.4800,1000
RCFL2GOLD,20201215,89.7000,90.5000,89.7000,90.5000,2
RCFL2OIL,20201215,2.9600,2.9600,2.9400,2.9600,1100
RCFL2PLAT1,20201215,8.9400,9.2700,8.9400,9.2700,155
RCFL2SILVE,20201215,30.2000,30.2000,30.2000,30.2000,66
RCFL2SOY,20201215,8.6600,8.6600,8.6600,8.6600,30
RCFL2SUGA,20201215,1.4200,1.4200,1.4200,1.4200,200
RCFL311B,20201215,3.9300,3.9300,3.9300,3.9300,1000
RCFL3ALR,20201215,0.3700,0.3700,0.3700,0.3700,330
RCFL3CCC1,20201215,19.5000,20.8000,18.7400,19.2600,1355
RCFL3CDPRO1,20201215,30.4500,35.0500,30.4500,30.7500,2724
RCFL3CDPRO2,20201215,2.9100,3.3600,2.7900,2.9200,232253
RCFL3COFF,20201215,0.5000,0.5000,0.5000,0.5000,5000
RCFL3EUH,20201215,0.8200,0.8200,0.8100,0.8100,4000
RCFL3FDX,20201215,129.6000,129.6000,129.6000,129.6000,50
RCFL3GAMES,20201215,46.9500,46.9500,46.9500,46.9500,2
RCFL3GOLD,20201215,59.5000,60.3000,59.5000,60.3000,2
RCFL3JSW,20201215,0.6000,0.6400,0.5700,0.6400,123681
RCFL3JSW1,20201215,21.1000,21.4500,19.9400,21.3500,1002
RCFL3KGH,20201215,10.4800,10.4800,10.4800,10.4800,893
RCFL3LTS1,20201215,0.2800,0.3000,0.2700,0.3000,72117
RCFL3MBK,20201215,1.2700,1.3500,1.2600,1.3300,11308
RCFL3MSFIN,20201215,2.0700,2.0700,1.9700,2.0000,3901
RCFL3OIL2,20201215,1.8700,1.8900,1.8700,1.8900,500
RCFL3OIL3,20201215,0.1800,0.1800,0.1800,0.1800,10
RCFL3OIL4,20201215,0.0500,0.0500,0.0500,0.0500,1000
RCFL3OPL,20201215,5.0200,5.0500,5.0200,5.0500,7931
RCFL3PEO,20201215,1.2300,1.2300,1.2000,1.2000,700
RCFL3PKN,20201215,13.9000,13.9200,13.8400,13.8400,315
RCFL3PKO,20201215,4.8500,4.8600,4.8500,4.8600,1867
RCFL3PLAT1,20201215,5.7800,6.1100,5.7800,6.1100,2801
RCFL3PLW,20201215,10.2800,10.2800,10.2800,10.2800,15
RCFL3PZU,20201215,12.4800,12.4800,12.2400,12.2400,540
RCFL3SILVE,20201215,5.5500,5.8000,5.5500,5.8000,350
RCFL3SILVE3,20201215,15.6800,15.9000,15.6800,15.9000,57
RCFL3SOY,20201215,7.1500,7.1500,7.1500,7.1500,11
RCFL3TEN,20201215,5.1300,5.2200,4.8800,5.0100,8850
RCFL3TPE,20201215,8.5200,8.5200,8.2100,8.3500,4500
RCFL3W20,20201215,30.0000,30.0000,30.0000,30.0000,50
RCFL4CDPRO,20201215,4.0400,4.9000,3.7100,4.0000,249969
RCFL4CDPRO1,20201215,0.6700,0.8300,0.6500,0.7000,266850
RCFL4GAMES,20201215,38.8500,38.8500,34.9000,35.6000,202
RCFL4GOLD,20201215,20.3500,20.3500,20.3500,20.3500,30
RCFL4KGH,20201215,13.4000,13.4000,13.4000,13.4000,100
RCFL4PALL2,20201215,1.0400,1.0400,1.0400,1.0400,1000
RCFL4PGE,20201215,7.2300,7.2500,7.2300,7.2500,4960
RCFL4PGN,20201215,0.5400,0.5400,0.5400,0.5400,10000
RCFL4PLAT2,20201215,10.7400,11.0600,10.7400,11.0600,500
RCFL4PZU1,20201215,8.7400,8.7400,8.7300,8.7300,7000
RCFL4SILVE1,20201215,5.5200,5.5200,5.5200,5.5200,100
RCFL4SILVE2,20201215,7.5300,7.8900,7.5300,7.8900,721
RCFL4SILVE3,20201215,17.4600,17.4600,17.4600,17.4600,113
RCFL5ALE,20201215,19.4000,19.4000,17.4400,18.3800,226
RCFL5COFF4,20201215,8.1000,8.1000,8.1000,8.1000,5
RCFL5GOLD,20201215,19.5600,20.2000,19.5600,20.2000,404
RCFL5MSFIN2,20201215,7.6900,7.6900,7.4500,7.4500,94
RCFL5MWIG40,20201215,1.9700,2.0600,1.9600,2.0600,2301
RCFL5SILVE,20201215,1.1600,1.1600,1.1600,1.1600,500
RCFL5SILVE2,20201215,13.7200,13.7600,13.7200,13.7600,100
RCFL5SUGA2,20201215,19.1800,19.6200,18.9000,19.6200,170
RCFL6GOLD1,20201215,9.2200,9.2200,9.2200,9.2200,100
RCFL6OIL3,20201215,16.9200,16.9200,16.9200,16.9200,292
RCFL6PLAT2,20201215,6.8800,6.8800,6.8800,6.8800,134
RCFL6SILVE,20201215,1.3100,1.3300,1.3100,1.3300,5850
RCFL6SILVE2,20201215,8.3400,8.5500,8.3400,8.5500,1331
RCFL6SUGA,20201215,1.5500,1.5700,1.5100,1.5300,9300
RCFL6W20,20201215,15.8800,16.1400,15.5000,16.1400,5870
RCFL8COFF1,20201215,0.5900,0.5900,0.5000,0.5800,36556
RCFS10GOLD2,20201215,11.6400,11.6400,11.6400,11.6400,527
RCFS2W20,20201215,47.9000,47.9000,47.9000,47.9000,200
RCFS3ALR1,20201215,2.9500,2.9500,2.9500,2.9500,400
RCFS3CDPRO,20201215,5.0000,5.0000,4.0200,4.7000,3914
RCFS3CDPRO1,20201215,0.0100,0.0100,0.0100,0.0100,1000
RCFS3COFF2,20201215,8.0000,8.1500,7.9300,8.1500,221
RCFS3COPP,20201215,1.1500,1.1600,1.1500,1.1600,302
RCFS3FDX,20201215,4.3100,4.3100,4.1800,4.2200,3700
RCFS3GAMES,20201215,1.5700,1.5700,1.5000,1.5000,340
RCFS3KGH,20201215,0.0700,0.0700,0.0700,0.0700,10
RCFS3KGH1,20201215,3.0600,3.0600,2.6000,2.7100,31608
RCFS3LPP,20201215,0.2200,0.2200,0.2200,0.2200,230
RCFS3PEO,20201215,7.8800,7.8800,7.6400,7.8300,300
RCFS3PGE,20201215,0.7200,0.7600,0.7200,0.7600,50100
RCFS3PGN,20201215,3.1200,3.1200,3.1200,3.1200,4552
RCFS3PKO,20201215,2.5400,2.5400,2.5400,2.5400,5002
RCFS3TPE,20201215,0.4000,0.4000,0.3800,0.3800,104115
RCFS3W20,20201215,20.1500,20.1500,20.1500,20.1500,12
RCFS4CDPRO,20201215,0.0100,0.0300,0.0100,0.0300,573
RCFS4CDPRO1,20201215,2.7300,2.9100,2.0400,2.7000,49014
RCFS4KGH1,20201215,1.7800,1.7800,1.4300,1.5000,32338
RCFS4PEO,20201215,5.1500,5.1500,5.1500,5.1500,10
RCFS4PGE,20201215,0.5700,0.5700,0.5300,0.5300,6100
RCFS4PKN,20201215,3.7200,3.7500,3.7200,3.7500,660
RCFS5SUGA,20201215,2.0500,2.0500,2.0500,2.0500,500
RCFS5SUGA1,20201215,1.1300,1.1300,1.1300,1.1300,1000
RCFS6COFF3,20201215,5.2600,5.2600,5.2600,5.2600,30
RCFS6COPP1,20201215,0.9900,0.9900,0.9900,0.9900,7
RCFS6CORN,20201215,1.7300,1.7300,1.7300,1.7300,90
RCFS6SUGA,20201215,0.8700,0.8700,0.8700,0.8700,200
RCFS6W201,20201215,1.4200,1.4600,1.3400,1.4100,53603
RCFS7NAG1,20201215,2.7200,2.8900,2.7200,2.7900,2178
RCFS8COPP1,20201215,0.3600,0.3600,0.3600,0.3600,10000
RCFS8OIL2,20201215,0.4200,0.4200,0.4200,0.4200,15660
RCGLDAOPEN,20201215,695.0000,695.0000,695.0000,695.0000,29
RCGOIL1022,20201215,1032.5000,1032.5000,1032.5000,1032.5000,192
RCGSDGP0821,20201215,999.5000,999.5000,999.5000,999.5000,500
RCGSXHC0422,20201215,1130.0000,1130.0000,1130.0000,1130.0000,39
RCGTECBSK0222,20201215,1099.5000,1099.5000,1099.5000,1099.5000,125
RCLGAMESAOPEN,20201215,291.5000,291.5000,283.5000,283.5000,6
RCLNAGOPEN,20201215,1.3500,1.3500,1.3500,1.3500,12
RCLOILAOPEN,20201215,15.9000,16.0000,15.9000,16.0000,700
RCSBOAOPEN,20201215,7.5000,7.5000,7.5000,7.5000,35
RCSP5AOPEN,20201215,134.4000,134.4000,134.0000,134.0000,20
RCTSOIL023,20201215,1.3000,1.3000,1.2200,1.2300,11178
RCTSTPE4,20201215,0.3500,0.3500,0.3500,0.3500,1
REDAN,20201215,0.1760,0.1930,0.1760,0.1930,6750
REINO,20201215,1.4300,1.4300,1.3400,1.4000,2952
RELPOL,20201215,5.3400,5.3400,5.2200,5.2800,10297
REMAK,20201215,10.1000,10.1000,10.1000,10.1000,1304
RONSON,20201215,1.4000,1.4000,1.3600,1.3800,6217
ROPCZYCE,20201215,23.5000,23.5000,23.5000,23.5000,10
RYVU,20201215,45.8000,47.7000,45.8000,46.3000,11153
SANOK,20201215,18.9000,19.2000,18.9000,19.2000,8792
SANPL,20201215,184.5000,186.3000,182.7000,186.0000,28687
SANTANDER,20201215,11.5000,11.9280,11.5000,11.9100,9800
SANWIL,20201215,2.6800,2.8000,2.5400,2.7000,267043
SECOGROUP,20201215,13.4000,13.9000,13.4000,13.9000,344
SEKO,20201215,9.0000,9.0000,8.9000,8.9000,309
SELENAFM,20201215,17.1000,17.4500,17.1000,17.4000,4656
SELVITA,20201215,45.2000,47.0000,45.2000,46.8000,2081
SERINUS,20201215,0.2120,0.2140,0.2060,0.2140,539989
SESCOM,20201215,28.0000,28.4000,28.0000,28.4000,452
SFINKS,20201215,0.3480,0.3490,0.3210,0.3450,80140
SILVAIR-REGS,20201215,7.6000,7.6000,7.6000,7.6000,2
SILVANO,20201215,6.4800,7.3400,6.4800,7.3400,410
SIMPLE,20201215,12.9000,12.9000,12.7000,12.9000,2050
SKARBIEC,20201215,24.9000,24.9000,24.7000,24.7000,1788
SKOTAN,20201215,1.7000,1.7350,1.6700,1.7250,20089
SKYLINE,20201215,0.7000,0.7000,0.7000,0.7000,200
SLEEPZAG,20201215,0.3060,0.3060,0.3060,0.3060,3493
SNIEZKA,20201215,88.4000,88.4000,87.0000,87.0000,56
SOLAR,20201215,3.8900,3.8900,3.8500,3.8500,956
SONEL,20201215,9.2500,9.2500,9.1000,9.2000,926
SOPHARMA,20201215,9.0000,9.3500,8.8000,8.8000,891
STALEXP,20201215,3.1500,3.2000,3.1100,3.1900,47828
STALPROD,20201215,250.5000,261.0000,248.5000,259.0000,18507
STALPROFI,20201215,7.3800,7.3800,7.0000,7.2800,11605
STAPORKOW,20201215,2.4600,2.5200,2.4600,2.5200,1707
STARHEDGE,20201215,0.4150,0.4400,0.4150,0.4400,3107
SUNEX,20201215,4.5300,4.6500,4.4600,4.6000,26416
SUWARY,20201215,16.6000,16.6000,16.6000,16.6000,5
SWISSMED,20201215,8.3000,8.6000,7.7200,8.3800,33920
SYGNITY,20201215,8.3800,8.3800,8.1000,8.3000,17386
SYNEKTIK,20201215,25.6000,26.7000,25.2000,26.4000,23552
TALEX,20201215,11.6000,11.6000,11.6000,11.6000,102
TAURONPE,20201215,2.5820,2.5940,2.5260,2.5500,3029119
TBULL,20201215,31.8000,32.0000,30.6000,31.9000,2627
TERMOREX,20201215,0.8800,0.8800,0.8800,0.8800,174
TESGAS,20201215,4.3600,4.4200,4.3000,4.4200,4731
TIM,20201215,18.3000,19.0500,18.3000,19.0500,50174
TORPOL,20201215,12.0000,12.0000,11.5500,11.8500,25618
TOWERINVT,20201215,11.7000,12.8000,11.7000,12.2000,7454
TOYA,20201215,5.8800,6.0000,5.8000,6.0000,30662
TRAKCJA,20201215,1.9000,1.9100,1.8600,1.8960,43209
TRANSPOL,20201215,2.7600,2.7700,2.7300,2.7600,2462
TRITON,20201215,2.5200,2.6200,2.3600,2.3600,21351
TSGAMES,20201215,516.0000,517.0000,495.0000,507.0000,24318
ULMA,20201215,46.4000,47.8000,44.8000,46.6000,81
ULTGAMES,20201215,32.0000,32.3000,31.4500,31.5000,10725
UNIBEP,20201215,7.8000,7.8600,7.8000,7.8000,715
UNIMA,20201215,2.8600,2.8600,2.8600,2.8600,130
UNIMOT,20201215,35.8000,36.5000,33.3500,34.3000,51298
URSUS,20201215,0.7070,0.7260,0.6910,0.6920,394489
VENTUREIN,20201215,1.9600,1.9700,1.8500,1.9600,11456
VIGOSYS,20201215,580.0000,580.0000,575.0000,580.0000,416
VINDEXUS,20201215,4.4000,4.4000,4.3000,4.3100,6317
VISTAL,20201215,2.8100,3.0800,2.8100,3.0700,44145
VIVID,20201215,1.5820,1.6400,1.5700,1.6100,52577
VOTUM,20201215,11.2500,11.8500,11.1500,11.2500,10514
VOXEL,20201215,42.5000,42.7000,42.0000,42.4000,288
VRG,20201215,2.8800,2.8800,2.7550,2.7850,73399
WARIMPEX,20201215,4.9700,4.9700,4.9700,4.9700,224
WASKO,20201215,1.2600,1.2600,1.2250,1.2250,10740
WAWEL,20201215,578.0000,578.0000,570.0000,578.0000,65
WIELTON,20201215,5.8500,5.8900,5.7600,5.8200,33131
WIKANA,20201215,2.3400,2.3400,2.2200,2.2800,6401
WIRTUALNA,20201215,81.0000,82.0000,80.2000,81.6000,1752
WITTCHEN,20201215,8.5600,8.8800,8.5400,8.7000,7451
WOJAS,20201215,4.7800,4.9000,4.7600,4.9000,2704
WORKSERV,20201215,1.2960,1.3400,1.2200,1.2760,344861
XTB,20201215,16.2000,16.4500,16.1500,16.3500,199788
XTPL,20201215,73.4000,73.8000,72.2000,72.2000,638
ZAMET,20201215,0.7600,0.7850,0.7550,0.7850,41994
ZASTAL,20201215,29.2000,29.6000,26.4000,29.4000,2259
ZEPAK,20201215,9.4000,9.5000,9.4000,9.4400,617
ZPUE,20201215,140.0000,140.0000,139.5000,140.0000,361
ZREMB,20201215,0.7250,0.7250,0.7000,0.7000,1004
ZUE,20201215,3.5600,3.5600,3.4600,3.5000,6112
ZYWIEC,20201215,484.0000,486.0000,478.0000,478.0000,84
INVESTORMS,20201215,4143.6400,4144.8700,4143.6400,4144.8700,340634.092
MWIG40,20201215,3739.0000,3768.3400,3730.0800,3768.3400,236557.028
MWIG40DVP,20201215,63.1100,63.1100,63.1100,63.1100,236557.028
MWIG40TR,20201215,4952.1100,4990.9700,4945.6700,4990.9700,236557.028
SWIG80,20201215,15317.5700,15414.8600,15315.3100,15383.1100,34417.999
SWIG80DVP,20201215,311.2700,311.2700,311.2700,311.2700,34417.999
SWIG80TR,20201215,19841.9000,19967.4900,19841.9000,19926.8000,34417.999
WIG,20201215,55106.8100,55680.2700,55060.3800,55614.0400,1856486.515
WIG-BANKI,20201215,4705.5400,4751.8500,4679.6100,4734.1500,131370.615
WIG-BUDOW,20201215,3358.3100,3417.3700,3337.7300,3417.3700,8089.028
WIG-CEE,20201215,1213.8600,1213.8600,1203.1200,1203.1200,3796.649
WIG-CHEMIA,20201215,7519.5700,7546.9500,7458.1300,7546.9500,4909.503
WIG-ENERG,20201215,1998.1300,2001.0400,1964.6700,1968.7600,27095.051
WIG-ESG,20201215,9000.8600,9077.4600,8979.6500,9072.7100,1651049.868
WIG-GORNIC,20201215,5426.9900,5751.9500,5426.9900,5694.9500,143086.882
WIG-INFO,20201215,3704.8700,3737.2400,3702.6100,3720.4900,12631.757
WIG-LEKI,20201215,4867.1800,4975.0400,4865.7100,4941.1000,17347.929
WIG-MEDIA,20201215,5434.7500,5492.6900,5398.6100,5468.5500,1227.278
WIG-MOTO,20201215,3876.3900,3906.8200,3833.0800,3883.6600,2610.396
WIG-NRCHOM,20201215,2284.1100,2287.0200,2266.8500,2276.4200,9358.144
WIG-ODZIEZ,20201215,4437.5100,4522.3400,4428.1900,4480.6000,50385.509
WIG-PALIWA,20201215,5006.6500,5060.3700,4973.2800,5040.0400,156610.246
WIG-POLAND,20201215,56708.8000,56872.2500,56585.6200,56872.2500,1851488.518
WIG-SPOZYW,20201215,3445.2400,3466.7200,3388.7600,3399.0900,3832.535
WIG-TELKOM,20201215,916.6200,932.2600,913.2100,932.2600,18628.072
WIG-UKRAIN,20201215,427.8000,427.8000,422.3300,422.3300,3144.423
WIG.GAMES,20201215,28774.1900,29179.4300,28216.6300,28267.3600,827805.845
WIG.MS-BAS,20201215,11139.9800,11383.6300,11115.2400,11325.0600,167983.451
WIG.MS-FIN,20201215,7162.4000,7217.3400,7097.7400,7187.9100,192808.524
WIG.MS-PET,20201215,6633.5400,6720.1400,6566.1400,6695.1700,159320.322
WIG20,20201215,1938.7900,1963.5600,1933.2300,1955.6900,1571134.295
WIG20DVP,20201215,10.3700,10.3700,10.3700,10.3700,1571134.295
WIG20LEV,20201215,409.9600,420.4400,407.6100,417.1100,1571134.295
WIG20SHORT,20201215,3681.6200,3692.1700,3634.6000,3649.5400,1571134.295
WIG20TR,20201215,3551.0300,3594.0600,3541.2900,3581.9500,1571134.295
WIG30,20201215,2242.3600,2267.2300,2238.4900,2263.1600,1604390.104
WIG30TR,20201215,4081.1500,4090.4900,4069.6900,4090.4900,1604390.104
WIGDIV,20201215,1046.1000,1053.6000,1045.6600,1053.4400,121498.477
WIGTECH,20201215,14083.5700,14083.5700,14030.7000,14052.3000,0.000
WIGTECHTR,20201215,14381.2400,14525.3000,14331.1500,14423.0000,0.000
