06MAGNA,20201026,1.7000,1.7400,1.6200,1.6200,276057
11BIT,20201026,470.0000,470.0000,462.0000,467.0000,2285
4FUNMEDIA,20201026,5.1800,5.1800,5.0000,5.1000,259
ABPL,20201026,28.0000,29.0000,28.0000,28.8000,1093
ACAUTOGAZ,20201026,38.0000,38.0000,37.0000,37.0000,301
ACTION,20201026,4.4100,4.4100,4.1800,4.2900,7020
ADIUVO,20201026,6.3000,6.3000,5.9400,6.1600,7185
AGORA,20201026,4.9100,4.9800,4.7200,4.7300,8201
AGROTON,20201026,4.0700,4.0900,3.9100,4.0900,21438
AIGAMES,20201026,20.5000,24.7000,20.3000,24.7000,91361
AILLERON,20201026,7.1000,7.2000,6.7000,6.8800,56782
AIRWAY,20201026,2.7200,2.8200,2.5200,2.5200,1989450
ALIOR,20201026,13.2500,15.4900,12.9900,13.9100,1794405
ALLEGRO,20201026,89.0000,92.8600,85.5000,91.7000,2752483
ALTA,20201026,1.0900,1.0900,1.0600,1.0800,2467
ALTUSTFI,20201026,0.8200,0.8200,0.8080,0.8100,5048
ALUMETAL,20201026,36.1000,36.2000,36.1000,36.1000,366
AMBRA,20201026,17.5500,17.6000,16.8500,17.3000,2663
AMICA,20201026,145.0000,146.0000,143.2000,144.6000,1440
AMREST,20201026,15.6800,15.6800,14.1200,14.3000,345383
APATOR,20201026,19.8000,19.8000,19.6000,19.6000,269
APLISENS,20201026,10.4000,10.5000,10.0000,10.5000,96
APSENERGY,20201026,1.7050,1.7200,1.7000,1.7100,12815
ARCHICOM,20201026,19.0000,19.3000,18.7000,18.8000,15095
ARCTIC,20201026,3.9100,3.9100,3.8600,3.8700,13235
ARTERIA,20201026,4.3000,4.3000,4.3000,4.3000,2
ARTIFEX,20201026,9.3000,9.5000,8.7200,9.5000,10573
ASBIS,20201026,6.4000,6.4500,6.0000,6.1000,272004
ASSECOBS,20201026,32.6000,34.2000,32.4000,34.0000,524
ASSECOPOL,20201026,64.4000,64.9000,63.1000,64.1000,104346
ASSECOSEE,20201026,42.7000,42.7000,41.6000,42.6000,1679
ASTARTA,20201026,21.5000,22.6000,21.1000,21.8000,34286
ATAL,20201026,30.2000,31.0000,30.1000,30.1000,2001
ATENDE,20201026,3.0200,3.0200,2.9200,2.9200,1531
ATLANTAPL,20201026,6.4000,6.4000,6.0000,6.0200,3941
ATLANTIS,20201026,0.6500,0.6820,0.6500,0.6820,10001
ATLASEST,20201026,1.1950,1.1950,1.1950,1.1950,1500
ATMGRUPA,20201026,3.7500,3.9000,3.6200,3.9000,1578
ATREM,20201026,2.0900,2.1000,2.0300,2.0700,5528
AUTOPARTN,20201026,6.9600,7.2800,6.9600,7.0000,27118
BAHOLDING,20201026,0.5100,0.5200,0.4630,0.4895,215579
BBIDEV,20201026,3.7800,3.9000,3.6300,3.7400,73931
BEDZIN,20201026,9.3000,9.3000,8.0500,9.1000,9500
BENEFIT,20201026,615.0000,621.0000,583.0000,607.0000,1688
BETACOM,20201026,11.2500,11.2500,11.2500,11.2500,25
BETAM40TR,20201026,49.0000,49.0000,48.2600,48.2600,2338
BETAW20LV,20201026,27.8600,27.8600,27.5000,27.5000,1422
BETAW20ST,20201026,451.7000,454.4000,449.6000,453.0000,1605
BETAW20TR,20201026,27.9850,28.0050,27.8000,27.8000,1865
BIK,20201026,12.8000,12.8000,12.3500,12.3500,822
BIOMEDLUB,20201026,18.2000,19.1500,17.2000,18.0000,1466009
BIOTON,20201026,4.7000,4.7400,4.6050,4.6850,158606
BNPPBSK10521,20201026,561.5000,561.5000,561.5000,561.5000,10
BNPPPL,20201026,36.7000,36.9000,36.0000,36.0000,423
BNPPSOGO1021,20201026,1046.5000,1046.5000,1046.5000,1046.5000,70
BNPPSOLED1221,20201026,1030.5000,1030.5000,1030.5000,1030.5000,160
BOGDANKA,20201026,16.3600,16.7000,16.2000,16.3000,10765
BOOMBIT,20201026,20.6000,21.5500,20.2500,21.2000,38967
BORYSZEW,20201026,2.8950,2.9200,2.8500,2.9100,29849
BOS,20201026,5.1000,5.1600,5.0000,5.1000,1965
BOWIM,20201026,1.8600,2.0400,1.8500,1.9000,18514
BRASTER,20201026,0.6030,0.6300,0.6010,0.6270,69762
BUDIMEX,20201026,240.0000,249.5000,238.0000,239.5000,1235
BUMECH,20201026,1.9750,1.9750,1.8250,1.9600,1061
CCC,20201026,40.5000,40.5000,38.3800,38.3800,275015
CDPROJEKT,20201026,354.5000,365.6000,354.0000,360.0000,374905
CDRL,20201026,13.2000,13.6000,12.8000,13.5000,1395
CEZ,20201026,75.0000,75.0000,74.0000,74.0000,21
CFI,20201026,0.1980,0.1990,0.1905,0.1970,41730
CIECH,20201026,27.8000,28.2000,27.3000,27.8000,34293
CIGAMES,20201026,1.2500,1.2600,1.2120,1.2560,439773
CITYSERV,20201026,8.4000,8.4000,8.0000,8.0000,1493
CLNPHARMA,20201026,35.2000,35.2000,33.1000,33.3000,32306
CNT,20201026,13.1000,13.3000,11.9000,12.8000,7997
COALENERG,20201026,0.4640,0.4760,0.4500,0.4760,22771
COGNOR,20201026,1.1900,1.1900,1.1050,1.1800,44021
COMARCH,20201026,201.0000,201.0000,197.5000,199.5000,6372
COMP,20201026,58.8000,58.8000,57.4000,57.8000,3020
COMPERIA,20201026,2.4400,2.4400,2.4400,2.4400,300
CORMAY,20201026,1.7000,1.7000,1.5300,1.5700,482494
CPGROUP,20201026,6.1000,6.1000,5.8000,5.8400,5244
CYFRPLSAT,20201026,26.6400,27.0000,25.8200,26.1200,551049
DATAWALK,20201026,175.0000,177.0000,171.0000,174.0000,6653
DEBICA,20201026,72.8000,73.0000,71.4000,71.4000,826
DECORA,20201026,28.3000,28.3000,27.9000,27.9000,1102
DEKPOL,20201026,22.8000,23.4000,22.0000,23.2000,95
DELKO,20201026,14.6000,14.7000,14.1000,14.3000,8775
DEVELIA,20201026,1.6900,1.7000,1.6500,1.6960,55802
DGA,20201026,5.0400,5.0600,4.8200,4.8200,1271
DIGITREE,20201026,5.8500,5.8500,5.6000,5.6000,332
DINOPL,20201026,222.2000,227.0000,219.2000,220.2000,85756
DOMDEV,20201026,96.4000,99.4000,96.4000,96.4000,672
ECHO,20201026,4.0700,4.1500,3.9700,3.9700,103463
EDINVEST,20201026,3.3000,3.3600,3.2000,3.2000,4874
EFEKT,20201026,5.0000,5.0000,4.6400,4.6400,308
EKOEXPORT,20201026,3.1000,3.1000,2.8700,2.9250,72593
ELBUDOWA,20201026,0.7400,0.7550,0.6900,0.7390,27418
ELEKTROTI,20201026,5.2000,5.3400,5.1200,5.2000,3546
ELEMENTAL,20201026,2.3500,2.4000,2.2200,2.3700,20827
ELKOP,20201026,0.2520,0.2520,0.2460,0.2510,44525
ELZAB,20201026,3.7400,3.7800,3.5000,3.7600,1592
EMCINSMED,20201026,18.2000,19.4000,17.1000,18.6000,671
ENAP,20201026,1.3700,1.3700,1.2500,1.2500,13424
ENEA,20201026,5.1600,5.1600,4.9640,5.1100,275942
ENELMED,20201026,15.3000,16.0000,15.3000,16.0000,3715
ENERGA,20201026,8.3050,8.3100,8.3050,8.3050,313581
ENTER,20201026,20.9000,21.0000,20.2000,20.5000,1831
ERBUD,20201026,19.4000,19.4000,18.4000,19.4000,1273
ERG,20201026,38.0000,39.6000,36.8000,39.6000,562
ESOTIQ,20201026,9.3000,9.3000,9.3000,9.3000,461
ETFDAX,20201026,555.0000,555.0000,524.4000,525.0000,1206
ETFSP500,20201026,137.2600,137.2600,134.3200,134.3200,1979
ETFW20L,20201026,203.0000,204.2000,201.9000,201.9000,596
EUCO,20201026,4.3000,4.3000,4.0000,4.2000,6248
EUROCASH,20201026,12.8000,12.8300,12.2800,12.4000,312052
EUROHOLD,20201026,4.2800,4.2800,4.2800,4.2800,13
EUROTEL,20201026,21.3000,21.3000,21.0000,21.1000,1370
FAMUR,20201026,1.5500,1.5640,1.5040,1.5200,99564
FASING,20201026,9.9000,10.2500,9.6000,10.2500,1472
FEERUM,20201026,11.9000,11.9000,10.8000,10.9000,816
FERRO,20201026,18.0000,18.2500,17.8500,17.8500,661
FERRUM,20201026,3.5600,3.5600,3.3000,3.5000,1601
FON,20201026,0.1160,0.1170,0.1100,0.1120,55781
FORTE,20201026,36.4500,36.4500,35.7500,36.0000,14422
GAMEOPS,20201026,25.9900,25.9900,24.4400,24.8000,1271
GAMFACTOR,20201026,17.9500,17.9500,16.2000,16.9000,5870
GAMFACTOR-PDA,20201026,16.1000,16.5000,15.8000,15.8000,2018
GETIN,20201026,0.7500,0.7640,0.7310,0.7580,140249
GETINOBLE,20201026,0.1800,0.1800,0.1702,0.1780,237508
GLCOSMED,20201026,6.7000,6.7000,6.0000,6.1000,83096
GPW,20201026,45.8000,45.8000,45.0000,45.1000,49836
GROCLIN,20201026,0.8400,0.8400,0.8100,0.8340,14924
GRODNO,20201026,9.9200,10.1500,9.7000,9.8000,54607
GRUPAAZOTY,20201026,21.0000,21.0000,20.3000,20.4000,39664
GTC,20201026,5.9000,6.0000,5.7600,5.9000,28157
HANDLOWY,20201026,29.9000,30.2500,29.9000,30.2000,4740
HARPER,20201026,20.7000,20.7000,18.6000,18.6000,128719
HELIO,20201026,10.8000,10.8000,9.9000,9.9000,869
HERKULES,20201026,1.2000,1.2250,1.1400,1.2200,18926
HUBSTYLE,20201026,1.0500,1.0900,0.9550,1.0000,16609
HYDROTOR,20201026,27.0000,28.0000,27.0000,28.0000,1056
I2DEV,20201026,10.4000,10.4000,10.0000,10.0000,819
IALBGR,20201026,0.2740,0.2880,0.2540,0.2600,13923
IDEABANK,20201026,1.5780,1.6000,1.4680,1.5800,130156
IDMSA,20201026,0.9000,0.9200,0.9000,0.9200,1393
IFCAPITAL,20201026,0.7000,0.7000,0.7000,0.7000,8000
IFIRMA,20201026,4.2500,4.3500,4.2500,4.3200,11317
IIAAV,20201026,59.9000,59.9000,59.9000,59.9000,10
IMCOMPANY,20201026,12.4000,12.8000,12.1000,12.7500,13605
IMMOBILE,20201026,2.4900,2.5000,2.3800,2.5000,4845
IMPERA,20201026,1.1000,1.1800,1.1000,1.1800,161341
IMS,20201026,2.1000,2.1500,2.0900,2.0900,9750
INC,20201026,8.4000,8.4200,7.8200,7.9000,59669
INGBSK,20201026,117.0000,117.2000,115.0000,116.0000,3385
INPRO,20201026,4.6000,4.6000,4.4200,4.6000,64
INSTALKRK,20201026,18.8500,19.0000,18.8000,19.0000,2032
INTERAOLT,20201026,15.0000,15.0000,14.8000,14.8000,1502
INTERCARS,20201026,231.0000,231.0000,213.0000,213.0000,6986
INTERSPPL,20201026,0.9600,0.9600,0.9000,0.9040,4454
INTLALE35055,20201026,32.2500,36.2500,29.9000,36.2500,2045
INTLALE35063,20201026,34.1000,38.8500,34.1000,37.7000,732
INTLALE35097,20201026,47.0000,47.0000,47.0000,47.0000,16
INTLBCO31633,20201026,30.0000,31.9500,29.5000,29.5000,1608
INTLBCO31682,20201026,46.4000,46.4000,46.4000,46.4000,20
INTLBCO31914,20201026,26.8000,26.8000,26.8000,26.8000,10
INTLBCO31989,20201026,20.2000,20.2000,20.2000,20.2000,315
INTLBCO32896,20201026,14.7000,16.5000,14.7000,15.7800,3265
INTLBCO34983,20201026,11.5600,12.5600,11.0000,11.0000,61
INTLCCC30510,20201026,2.1500,2.1500,2.1500,2.1500,370
INTLCCC30734,20201026,1.7200,1.7200,1.7200,1.7200,589
INTLCCC31005,20201026,1.2300,1.2600,1.2300,1.2500,6000
INTLCCC31476,20201026,0.6100,0.6100,0.5900,0.5900,1700
INTLCDR23200,20201026,19.3600,19.3600,19.3600,19.3600,35
INTLCDR30478,20201026,11.5200,11.5600,11.5200,11.5400,244
INTLCDR30726,20201026,10.2600,10.4200,10.2200,10.4000,2350
INTLCDR30973,20201026,6.8100,7.8200,6.8100,7.8200,13420
INTLCDR31377,20201026,5.3100,6.2600,5.3100,5.8400,21817
INTLDAX13169,20201026,203.5000,203.5000,194.8000,194.8000,48
INTLDAX29942,20201026,144.6000,144.6000,144.6000,144.6000,8
INTLDAX29967,20201026,163.0000,163.0000,163.0000,163.0000,76
INTLDAX30783,20201026,102.4000,105.0000,95.8000,95.8000,94
INTLDAX31542,20201026,85.1000,85.1000,85.1000,85.1000,100
INTLDAX31559,20201026,92.3000,92.3000,87.2000,87.2000,30
INTLDAX32193,20201026,55.4000,55.4000,48.0000,48.0000,150
INTLDAX32821,20201026,25.2000,26.6000,16.0000,16.5000,17472
INTLDAX32839,20201026,34.1000,37.1000,29.2000,29.2000,504
INTLDAX32847,20201026,44.0500,45.0000,42.9500,42.9500,95
INTLDAX32946,20201026,12.4000,16.0000,10.1600,10.1600,45753
INTLDNP34710,20201026,4.5600,4.5600,4.5600,4.5600,200
INTLEUD33860,20201026,18.7000,19.0800,18.6400,18.6400,177
INTLEUR28324,20201026,24.7500,24.7500,24.7500,24.7500,50
INTLEUR34603,20201026,20.6000,22.0000,20.1000,21.6500,3150
INTLGLD22525,20201026,248.0000,248.0000,248.0000,248.0000,10
INTLGLD30148,20201026,319.5000,319.5000,319.5000,319.5000,17
INTLGLD33100,20201026,77.0000,79.4000,77.0000,79.4000,62
INTLGLD33456,20201026,37.5000,40.3000,37.5000,38.0000,556
INTLGLD33472,20201026,67.5000,67.5000,65.5000,65.5000,100
INTLJSW30569,20201026,10.9200,10.9200,10.6800,10.6800,150
INTLJSW32136,20201026,7.8000,7.8000,7.8000,7.8000,127
INTLJSW32144,20201026,8.4500,8.4500,8.4500,8.4500,236
INTLJSW34744,20201026,3.6000,3.6000,3.0900,3.0900,7375
INTLKGH33944,20201026,32.6500,32.6500,32.6500,32.6500,31
INTLKGH34793,20201026,23.5000,23.5000,23.0500,23.2500,113
INTLLTS34702,20201026,7.0200,7.0200,6.7800,6.7800,98
INTLNAG31732,20201026,3.7500,3.7500,3.7500,3.7500,400
INTLNAG33076,20201026,3.3000,3.3100,3.3000,3.3100,7570
INTLNDX32987,20201026,97.2000,97.2000,93.1000,93.1000,60
INTLNDX33621,20201026,54.1000,54.1000,54.1000,54.1000,5
INTLNDX34892,20201026,32.8500,36.0000,30.2500,30.8500,798
INTLOPL21626,20201026,2.9200,2.9300,2.9200,2.9300,10000
INTLPEO29439,20201026,14.2200,15.0000,14.2200,14.9000,1694
INTLPEO29801,20201026,6.6500,6.6500,6.5000,6.5000,1259
INTLPEO29819,20201026,7.9700,8.5000,7.9500,8.2500,485
INTLPKN04101,20201026,10.5200,10.5200,10.5200,10.5200,28
INTLPKN04119,20201026,12.7200,12.7200,11.9000,11.9000,291
INTLPKN05835,20201026,6.2600,6.2600,5.3600,5.3600,1294
INTLPKO29413,20201026,7.5700,7.8500,7.5700,7.8500,310
INTLPKO30692,20201026,2.4300,2.4300,2.4200,2.4200,586
INTLPLA29744,20201026,10.4400,10.4400,9.6600,9.6600,1484
INTLPLA31757,20201026,5.3000,5.3000,5.3000,5.3000,310
INTLPLA33084,20201026,4.2300,4.2300,4.2300,4.2300,32
INTLPLA34579,20201026,3.6200,3.6200,3.1000,3.1000,3856
INTLPZU15610,20201026,3.2700,3.3500,3.1900,3.2200,4058
INTLPZU15800,20201026,4.4900,4.4900,4.3100,4.3100,3260
INTLSLV30890,20201026,41.4000,41.4000,41.4000,41.4000,23
INTLSLV31971,20201026,31.5500,31.5500,31.5500,31.5500,395
INTLSLV33340,20201026,14.1600,15.0000,14.0000,15.0000,200
INTLSLV33381,20201026,25.7000,26.8000,25.7000,26.8000,81
INTLSLV34959,20201026,7.5800,8.2500,7.5400,8.2500,678
INTLSLV34967,20201026,11.4800,11.4800,11.4800,11.4800,20
INTLSPX31575,20201026,35.7000,35.7000,35.7000,35.7000,8
INTLSPX32862,20201026,26.0000,26.0000,26.0000,26.0000,50
INTLSPX34900,20201026,11.3200,11.3200,10.4000,10.4000,520
INTLTNF34090,20201026,46.3000,46.3000,46.3000,46.3000,54
INTLUSD20602,20201026,33.5500,35.3000,33.5500,35.3000,1950
INTLUSD20610,20201026,38.6500,38.6500,38.6500,38.6500,35
INTLUSD20842,20201026,50.0000,52.1000,50.0000,51.7000,116
INTLUSD21170,20201026,28.4000,29.7000,27.7500,29.7000,162
INTLUSD34256,20201026,22.9000,24.6000,22.8500,24.6000,355
INTLUSD34637,20201026,17.5200,19.4800,17.0600,19.0800,27251
INTLW2028688,20201026,3.3000,3.3000,3.2300,3.2300,524
INTLW2028795,20201026,4.9500,4.9500,4.9500,4.9500,200
INTLW2030577,20201026,1.7500,1.7500,1.7500,1.7500,2154
INTLW2030759,20201026,1.1600,1.1600,1.1500,1.1500,400
INTLW2030767,20201026,1.4600,1.4600,1.3800,1.4200,2770
INTLW2031492,20201026,1.0800,1.0800,0.9600,0.9600,13800
INTLW2031864,20201026,0.8600,0.8600,0.7800,0.8000,51514
INTROL,20201026,3.2400,3.2800,3.0600,3.0600,20367
INTSBCO28027,20201026,45.0000,45.0000,44.0000,44.0000,20
INTSBCO28068,20201026,74.4000,74.4000,74.4000,74.4000,150
INTSBCO28308,20201026,38.8000,38.9500,38.0000,38.0500,768
INTSBCO34447,20201026,25.5000,26.0000,24.0000,25.3500,1839
INTSBCO34454,20201026,30.0000,31.6000,30.0000,31.6000,224
INTSCCC34207,20201026,4.7800,4.8400,4.7100,4.8400,3711
INTSCDR34199,20201026,23.7500,23.7500,23.7500,23.7500,42
INTSCDR34249,20201026,15.5600,15.9000,15.5600,15.8600,6895
INTSCDR34801,20201026,12.9800,12.9800,12.0000,12.4000,2660
INTSDAX25783,20201026,71.0000,76.9000,67.4000,76.9000,1960
INTSDAX25825,20201026,82.1000,89.6000,82.1000,89.6000,101
INTSDAX26591,20201026,96.8000,98.0000,95.0000,98.0000,824
INTSDAX26609,20201026,110.0000,116.0000,110.0000,116.0000,4071
INTSDAX34330,20201026,57.8000,63.7000,54.7000,63.7000,3704
INTSDAX35022,20201026,45.9500,52.8000,42.4000,52.7000,19745
INTSDNP34074,20201026,5.8800,6.4200,5.8800,6.4200,272
INTSDNP34082,20201026,7.8400,8.3200,7.8200,8.2200,2731
INTSDOW24067,20201026,84.9000,99.1000,84.5000,99.1000,187
INTSDOW27128,20201026,144.6000,160.0000,144.6000,160.0000,30
INTSDOW33274,20201026,116.4000,116.4000,116.4000,116.4000,10
INTSESX28878,20201026,19.2000,21.1000,19.1600,20.5000,2595
INTSEUD05033,20201026,54.3000,54.3000,54.3000,54.3000,20
INTSEUD21246,20201026,17.6800,17.6800,17.1000,17.5400,404
INTSEUR28340,20201026,14.6000,14.6000,14.6000,14.6000,4700
INTSEUR29165,20201026,24.5000,24.5000,22.7500,23.2500,915
INTSGLD34504,20201026,67.0000,67.0000,65.0000,65.4000,192
INTSNAG27797,20201026,2.9700,2.9700,2.9700,2.9700,40
INTSNDX33225,20201026,51.9000,56.0000,47.9000,56.0000,14095
INTSNDX33258,20201026,96.5000,101.0000,96.5000,101.0000,30
INTSNDX33647,20201026,152.6000,152.6000,152.6000,152.6000,20
INTSNKX27086,20201026,82.2000,82.2000,82.2000,82.2000,25
INTSOPL09423,20201026,2.5000,2.5000,2.5000,2.5000,640
INTSPGE34157,20201026,3.0300,3.1300,3.0300,3.1300,11200
INTSPKN34173,20201026,27.3500,27.3500,27.3500,27.3500,100
INTSPKO32300,20201026,9.9300,9.9300,9.9300,9.9300,31
INTSPLA34488,20201026,6.5600,6.6600,6.4100,6.6600,120
INTSPLA34587,20201026,4.4800,5.1000,4.4800,5.0500,1070
INTSSLV34553,20201026,14.5200,14.6800,14.5200,14.6800,19
INTSSLV35030,20201026,9.9900,9.9900,9.9900,9.9900,100
INTSSPX34140,20201026,21.0500,22.6500,21.0500,22.6500,933
INTSSPX34413,20201026,14.9800,16.4800,14.8400,16.4600,1438
INTSTNF34108,20201026,33.6000,33.6000,33.6000,33.6000,50
INTSUSD33589,20201026,16.0800,16.8000,16.0800,16.8000,1000
INTSUSD34843,20201026,10.4600,10.4600,10.4600,10.4600,90
INTSW2028464,20201026,3.1700,3.2900,3.1500,3.2400,6330
INTSW2028472,20201026,3.7800,3.7800,3.7600,3.7600,9257
INTSW2034264,20201026,2.0000,2.1200,2.0000,2.1200,36023
INTSW2034272,20201026,2.2800,2.3500,2.2800,2.3500,940
INTSW2034280,20201026,2.5500,2.5500,2.5000,2.5000,20190
INTSW2034306,20201026,3.0600,3.0900,2.9500,3.0500,3120
INTSW2034991,20201026,1.4000,1.4900,1.3400,1.4300,61151
INTSW2035006,20201026,1.5800,1.6800,1.5800,1.6800,1950
INTSW2035014,20201026,1.8300,1.9000,1.7600,1.8200,3584
INVFIZ,20201026,946.0000,946.0000,932.1000,932.1000,28
IPOPEMA,20201026,3.7600,3.7600,3.5000,3.6400,4699
ITMTRADE,20201026,0.1410,0.1410,0.1240,0.1400,9910
IZOBLOK,20201026,29.1000,29.5000,28.7000,29.4000,848
IZOLACJA,20201026,1.4700,1.4700,1.4700,1.4700,508
IZOSTAL,20201026,2.0600,2.0700,2.0500,2.0500,7489
JSW,20201026,20.4800,20.4900,18.8450,18.8450,760987
JWCONSTR,20201026,2.9800,2.9800,2.8200,2.8300,1218
JWWINVEST,20201026,2.4400,2.4400,2.4400,2.4400,25
K2INTERNT,20201026,18.6000,19.3000,17.0000,18.0000,2459
KCI,20201026,0.6800,0.6880,0.6800,0.6880,18200
KERNEL,20201026,40.3500,40.3500,38.7500,39.4000,27000
KETY,20201026,482.0000,482.0000,466.5000,470.0000,6888
KGHM,20201026,125.1000,126.7500,124.0500,125.0000,424064
KGL,20201026,16.6500,16.6500,16.0000,16.0000,5504
KINOPOL,20201026,6.6000,6.6000,6.3000,6.5000,10705
KOGENERA,20201026,31.2000,31.6000,31.2000,31.2000,3262
KOMPAP,20201026,7.4500,7.8000,7.4500,7.5000,3703
KOMPUTRON,20201026,1.4850,1.5900,1.4400,1.5000,4775
KREC,20201026,6.6200,7.0000,6.6200,7.0000,235
KREDYTIN,20201026,11.5000,11.5000,11.5000,11.5000,10
KRKA,20201026,376.0000,376.0000,360.0000,373.0000,124
KRUK,20201026,137.4000,139.8000,133.0000,135.2000,12569
KRUSZWICA,20201026,53.4000,53.6000,52.6000,53.4000,1235
KRVITAMIN,20201026,30.0000,30.8000,27.0000,28.2000,24882
KSGAGRO,20201026,1.0500,1.3000,1.0500,1.3000,112013
LABOPRINT,20201026,10.0500,10.0500,10.0500,10.0500,10
LARQ,20201026,2.2000,2.3500,2.1200,2.3500,13489
LENA,20201026,3.4000,3.4000,3.3500,3.3500,6064
LENTEX,20201026,9.3000,9.3800,9.0000,9.2200,17129
LIBET,20201026,2.1000,2.1800,2.0800,2.1800,13778
LIVECHAT,20201026,99.6000,103.8000,99.6000,103.8000,50947
LMDSFIZ,20201026,1110.0200,1110.0200,1110.0100,1110.0100,8
LOKUM,20201026,11.9500,11.9500,11.9500,11.9500,2
LOTOS,20201026,28.8000,29.3500,28.3300,28.3700,415792
LPP,20201026,5635.0000,5745.0000,5315.0000,5405.0000,2855
LSISOFT,20201026,12.0000,12.4000,12.0000,12.4000,791
LUBAWA,20201026,1.4600,1.5350,1.4400,1.4800,1068838
MABION,20201026,25.8500,25.8500,23.8000,23.8500,38739
MAKARONPL,20201026,5.9000,5.9500,5.7500,5.9500,2303
MANGATA,20201026,46.0000,46.0000,43.0000,44.8000,348
MARVIPOL,20201026,5.0000,5.0000,4.8500,4.8900,5176
MASTERPHA,20201026,4.2000,4.2800,4.2000,4.2800,909
MAXCOM,20201026,10.9000,10.9000,10.4000,10.4000,1723
MBANK,20201026,147.1000,152.6000,147.1000,151.2000,44859
MBWS,20201026,6.4200,6.4200,5.9000,5.9000,1677
MCI,20201026,15.1000,15.1000,14.7500,14.8000,15181
MDIENERGIA,20201026,3.8800,3.8900,3.7000,3.8200,20625
MEDIACAP,20201026,1.9000,1.9000,1.9000,1.9000,1000
MEDICALG,20201026,20.8500,21.0000,20.0000,21.0000,9485
MENNICA,20201026,18.0000,18.3000,18.0000,18.3000,1406
MERCATOR,20201026,620.0000,620.0000,594.0000,600.0000,39002
MERCOR,20201026,9.5600,9.5600,9.1400,9.2800,2500
MEXPOLSKA,20201026,1.1300,1.1300,1.1100,1.1300,2185
MFO,20201026,20.2000,20.2000,18.3000,18.3000,1302
MILKILAND,20201026,0.5851,0.6480,0.5851,0.6480,5200
MILLENNIUM,20201026,2.3780,2.4400,2.3660,2.4300,755139
MIRACULUM,20201026,1.1300,1.1300,1.0900,1.1200,1330
MIRBUD,20201026,2.0900,2.1500,1.9900,2.0000,127395
MLPGROUP,20201026,75.0000,77.0000,74.0000,77.0000,53028
MLSYSTEM,20201026,72.0000,72.0000,69.2000,69.8000,16891
MOBRUK,20201026,300.0000,300.0000,292.0000,300.0000,199
MOJ,20201026,1.3200,1.3200,1.3200,1.3200,13921
MOL,20201026,20.2000,20.2000,20.1000,20.1000,287
MONNARI,20201026,1.4800,1.4800,1.4100,1.4400,11737
MOSTALPLC,20201026,7.7800,7.8000,7.7800,7.8000,950
MOSTALWAR,20201026,4.1100,4.1100,4.0000,4.1000,14114
MOSTALZAB,20201026,0.8720,0.8760,0.8500,0.8680,38563
MUZA,20201026,2.5200,2.5200,2.5200,2.5200,1100
MWTRADE,20201026,1.7000,1.7000,1.6400,1.6400,650
NANOGROUP,20201026,8.2000,8.9000,7.6000,7.6000,100421
NETIA,20201026,4.5200,4.5400,4.4700,4.5400,136219
NEUCA,20201026,530.0000,531.0000,525.0000,530.0000,1948
NEWAG,20201026,23.7000,24.0000,23.6000,23.6000,1285
NEXITY,20201026,18.8000,18.9000,17.1000,18.1000,1295
NOVAVISGR,20201026,1.8400,1.8400,1.7000,1.7000,9221
NOVITA,20201026,130.0000,130.0000,126.0000,129.0000,618
NTTSYSTEM,20201026,2.7500,2.7500,2.6200,2.6200,3650
OAT,20201026,18.6000,18.8000,17.5000,17.5500,16698
ODLEWNIE,20201026,4.1500,4.2000,4.1000,4.1000,1673
OEX,20201026,15.4000,15.4000,15.0000,15.0000,481
OPENFIN,20201026,0.7700,0.7700,0.7140,0.7140,400
OPONEO.PL,20201026,31.7000,31.7000,30.8000,31.3000,2822
OPTEAM,20201026,26.6000,27.0000,26.4000,27.0000,3306
ORANGEPL,20201026,6.6800,6.6950,6.4150,6.4900,1213535
ORCOGROUP,20201026,1.0000,1.0000,0.9600,0.9600,11150
ORZBIALY,20201026,10.6500,10.6500,10.3000,10.6500,386
OTLOG,20201026,4.6000,4.6400,4.5600,4.6200,23642
OTMUCHOW,20201026,1.3200,1.3200,1.3200,1.3200,5
OVOSTAR,20201026,63.5000,63.5000,63.5000,63.5000,1
PAMAPOL,20201026,1.3800,1.4200,1.3600,1.3700,34028
PANOVA,20201026,9.6400,10.0000,9.1000,9.9000,927
PATENTUS,20201026,0.9380,0.9380,0.9140,0.9300,2095
PBKM,20201026,75.2000,75.2000,75.2000,75.2000,7
PCCEXOL,20201026,4.6000,4.6500,4.0000,4.0400,637236
PCCROKITA,20201026,45.6000,45.6000,44.8000,45.0000,5937
PEKABEX,20201026,13.4000,13.8000,13.4000,13.8000,1333
PEKAO,20201026,47.4100,48.2000,47.3600,47.8800,392268
PEMANAGER,20201026,12.9500,13.8000,12.4500,13.7000,6212
PEP,20201026,44.7000,45.8000,44.6000,44.6000,14210
PEPEES,20201026,1.3500,1.3500,1.2900,1.3500,293
PGE,20201026,5.2460,5.4400,5.1200,5.4180,1689400
PGNIG,20201026,4.6520,4.7080,4.5680,4.5680,2254325
PGO,20201026,0.9900,1.0000,0.9400,0.9400,14976
PGSSOFT,20201026,10.8000,11.0000,10.7500,10.7500,2460
PHARMENA,20201026,24.0000,24.0000,18.0000,18.0000,447684
PHN,20201026,9.5400,9.6000,9.3800,9.4600,6204
PKNORLEN,20201026,41.2800,41.5800,40.1200,40.1200,831604
PKOASZEWZ,20201026,96.5300,96.5500,96.5200,96.5400,492
PKOBP,20201026,20.8000,21.0800,20.7000,20.8500,1410476
PKOGD,20201026,101.8000,101.8000,101.8000,101.8000,185
PKOGS,20201026,91.0000,91.0000,91.0000,91.0000,100
PKPCARGO,20201026,9.9900,10.0600,9.8400,9.9200,12738
PLASTBOX,20201026,1.7850,1.7850,1.7400,1.7700,11765
PLAY,20201026,38.7200,38.7800,38.6800,38.7400,2120025
PLAYWAY,20201026,570.0000,575.0000,541.0000,545.0000,5493
PLAZACNTR,20201026,1.7600,1.7600,1.7000,1.7000,550
PMPG,20201026,1.8500,1.8500,1.8500,1.8500,450
POLICE,20201026,11.5000,11.9000,11.5000,11.9000,368
POLIMEXMS,20201026,1.9700,1.9800,1.9480,1.9780,109073
POLNORD,20201026,2.9700,3.0250,2.9450,3.0250,354
POLWAX,20201026,2.7000,2.7100,2.6700,2.6700,9561
POLWAX-PDA,20201026,2.7100,2.7100,2.6100,2.7000,3610
POZBUD,20201026,1.9800,1.9800,1.9100,1.9100,20904
PRAGMAFA,20201026,19.0000,20.8000,18.7000,19.6000,11212
PRAGMAINK,20201026,7.2000,7.7000,7.1000,7.7000,1212
PRAIRIE,20201026,0.5400,0.5400,0.5100,0.5250,243875
PRIMETECH,20201026,0.9700,0.9700,0.9700,0.9700,168
PROCHEM,20201026,18.5000,18.5000,18.5000,18.5000,10
PROJPRZEM,20201026,16.6500,16.6500,16.6500,16.6500,2
PROTEKTOR,20201026,4.4400,4.4400,4.2600,4.2600,30283
PROVIDENT,20201026,3.4000,3.4000,3.2950,3.3100,96280
PULAWY,20201026,75.8000,75.8000,75.0000,75.0000,413
PUNKPIRAT,20201026,0.5950,0.5950,0.5500,0.5500,59119
PZU,20201026,22.1000,22.2500,21.8000,21.8300,2056444
QMULTIFIZ,20201026,1161.0000,1161.0000,1161.0000,1161.0000,10
QUERCUS,20201026,3.3800,3.3800,3.2500,3.2500,79225
R22,20201026,31.8000,31.8000,31.0000,31.1000,27809
RADPOL,20201026,2.1900,2.2200,2.1900,2.2000,20623
RAFAKO,20201026,0.6600,0.6700,0.6400,0.6600,184040
RAFAMET,20201026,14.0000,14.0000,14.0000,14.0000,3
RAINBOW,20201026,9.9400,10.2500,9.8200,10.1500,26301
RANKPROGR,20201026,1.4500,1.4950,1.4200,1.4950,11975
RAWLPLUG,20201026,7.9000,7.9000,7.7800,7.8000,184
RCCOFFAOPEN1,20201026,2.6700,2.6900,2.6700,2.6800,38500
RCFL10GOLD,20201026,15.5000,15.5000,15.5000,15.5000,10
RCFL10SILVE2,20201026,0.6500,0.6500,0.6500,0.6500,30
RCFL2COFF3,20201026,7.7600,7.7600,7.7600,7.7600,1500
RCFL2CORN2,20201026,12.5200,12.5200,12.5200,12.5200,135
RCFL2PZU1,20201026,5.3500,5.3500,5.3500,5.3500,38
RCFL3ALR1,20201026,5.7600,6.9800,5.1200,5.3100,10520
RCFL3CCC1,20201026,3.8000,3.9300,3.5900,3.5900,1584
RCFL3CDPRO1,20201026,65.9000,70.4000,65.9000,70.1000,198
RCFL3COFF1,20201026,4.9900,4.9900,4.9900,4.9900,50
RCFL3COFF3,20201026,5.9000,5.9000,5.9000,5.9000,2000
RCFL3COPP,20201026,14.1800,14.1800,14.1800,14.1800,100
RCFL3GOLD1,20201026,13.3800,13.3800,13.3800,13.3800,150
RCFL3JSW,20201026,0.3700,0.3700,0.3200,0.3200,138624
RCFL3JSW1,20201026,12.3800,12.3800,11.1000,11.4200,465
RCFL3LPP,20201026,42.8000,43.0500,42.8000,43.0500,220
RCFL3LPP1,20201026,4.8700,4.8800,4.8700,4.8800,270
RCFL3LTS1,20201026,0.1200,0.1300,0.1200,0.1200,59590
RCFL3OIL2,20201026,1.1800,1.3200,1.1800,1.3200,75
RCFL3PEO,20201026,0.6200,0.6500,0.6200,0.6400,22996
RCFL3PGE,20201026,0.1200,0.1200,0.1200,0.1200,10
RCFL3PGE1,20201026,7.5000,7.5000,7.5000,7.5000,1000
RCFL3PKN,20201026,5.3400,5.3400,5.0200,5.0200,1998
RCFL3PLAT2,20201026,8.9300,8.9300,8.3300,8.3700,4410
RCFL3PLW,20201026,10.5400,10.5400,9.7500,9.7500,450
RCFL3PZU,20201026,5.8000,5.9400,5.7200,5.7200,1650
RCFL4CDPRO,20201026,30.8000,32.8500,30.8000,31.0000,826
RCFL4CDPRO1,20201026,5.3600,5.4600,5.2100,5.2100,1215
RCFL4GAMES,20201026,72.0000,72.0000,72.0000,72.0000,16
RCFL4KGH,20201026,3.7500,3.7500,3.7500,3.7500,392
RCFL4PKN1,20201026,0.9300,0.9300,0.9300,0.9300,3200
RCFL4PZU,20201026,0.2200,0.2400,0.2200,0.2400,6500
RCFL4SILVE2,20201026,9.4500,9.8500,9.4500,9.8500,419
RCFL4SOY,20201026,11.8400,11.8400,11.8400,11.8400,10
RCFL5ALE,20201026,25.9000,28.8500,25.8000,28.6500,845
RCFL5SOY,20201026,11.0000,11.0000,11.0000,11.0000,3
RCFL5SUGA1,20201026,1.3700,1.3700,1.3600,1.3600,2600
RCFL5WHT,20201026,6.1300,6.1300,6.1300,6.1300,4
RCFL5WHT1,20201026,2.7700,2.7700,2.7700,2.7700,38
RCFL6CORN,20201026,2.2600,2.3200,2.2600,2.3200,5000
RCFL6FW201,20201026,0.3100,0.3100,0.3100,0.3100,1000
RCFL6OIL3,20201026,7.1000,7.1000,6.9400,6.9400,360
RCFL6SILVE,20201026,1.9500,1.9500,1.9500,1.9500,1200
RCFL6SILVE2,20201026,12.4800,12.5200,12.4800,12.5200,1478
RCFL6SUGA,20201026,2.2200,2.3000,2.1700,2.3000,6800
RCFL6W20,20201026,6.8700,6.8700,6.5700,6.5700,2324
RCFL6WHT,20201026,15.2200,15.2200,15.2200,15.2200,3
RCFL8COFF1,20201026,0.3300,0.3300,0.3300,0.3300,33427
RCFL8COPP1,20201026,4.3400,4.3400,4.0000,4.0000,300
RCFS2PALL4,20201026,3.8700,3.8700,3.8700,3.8700,400
RCFS2PKN,20201026,6.7500,7.0000,6.7500,7.0000,733
RCFS3ALR,20201026,45.8500,52.0000,45.8500,52.0000,40
RCFS3ALR1,20201026,10.2200,10.2200,5.0300,9.0100,4950
RCFS3CCC,20201026,0.2700,0.2900,0.2700,0.2900,12500
RCFS3CCC1,20201026,15.1000,15.8600,15.1000,15.8400,9623
RCFS3FDX,20201026,5.8200,6.0000,5.8200,6.0000,5
RCFS3KGH,20201026,0.2100,0.2100,0.2100,0.2100,75000
RCFS3LPP,20201026,0.9000,0.9000,0.9000,0.9000,2500
RCFS3LPP1,20201026,14.7600,14.7600,14.7600,14.7600,100
RCFS3MWIG40,20201026,10.1600,10.3200,9.9800,10.3200,1890
RCFS3OIL4,20201026,10.3400,10.3400,10.3400,10.3400,120
RCFS3PGE,20201026,2.3100,2.3100,2.1600,2.1600,2369
RCFS3TPE,20201026,1.1400,1.1400,1.1100,1.1100,18600
RCFS3W20,20201026,38.0000,38.0000,37.8500,37.8500,113
RCFS4CDPRO1,20201026,2.6200,2.6400,2.6200,2.6400,700
RCFS4ESX,20201026,0.5400,0.5400,0.5400,0.5400,2000
RCFS4KGH1,20201026,11.9000,11.9000,11.3000,11.3000,776
RCFS4LPP,20201026,20.3000,20.3000,18.5400,18.5400,200
RCFS4OIL4,20201026,10.0200,10.0200,10.0200,10.0200,300
RCFS4PEO,20201026,23.6500,23.6500,23.1000,23.1000,150
RCFS4PGN,20201026,1.6400,1.8200,1.6400,1.8200,16299
RCFS5FW20,20201026,6.2700,6.2700,6.2700,6.2700,704
RCFS5FW202,20201026,4.6500,4.6800,4.5500,4.6500,30300
RCFS5NAG3,20201026,4.7300,4.7300,4.7300,4.7300,2200
RCFS5SUGA,20201026,2.2400,2.3400,2.2400,2.3400,7350
RCFS6FW201,20201026,6.0800,6.3300,6.0800,6.3300,467
RCFS6GASO3,20201026,7.7200,7.7200,7.7200,7.7200,20
RCFS6W201,20201026,5.2600,5.5200,5.2600,5.4400,4630
RCFS6WHT2,20201026,2.4500,2.4500,2.4500,2.4500,1000
RCLNAGOPEN,20201026,1.8200,1.8200,1.8200,1.8200,300
RCLOILAOPEN1,20201026,154.0000,154.0000,154.0000,154.0000,6
RCRBSPX1122,20201026,668.0000,668.0000,668.0000,668.0000,200
RCSDAXOPEN,20201026,92.0000,93.0000,92.0000,93.0000,50
RCTSKRU1,20201026,4.8000,4.9400,4.8000,4.9400,700
REDAN,20201026,0.1840,0.1840,0.1710,0.1800,6871
REINO,20201026,1.4800,1.4800,1.4000,1.4000,470
RELPOL,20201026,5.1800,5.2400,5.0400,5.0400,16956
REMAK,20201026,10.2000,10.3000,10.2000,10.2500,867
RONSON,20201026,1.4000,1.4500,1.3850,1.3850,22031
ROPCZYCE,20201026,19.9000,19.9000,19.7000,19.7000,431
RYVU,20201026,54.6000,54.8000,51.0000,52.0000,39884
SANOK,20201026,12.7500,12.8000,12.4000,12.7000,23185
SANPL,20201026,132.3000,135.9000,131.7000,133.7000,70954
SANTANDER,20201026,7.7900,7.9150,7.7900,7.9000,6225
SANWIL,20201026,4.8600,5.0500,4.6800,4.6800,176311
SECOGROUP,20201026,14.0000,14.0000,14.0000,14.0000,65
SEKO,20201026,8.6000,8.6000,8.6000,8.6000,230
SELENAFM,20201026,15.3500,15.3500,14.5000,14.5000,12
SELVITA,20201026,41.1000,42.5000,41.0000,42.5000,2243
SERINUS,20201026,0.3420,0.3500,0.3400,0.3500,185423
SESCOM,20201026,27.8000,27.8000,27.8000,27.8000,3
SFINKS,20201026,0.2500,0.2750,0.2250,0.2400,309011
SILVAIR-REGS,20201026,8.3000,8.4000,8.3000,8.4000,1092
SILVANO,20201026,6.4400,6.4400,6.4400,6.4400,150
SIMPLE,20201026,10.9000,10.9000,10.7000,10.9000,845
SKARBIEC,20201026,25.3000,25.3000,24.5000,24.5000,1545
SKOTAN,20201026,1.8400,1.9300,1.8400,1.9200,21906
SKYLINE,20201026,0.7100,0.7100,0.7100,0.7100,20
SLEEPZAG,20201026,0.3280,0.3280,0.3280,0.3280,2000
SNIEZKA,20201026,90.0000,90.8000,90.0000,90.8000,5
SOLAR,20201026,3.4000,3.4000,3.1000,3.2000,26416
SOPHARMA,20201026,13.5000,15.0000,12.8000,14.0000,2498
STALEXP,20201026,2.7900,2.7900,2.7200,2.7500,21583
STALPROD,20201026,176.0000,176.2000,172.4000,172.4000,208
STALPROFI,20201026,4.8600,4.8600,4.6400,4.6900,12344
STAPORKOW,20201026,2.3000,2.4000,2.3000,2.4000,1970
STARHEDGE,20201026,0.4340,0.4340,0.4340,0.4340,2420
SUNEX,20201026,3.9300,4.0000,3.8100,3.8500,43882
SUWARY,20201026,16.7000,16.7000,16.7000,16.7000,25
SWISSMED,20201026,3.8500,3.8500,3.5800,3.6800,16646
SYGNITY,20201026,7.5200,7.6800,7.5000,7.6000,7048
SYNEKTIK,20201026,24.9000,25.0000,23.4000,24.4000,15358
TALEX,20201026,11.7000,11.7000,11.3000,11.3000,1004
TATRY,20201026,166.0000,166.0000,163.0000,164.0000,96
TAURONPE,20201026,2.0260,2.0320,1.9550,2.0000,1974549
TBULL,20201026,23.2000,24.9000,23.1000,24.9000,1504
TERMOREX,20201026,0.9900,0.9900,0.9700,0.9700,4349
TESGAS,20201026,4.0000,4.0000,3.9200,3.9200,5683
TIM,20201026,14.1500,14.1500,13.3000,13.7500,21634
TORPOL,20201026,10.9000,10.9000,10.6500,10.8000,17441
TOWERINVT,20201026,14.1000,14.5000,13.5000,14.5000,2569
TOYA,20201026,7.8000,7.8400,7.4600,7.6600,12414
TRAKCJA,20201026,1.3900,1.4100,1.3120,1.3900,101776
TRANSPOL,20201026,2.7400,2.7400,2.7400,2.7400,207
TRITON,20201026,2.2300,2.2300,2.2200,2.2200,3992
TSGAMES,20201026,645.0000,645.0000,632.0000,641.0000,8460
ULMA,20201026,48.0000,48.4000,48.0000,48.4000,2
ULTGAMES,20201026,31.5000,31.9000,28.6000,29.1000,29188
UNIBEP,20201026,6.8800,6.9000,6.8000,6.9000,290
UNICREDIT,20201026,31.1300,31.1300,31.1300,31.1300,100
UNIMA,20201026,2.9200,2.9200,2.9200,2.9200,125
UNIMOT,20201026,27.5000,28.1500,27.5000,27.5000,8429
URSUS,20201026,0.4900,0.4900,0.4725,0.4735,60523
VENTUREIN,20201026,1.7000,1.7000,1.6500,1.6500,1000
VIGOSYS,20201026,555.0000,555.0000,540.0000,555.0000,2173
VINDEXUS,20201026,4.9400,4.9400,4.7800,4.9400,1173
VISTAL,20201026,2.5400,3.2000,2.5400,2.8800,138487
VIVID,20201026,1.7540,1.7540,1.6840,1.7180,29184
VOTUM,20201026,11.5000,11.7000,11.3000,11.4000,8500
VOXEL,20201026,42.5000,42.5000,41.3000,42.2000,4208
VRG,20201026,2.1300,2.2350,2.1300,2.2000,97252
WARIMPEX,20201026,4.7000,4.7000,4.7000,4.7000,9
WASKO,20201026,1.2400,1.2450,1.1900,1.2350,7706
WAWEL,20201026,536.0000,536.0000,524.0000,524.0000,891
WIELTON,20201026,3.7200,3.7300,3.6000,3.6300,57080
WIKANA,20201026,2.3800,2.4800,2.3800,2.4800,402
WIRTUALNA,20201026,73.2000,74.0000,70.2000,73.2000,3366
WITTCHEN,20201026,6.2400,6.2800,6.0600,6.0600,3622
WOJAS,20201026,4.1000,4.1000,3.8800,4.0000,150
WORKSERV,20201026,0.8700,0.8700,0.8200,0.8260,287534
XTB,20201026,18.0000,18.4500,17.0000,17.1000,2752037
XTPL,20201026,75.6000,75.8000,72.0000,72.0000,1470
ZASTAL,20201026,27.6000,30.0000,25.6000,29.6000,7173
ZEPAK,20201026,9.9000,10.0000,9.7000,10.0000,6000
ZPUE,20201026,142.0000,142.0000,137.0000,140.0000,293
ZREMB,20201026,0.7550,0.7550,0.7450,0.7550,1838
ZUE,20201026,3.2800,3.2800,3.1600,3.2400,4846
ZYWIEC,20201026,472.0000,472.0000,472.0000,472.0000,50
INVESTORMS,20201026,3798.5600,3798.5600,3779.2800,3779.2800,255145.837
MWIG40,20201026,3501.5800,3506.8100,3451.7500,3456.4800,162028.454
MWIG40DVP,20201026,63.1100,63.1100,63.1100,63.1100,162028.454
MWIG40TR,20201026,4637.6500,4637.6500,4574.1400,4577.9300,162028.454
SWIG80,20201026,13639.5800,13684.9800,13588.8900,13620.9800,35167.941
SWIG80DVP,20201026,270.7600,270.7600,270.7600,270.7600,35167.941
SWIG80TR,20201026,17620.3500,17673.8300,17554.8600,17596.3200,35167.941
WIG,20201026,47566.2700,47734.0100,47339.7900,47418.6100,1017385.293
WIG-BANKI,20201026,3510.9300,3559.6500,3510.9300,3534.5700,93075.507
WIG-BUDOW,20201026,2912.5300,2912.5300,2888.8400,2899.2500,2313.204
WIG-CEE,20201026,1073.9400,1073.9400,1068.6800,1068.6800,2619.715
WIG-CHEMIA,20201026,6303.9800,6332.4100,6215.2800,6249.5000,2071.256
WIG-ENERG,20201026,1642.9000,1663.5600,1608.1500,1657.3700,18960.553
WIG-ESG,20201026,7615.2500,7637.7900,7551.7600,7551.7600,663803.630
WIG-GORNIC,20201026,3884.1900,3925.0100,3839.7100,3864.3600,68346.056
WIG-INFO,20201026,3670.0100,3691.8600,3628.3800,3683.5400,15205.213
WIG-LEKI,20201026,5873.3700,5897.6000,5687.7000,5701.0000,39181.888
WIG-MEDIA,20201026,4821.5700,4860.8600,4675.8900,4814.8900,425.384
WIG-MOTO,20201026,3669.8600,3669.8600,3484.1000,3484.1000,2210.179
WIG-NRCHOM,20201026,2092.2300,2093.6300,2061.2200,2077.4000,5608.322
WIG-ODZIEZ,20201026,3315.0200,3339.8600,3149.6700,3184.3300,32109.957
WIG-PALIWA,20201026,3712.8700,3749.3300,3639.0000,3639.0000,56593.986
WIG-POLAND,20201026,48546.5900,48725.1900,48455.0800,48455.0800,1012747.002
WIG-SPOZYW,20201026,3044.8000,3047.2200,2986.7100,2993.7700,3601.440
WIG-TELKOM,20201026,900.9100,905.5200,883.2500,888.3700,105025.972
WIG-UKRAIN,20201026,363.3200,363.3200,360.7000,360.7000,2225.314
WIG.GAMES,20201026,32638.9900,32805.1500,32430.6900,32543.4100,145744.478
WIG.MS-BAS,20201026,8422.6800,8499.3600,8298.7800,8427.3100,82293.999
WIG.MS-FIN,20201026,5326.5200,5394.4000,5309.0700,5336.0400,128696.534
WIG.MS-PET,20201026,5051.4900,5097.1900,4953.3400,4953.3400,58023.308
WIG20,20201026,1635.4900,1645.4600,1627.6100,1631.6600,798876.072
WIG20DVP,20201026,10.3700,10.3700,10.3700,10.3700,798876.072
WIG20LEV,20201026,295.3000,298.9200,292.4300,293.9000,798876.072
WIG20SHORT,20201026,4417.4700,4438.5300,4390.8600,4427.6900,798876.072
WIG20TR,20201026,2985.2500,3012.6600,2981.0600,2988.4700,798876.072
WIG30,20201026,1871.7500,1882.5200,1863.8800,1868.7700,828451.644
WIG30TR,20201026,3379.1900,3398.1600,3377.6600,3377.6600,828451.644
WIGDIV,20201026,953.1200,954.3300,942.7100,943.2500,66645.010
WIGTECH,20201026,14340.0000,14377.7800,14260.6900,14312.6400,0.000
