06MAGNA,20201019,2.5000,2.6600,2.2800,2.3600,289803
11BIT,20201019,484.0000,485.0000,474.5000,480.0000,5207
4FUNMEDIA,20201019,5.3800,5.3800,4.9000,4.9000,1962
ABPL,20201019,27.8000,28.9000,27.8000,27.9000,1873
ACAUTOGAZ,20201019,40.2000,40.2000,40.0000,40.0000,135
ACTION,20201019,4.1400,4.3700,4.1400,4.3000,35273
ADIUVO,20201019,6.5600,7.3800,6.2200,6.5400,63451
AGORA,20201019,5.3000,5.3000,5.2000,5.2000,5348
AGROTON,20201019,3.8300,4.0500,3.8300,4.0200,21334
AIGAMES,20201019,21.2000,22.0000,21.0000,21.5000,8979
AILLERON,20201019,7.2200,7.9400,7.1600,7.4600,60361
AIRWAY,20201019,2.2500,2.9000,2.2300,2.8800,7245260
ALIOR,20201019,12.9600,13.1500,12.6000,12.6950,365955
ALLEGRO,20201019,81.4500,83.6200,79.8000,83.4000,3205087
ALTA,20201019,1.0600,1.1300,1.0600,1.1200,9921
ALTUSTFI,20201019,0.8840,0.8840,0.8160,0.8820,20091
ALUMETAL,20201019,36.0000,37.0000,36.0000,36.2000,4576
AMBRA,20201019,17.5500,18.0500,17.4500,17.6000,3926
AMICA,20201019,137.4000,143.0000,135.6000,141.0000,2940
AMREST,20201019,17.1000,17.3800,16.6200,16.7200,109082
APATOR,20201019,19.4000,19.5500,19.3000,19.4000,1943
APLISENS,20201019,10.4000,10.6000,10.4000,10.4000,1604
APSENERGY,20201019,1.9800,1.9800,1.8100,1.9100,17896
ARCHICOM,20201019,18.9500,18.9500,18.8000,18.9000,3393
ARCTIC,20201019,3.9400,3.9400,3.8500,3.8600,9294
ARTERIA,20201019,4.3000,4.3000,4.3000,4.3000,11
ARTIFEX,20201019,9.9800,10.7500,9.5000,9.8400,48141
ASBIS,20201019,5.5600,5.8800,5.5600,5.7400,338991
ASSECOBS,20201019,35.4000,35.6000,34.8000,35.6000,476
ASSECOPOL,20201019,66.0000,67.5000,65.8000,66.1000,43572
ASSECOSEE,20201019,43.5000,45.0000,43.3000,45.0000,4794
ASTARTA,20201019,17.6000,18.0000,17.6000,17.9500,8032
ATAL,20201019,31.0000,31.4000,30.8000,31.2000,500
ATENDE,20201019,2.9800,3.0800,2.9600,3.0800,7029
ATLANTAPL,20201019,6.0800,6.2000,5.8800,6.0000,11009
ATLANTIS,20201019,0.6700,0.6860,0.6700,0.6860,3601
ATLASEST,20201019,1.1900,1.1900,1.1900,1.1900,8040
ATMGRUPA,20201019,4.1400,4.1400,3.7400,3.7600,16804
ATREM,20201019,2.1000,2.1800,2.0500,2.1100,25717
AUTOPARTN,20201019,7.0200,7.1800,7.0200,7.0600,330995
BAHOLDING,20201019,0.4980,0.4980,0.4770,0.4890,75638
BBIDEV,20201019,3.5000,3.5000,3.3200,3.5000,1055
BEDZIN,20201019,8.2000,8.2000,8.0000,8.0000,1101
BENEFIT,20201019,630.0000,635.0000,623.0000,633.0000,646
BETACOM,20201019,11.3500,11.3500,11.2000,11.3500,1048
BETAM40TR,20201019,50.0200,50.4800,49.8500,49.9000,2540
BETAW20LV,20201019,28.8100,29.0500,27.8950,27.9500,706
BETAW20ST,20201019,442.9000,450.2000,440.1000,447.8000,1305
BETAW20TR,20201019,28.4650,28.5900,28.0000,28.0400,2565
BIK,20201019,13.6500,13.6500,13.1500,13.5500,1225
BIOMEDLUB,20201019,19.9000,20.0000,18.3500,18.9000,1393349
BIOTON,20201019,4.3500,4.7450,4.3450,4.5300,233903
BNPPBSK0722,20201019,976.5000,976.5000,976.5000,976.5000,100
BNPPPL,20201019,37.8000,39.1000,36.5000,38.0000,4996
BNPPSOGO1021,20201019,1052.0000,1052.0000,1052.0000,1052.0000,100
BNPPSOLED1221,20201019,1043.5000,1043.5000,1043.5000,1043.5000,206
BNPPSPX0522,20201019,1002.0000,1002.0000,1002.0000,1002.0000,249
BNPPSX7E0321,20201019,593.0000,593.0000,593.0000,593.0000,100
BOGDANKA,20201019,17.2000,17.4800,17.0000,17.0000,8258
BOOMBIT,20201019,19.7000,20.2000,19.4800,19.9000,14342
BORYSZEW,20201019,3.0000,3.0950,2.9600,3.0150,39815
BOS,20201019,5.3200,5.3200,5.1800,5.3200,906
BOWIM,20201019,1.9000,1.9400,1.8700,1.9400,2334
BRASTER,20201019,0.6400,0.7040,0.6400,0.6780,110023
BUDIMEX,20201019,236.0000,238.0000,236.0000,236.0000,4988
BUMECH,20201019,1.8350,1.8500,1.8300,1.8500,3127
CCC,20201019,44.3100,45.5000,42.1600,42.3100,291415
CDPROJEKT,20201019,381.6000,384.0000,372.0000,372.0000,310368
CDRL,20201019,12.0000,12.0000,12.0000,12.0000,200
CEZ,20201019,74.9000,74.9000,73.3000,74.8000,219
CFI,20201019,0.2150,0.2150,0.2050,0.2130,25940
CIECH,20201019,25.8000,28.1500,25.7000,27.8000,164684
CIGAMES,20201019,1.2400,1.3340,1.2120,1.3220,1629439
CITYSERV,20201019,8.2000,8.6600,8.1100,8.4750,788
CLNPHARMA,20201019,37.2000,39.5000,36.8000,37.2500,19728
CNT,20201019,13.3000,13.6000,13.2000,13.6000,144
COALENERG,20201019,0.6000,0.6000,0.5850,0.5900,7256
COGNOR,20201019,1.1900,1.1900,1.1350,1.1600,43002
COMARCH,20201019,199.0000,199.5000,196.0000,197.0000,9961
COMP,20201019,59.4000,59.6000,59.0000,59.0000,994
COMPERIA,20201019,2.3400,2.5000,2.3400,2.5000,13090
CORMAY,20201019,1.7400,1.8300,1.7100,1.7200,701364
CPGROUP,20201019,6.1000,6.1000,5.8000,5.9000,2420
CYFRPLSAT,20201019,25.2000,25.8600,25.2000,25.5400,330785
CZTOREBKA,20201019,0.5300,0.5300,0.5300,0.5300,10337
DATAWALK,20201019,189.0000,191.0000,185.0000,187.5000,3157
DEBICA,20201019,73.8000,75.8000,73.8000,75.4000,162
DECORA,20201019,27.8000,28.0000,27.0000,27.9000,2420
DEKPOL,20201019,25.6000,25.6000,24.0000,25.4000,1522
DELKO,20201019,15.0000,15.3000,14.3000,14.3000,28231
DEVELIA,20201019,1.7300,1.7500,1.6860,1.7100,507669
DGA,20201019,5.2000,5.2200,5.0000,5.0000,110
DIGITREE,20201019,5.8000,6.2000,5.8000,6.2000,1435
DINOPL,20201019,238.8000,240.8000,231.4000,234.2000,143915
DOMDEV,20201019,96.0000,96.0000,91.4000,94.0000,5810
DROZAPOL,20201019,1.7500,1.7500,1.7400,1.7400,1485
ECHO,20201019,3.9500,4.1200,3.9500,4.1000,57665
EFEKT,20201019,4.8000,5.0000,4.6800,5.0000,1540
EKOEXPORT,20201019,3.6150,3.6200,3.5000,3.5400,28122
ELBUDOWA,20201019,0.7700,0.8200,0.7000,0.8200,46693
ELEKTROTI,20201019,4.6800,4.9800,4.6800,4.8500,3122
ELEMENTAL,20201019,2.4100,2.4150,2.4050,2.4100,86559
ELKOP,20201019,0.2480,0.2540,0.2460,0.2520,176536
ELZAB,20201019,3.6600,3.7200,3.5000,3.7200,6550
EMCINSMED,20201019,12.2000,14.7000,12.1000,14.7000,2177
ENAP,20201019,1.3900,1.3900,1.3200,1.3900,10505
ENEA,20201019,5.3500,5.4950,5.2850,5.3850,294367
ENELMED,20201019,15.2000,15.7000,15.2000,15.7000,742
ENERGA,20201019,8.3000,8.3100,8.3000,8.3000,197135
ENERGOINS,20201019,0.7400,0.7800,0.7400,0.7800,5334
ENTER,20201019,19.3000,19.7000,19.1500,19.4500,26749
ERBUD,20201019,19.5000,19.5000,19.3000,19.3000,12
ERG,20201019,47.8000,47.8000,44.4000,44.4000,8
ESOTIQ,20201019,9.1000,9.9000,9.1000,9.9000,5549
ETFDAX,20201019,553.6000,555.0000,552.0000,554.0000,151
ETFSP500,20201019,138.6000,139.5000,138.0000,138.0000,1101
ETFW20L,20201019,207.0000,207.8000,203.1000,203.9000,1023
EUCO,20201019,4.1000,4.5000,4.1000,4.5000,16990
EUROCASH,20201019,14.2000,14.2200,13.5600,13.6900,232378
EUROHOLD,20201019,4.2800,4.2800,4.2600,4.2800,989
EUROTEL,20201019,21.4000,22.0000,21.0000,21.5000,9044
EVEREST,20201019,19.0000,19.0000,18.2000,19.0000,434
FAMUR,20201019,1.6300,1.6500,1.6000,1.6480,176242
FASING,20201019,10.4000,10.4000,10.4000,10.4000,197
FEERUM,20201019,11.7000,11.7000,11.4500,11.4500,10
FERRO,20201019,17.4000,18.2000,17.4000,17.7000,2027
FERRUM,20201019,3.5600,3.5600,3.5000,3.5000,747
FON,20201019,0.1140,0.1200,0.1140,0.1190,30773
FORTE,20201019,34.7500,35.9000,34.2500,35.9000,32967
GAMEOPS,20201019,27.4800,27.4800,25.7100,26.4000,1467
GAMFACTOR,20201019,17.5100,19.0000,16.0000,18.2000,14682
GAMFACTOR-PDA,20201019,16.3900,17.4900,15.6020,16.8000,9903
GETIN,20201019,0.7300,0.7320,0.7005,0.7150,197046
GETINOBLE,20201019,0.1718,0.1724,0.1672,0.1722,447751
GLCOSMED,20201019,7.0000,7.1000,6.3000,6.8500,64934
GPW,20201019,48.5000,49.3500,48.3500,49.0000,78054
GROCLIN,20201019,0.9540,0.9800,0.9540,0.9680,4730
GRODNO,20201019,11.4500,11.4500,10.9000,11.2000,88544
GRUPAAZOTY,20201019,22.4000,23.3500,22.3000,22.5500,70135
GTC,20201019,6.2000,6.3400,6.2000,6.3400,9089
HANDLOWY,20201019,33.7000,34.2000,33.0000,33.0000,16538
HARPER,20201019,25.4000,25.6000,23.8000,24.6000,53489
HELIO,20201019,11.0000,11.0000,11.0000,11.0000,2
HERKULES,20201019,1.1950,1.1950,1.1150,1.1750,33124
HUBSTYLE,20201019,1.0500,1.0500,0.9500,1.0300,30216
HYDROTOR,20201019,28.0000,28.0000,27.0000,27.8000,223
I2DEV,20201019,8.9000,9.1000,8.9000,9.1000,11987
IALBGR,20201019,0.2880,0.2880,0.2600,0.2740,14156
IDEABANK,20201019,1.2780,1.2900,1.2100,1.2480,48957
IDMSA,20201019,0.9000,0.9050,0.9000,0.9050,278
IFIRMA,20201019,4.1000,4.1200,4.0500,4.1000,7309
IMCOMPANY,20201019,11.8000,12.4000,11.8000,12.3000,38478
IMMOBILE,20201019,2.6400,2.6400,2.5500,2.5500,198
IMPERA,20201019,1.0100,1.1000,1.0000,1.0000,8770
IMS,20201019,2.1800,2.1800,2.1200,2.1800,54167
INC,20201019,7.9800,8.2000,7.5000,8.0000,68766
INGBSK,20201019,123.6000,124.8000,121.2000,121.8000,2832
INPRO,20201019,4.5000,4.6800,4.4800,4.6800,583
INSTALKRK,20201019,19.3000,19.5000,18.7500,19.5000,25972
INTERAOLT,20201019,15.0000,15.2000,14.9500,15.2000,6574
INTERCARS,20201019,237.0000,250.0000,235.0000,245.0000,2448
INTERSPPL,20201019,1.0700,1.0700,1.0000,1.0000,6144
INTLBCO31179,20201019,85.7000,85.7000,84.0000,84.5000,404
INTLBCO31278,20201019,104.4000,104.4000,104.4000,104.4000,5
INTLBCO31294,20201019,113.0000,113.0000,113.0000,113.0000,191
INTLBCO31641,20201019,42.5500,43.7500,42.5500,43.7500,55
INTLBCO31666,20201019,48.9500,48.9500,48.9500,48.9500,100
INTLBCO31682,20201019,56.8000,56.8000,56.8000,56.8000,20
INTLBCO31716,20201019,71.1000,71.1000,71.1000,71.1000,95
INTLBCO32896,20201019,25.3000,25.3000,23.7000,24.7000,420
INTLBCO34983,20201019,20.7000,20.7000,20.7000,20.7000,62
INTLCCC30510,20201019,2.5000,2.5000,2.5000,2.5000,310
INTLCCC30734,20201019,1.9700,1.9700,1.9700,1.9700,900
INTLCCC31005,20201019,1.6300,1.6300,1.5800,1.5800,20500
INTLCCC31476,20201019,0.9700,1.0300,0.9600,1.0300,3707
INTLCDR28951,20201019,18.2200,18.2200,18.2200,18.2200,20
INTLCDR30478,20201019,12.6200,12.6200,12.6200,12.6200,100
INTLCDR30726,20201019,12.0000,12.0000,11.9600,11.9600,70
INTLCDR30973,20201019,9.1700,9.1700,8.8000,8.8000,310
INTLCDR31377,20201019,7.8000,8.1400,7.1200,7.1900,6903
INTLCDR33290,20201019,6.5600,6.5600,5.9500,5.9500,10030
INTLDAX30601,20201019,159.0000,159.0000,159.0000,159.0000,21
INTLDAX31872,20201019,92.5000,92.5000,92.5000,92.5000,16
INTLDAX32821,20201019,54.9000,54.9000,48.9000,48.9000,64
INTLDAX32847,20201019,67.4000,67.4000,67.4000,67.4000,140
INTLDAX32946,20201019,40.7000,40.9000,38.0000,38.0000,179
INTLDAX34769,20201019,33.2000,33.2000,25.4000,26.5000,12463
INTLDNP32789,20201019,7.1700,7.1700,6.4900,6.4900,2303
INTLDOW34884,20201019,74.1000,74.1000,74.1000,74.1000,60
INTLESX32524,20201019,22.9500,22.9500,22.9500,22.9500,4
INTLEUR24059,20201019,31.3000,31.3000,31.3000,31.3000,100
INTLEUR27599,20201019,29.6000,29.6000,29.6000,29.6000,30
INTLEUR28324,20201019,23.0500,23.0500,23.0500,23.0500,50
INTLEUR34603,20201019,18.6400,18.6400,18.6400,18.6400,450
INTLGLD21873,20201019,308.5000,308.5000,308.5000,308.5000,6
INTLGLD23903,20201019,211.0000,211.0000,211.0000,211.0000,5
INTLGLD30130,20201019,165.8000,169.0000,165.8000,169.0000,61
INTLGLD31310,20201019,120.2000,120.2000,120.2000,120.2000,1
INTLGLD33092,20201019,95.5000,95.5000,95.5000,95.5000,1
INTLGLD33100,20201019,83.7000,84.4000,81.0000,81.0000,166
INTLGLD33456,20201019,42.7500,45.4000,39.9000,41.0000,527
INTLGLD33464,20201019,55.9000,59.0000,55.9000,57.5000,1196
INTLJSW30569,20201019,14.4000,14.4000,13.0000,13.0000,130
INTLJSW32136,20201019,9.4200,9.4200,9.4200,9.4200,40
INTLJSW32144,20201019,11.2600,11.2600,10.4000,10.4000,200
INTLJSW34736,20201019,5.4300,5.4300,4.4800,4.4800,146
INTLJSW34744,20201019,5.2900,5.2900,5.2000,5.2000,700
INTLKGH32995,20201019,43.4500,43.4500,40.8500,40.8500,2538
INTLKGH33936,20201019,29.2000,29.2000,27.1000,27.1000,245
INTLKGH33944,20201019,31.7500,31.7500,31.7500,31.7500,31
INTLKGH34793,20201019,22.6000,22.6000,22.5500,22.5500,88
INTLLTS34694,20201019,8.2000,8.2000,7.0100,7.5000,2400
INTLLTS34702,20201019,9.4000,9.7000,9.3900,9.6500,950
INTLNAG34462,20201019,6.6100,6.6100,6.6100,6.6100,50
INTLNDX31906,20201019,143.8000,143.8000,143.8000,143.8000,65
INTLNDX32540,20201019,127.8000,127.8000,127.8000,127.8000,1
INTLNDX33621,20201019,70.3000,70.3000,70.3000,70.3000,3
INTLNDX34777,20201019,59.1000,59.1000,59.1000,59.1000,15
INTLNDX34892,20201019,47.5000,47.5000,42.0000,42.0000,89
INTLPEO29439,20201019,14.9400,14.9400,14.7200,14.7200,340
INTLPEO29801,20201019,7.5000,7.5000,6.3500,6.6300,1800
INTLPEO29819,20201019,9.6600,9.6600,7.7900,7.7900,1586
INTLPGE29363,20201019,3.1300,3.1300,3.1300,3.1300,1325
INTLPGE30320,20201019,2.2100,2.2100,2.2100,2.2100,30
INTLPGE32029,20201019,1.5300,1.7200,1.5300,1.7200,4000
INTLPGE32292,20201019,1.3000,1.3000,1.1500,1.1500,4769
INTLPKN04101,20201019,12.2200,12.2200,12.2200,12.2200,41
INTLPKN04119,20201019,14.2800,14.6000,14.0000,14.2400,1165
INTLPKN05496,20201019,9.9800,9.9800,9.9800,9.9800,65
INTLPKN05835,20201019,7.5000,8.0000,7.0100,7.0100,2324
INTLPKO30387,20201019,3.2000,3.5100,2.9600,3.0600,1671
INTLPKO30395,20201019,3.9600,3.9600,3.9600,3.9600,50
INTLPKO30692,20201019,2.9500,2.9500,2.0800,2.0800,7450
INTLPLA30288,20201019,10.8800,10.8800,10.8800,10.8800,30
INTLPLA31138,20201019,7.0400,7.0400,7.0400,7.0400,10
INTLPLA31757,20201019,5.1400,5.1400,5.1400,5.1400,15
INTLPLA31765,20201019,5.3400,5.3400,5.3400,5.3400,160
INTLPLA33084,20201019,4.1600,4.1600,3.7300,3.7300,565
INTLPLA34579,20201019,3.0000,3.0000,2.8300,2.8300,4097
INTLPZU14712,20201019,2.6600,2.6600,2.6600,2.6600,50
INTLPZU15610,20201019,4.0600,4.0600,4.0600,4.0600,400
INTLPZU15800,20201019,5.5900,5.5900,5.1700,5.1700,2300
INTLSLV30197,20201019,46.4500,46.4500,46.4500,46.4500,25
INTLSLV31617,20201019,38.4000,38.4000,38.4000,38.4000,53
INTLSLV31625,20201019,40.7000,40.7000,40.7000,40.7000,1
INTLSLV31971,20201019,33.0500,33.0500,33.0500,33.0500,3
INTLSLV33340,20201019,16.4000,17.1000,15.6200,15.6200,4710
INTLSLV33357,20201019,19.3400,19.8600,19.1000,19.2000,3280
INTLSLV33365,20201019,22.0500,22.0500,22.0500,22.0500,500
INTLSLV34959,20201019,9.5900,10.6600,9.5200,10.6600,1052
INTLSLV34967,20201019,14.2000,14.2000,14.2000,14.2000,400
INTLSPX31575,20201019,38.9000,38.9000,38.9000,38.9000,8
INTLSPX32862,20201019,28.8000,28.8000,28.8000,28.8000,6
INTLSPX33894,20201019,23.4000,23.4000,23.4000,23.4000,25
INTLSPX34900,20201019,14.1600,14.1600,13.6400,13.6400,278
INTLUSD20602,20201019,35.9500,35.9500,35.6500,35.6500,230
INTLUSD20826,20201019,45.4500,45.4500,45.4500,45.4500,60
INTLUSD20842,20201019,51.2000,52.5000,51.2000,52.4000,218
INTLUSD21170,20201019,30.7000,30.7000,29.9500,30.1000,65
INTLUSD34256,20201019,24.2500,24.9000,24.2500,24.9000,55
INTLUSD34637,20201019,18.8400,20.2000,18.7800,20.0000,5290
INTLVOW11171,20201019,34.5000,34.5000,34.5000,34.5000,4
INTLW2030585,20201019,2.0000,2.0800,2.0000,2.0800,1800
INTLW2031492,20201019,1.3100,1.3400,1.2200,1.2200,35670
INTLW2031864,20201019,1.1900,1.2600,1.0000,1.0000,12846
INTROL,20201019,3.5600,3.6600,3.2200,3.5000,42776
INTSBCO28027,20201019,36.1000,36.1000,36.1000,36.1000,40
INTSBCO28308,20201019,29.0500,29.0500,29.0500,29.0500,25
INTSBCO34447,20201019,15.5400,17.7600,15.4400,16.2600,17752
INTSBCO34454,20201019,21.8000,23.0000,21.7000,21.7000,2100
INTSBND25130,20201019,20.9000,20.9000,20.9000,20.9000,3
INTSCCC34207,20201019,4.3500,4.3500,4.3500,4.3500,1970
INTSCDR34124,20201019,17.9800,18.5800,17.9800,18.5800,133
INTSCDR34801,20201019,10.4400,10.7200,10.4400,10.6000,3482
INTSDAX25783,20201019,39.0500,47.2000,39.0500,46.3000,3452
INTSDAX25825,20201019,52.0000,61.4000,52.0000,61.4000,137
INTSDAX26591,20201019,68.2000,72.0000,68.2000,72.0000,127
INTSDAX26609,20201019,80.0000,86.0000,80.0000,86.0000,34
INTSDAX34330,20201019,27.1500,34.6000,26.7000,33.4000,23005
INTSDNP34074,20201019,5.2500,5.2500,5.2500,5.2500,40
INTSDNP34082,20201019,6.8300,7.2400,6.8300,7.2400,3200
INTSDOW24067,20201019,60.0000,60.0000,60.0000,60.0000,55
INTSDOW27128,20201019,122.2000,123.8000,122.2000,123.8000,20
INTSDOW33274,20201019,88.7000,88.7000,88.7000,88.7000,30
INTSEUD05033,20201019,57.0000,57.0000,57.0000,57.0000,20
INTSEUD21246,20201019,21.0500,21.0500,19.0000,19.1600,454
INTSEUR28340,20201019,14.8000,14.8000,14.2000,14.3000,1130
INTSEUR29165,20201019,27.6500,27.6500,23.8500,23.8500,210
INTSEUR29181,20201019,34.2000,34.2000,33.3500,33.3500,250
INTSGLD33316,20201019,87.5000,87.5000,87.5000,87.5000,20
INTSGLD34504,20201019,63.9000,63.9000,61.0000,62.9000,61
INTSNAG27797,20201019,4.2800,4.3000,3.9400,3.9400,872
INTSNDX33225,20201019,38.5000,43.0000,38.0000,43.0000,12553
INTSNDX33233,20201019,56.9000,58.5000,56.9000,58.5000,4018
INTSNDX33258,20201019,85.9000,91.5000,85.9000,91.5000,36
INTSNDX33647,20201019,135.6000,135.6000,135.6000,135.6000,5
INTSNKX27086,20201019,72.0000,72.0000,72.0000,72.0000,3
INTSNKX27094,20201019,138.6000,142.2000,138.6000,142.2000,30
INTSPGE26989,20201019,4.0400,4.0400,3.9300,3.9300,600
INTSPGE34157,20201019,2.8900,3.0800,2.7600,2.7600,12835
INTSPGN34181,20201019,2.1200,2.1200,2.1200,2.1200,3200
INTSPKO32300,20201019,10.0800,10.0800,10.0800,10.0800,35
INTSPLA34587,20201019,5.2500,5.2500,5.1500,5.2500,1146
INTSPZU34165,20201019,14.9600,14.9600,14.8400,14.8400,141
INTSSLV33696,20201019,26.0500,26.5000,26.0500,26.5000,100
INTSSLV34538,20201019,17.5200,17.5600,17.5200,17.5600,68
INTSSLV34553,20201019,12.5000,13.0600,12.5000,13.0600,1110
INTSSPX34140,20201019,18.6000,19.2400,18.6000,19.2400,350
INTSSPX34413,20201019,12.2000,13.0400,12.2000,13.0400,1664
INTSSPX34421,20201019,37.8000,37.8000,37.8000,37.8000,26
INTSTNF34108,20201019,30.3000,30.3000,30.3000,30.3000,100
INTSUSD29231,20201019,55.5000,55.5000,55.5000,55.5000,10
INTSUSD33589,20201019,16.2600,16.6000,16.2600,16.6000,1072
INTSW2020875,20201019,7.4500,7.4500,7.4500,7.4500,140
INTSW2027060,20201019,5.3300,5.4700,5.3300,5.4700,1848
INTSW2027391,20201019,4.3200,4.3200,4.3200,4.3200,23501
INTSW2028464,20201019,2.8700,3.0000,2.8500,3.0000,1606
INTSW2028472,20201019,3.3500,3.6500,3.3500,3.6500,930
INTSW2034264,20201019,1.7000,1.9700,1.6000,1.9200,45644
INTSW2034272,20201019,2.0400,2.1100,2.0400,2.1100,5878
INTSW2034298,20201019,2.3700,2.6200,2.3200,2.6200,7070
INTSW2034306,20201019,2.8700,2.8700,2.8700,2.8700,400
INVCEEFIZ,20201019,467.8000,467.8000,464.2000,464.2000,22
INVGLDFIZ,20201019,1874.9000,1920.0000,1857.0000,1857.0000,32
INVPEFIZ,20201019,917.1000,928.8900,915.0000,928.8900,20
IPOPEMA,20201019,3.4400,3.5000,3.4400,3.5000,1291
ITMTRADE,20201019,0.1310,0.1450,0.1310,0.1310,7128
IZOBLOK,20201019,28.6000,29.0000,28.5000,29.0000,327
IZOLACJA,20201019,1.3500,1.4700,1.3400,1.4700,7861
IZOSTAL,20201019,2.1200,2.1500,2.1100,2.1400,14610
JSW,20201019,22.0500,22.7300,21.1400,21.4000,606945
JWCONSTR,20201019,2.9000,2.9000,2.8100,2.8900,9329
JWWINVEST,20201019,2.8000,2.8000,2.8000,2.8000,394
K2INTERNT,20201019,16.8000,18.4000,16.7000,18.4000,15176
KCI,20201019,0.7080,0.7080,0.6720,0.6740,2789
KERNEL,20201019,39.9500,40.0000,38.8000,38.8000,31360
KETY,20201019,458.0000,468.0000,457.0000,457.5000,8665
KGHM,20201019,127.0000,128.4500,124.9500,125.0000,389888
KGL,20201019,15.4000,15.4000,15.1000,15.2000,507
KINOPOL,20201019,6.3000,6.6000,6.3000,6.6000,27855
KOGENERA,20201019,31.7000,31.7000,30.7000,30.7000,1351
KOMPAP,20201019,7.7500,7.7500,7.7500,7.7500,80
KOMPUTRON,20201019,1.6100,1.7900,1.6100,1.7200,8629
KPPD,20201019,27.0000,27.0000,27.0000,27.0000,1
KREC,20201019,7.3400,7.3400,6.8400,6.8800,5649
KREDYTIN,20201019,11.5000,11.5000,10.6000,11.5000,72
KRKA,20201019,368.0000,383.0000,368.0000,383.0000,24
KRUK,20201019,121.0000,130.0000,121.0000,127.1000,45576
KRUSZWICA,20201019,53.0000,53.0000,52.6000,53.0000,951
KRVITAMIN,20201019,35.1000,35.1000,31.6000,31.6000,78437
KSGAGRO,20201019,1.1000,1.1000,1.1000,1.1000,500
LABOPRINT,20201019,10.0500,10.0500,10.0500,10.0500,10
LARQ,20201019,1.8450,1.9700,1.8450,1.9700,5202
LENA,20201019,3.4300,3.4300,3.3500,3.3800,4457
LENTEX,20201019,8.4200,8.5400,8.2400,8.4000,4966
LIBET,20201019,2.1400,2.1400,2.0800,2.1400,5982
LIVECHAT,20201019,113.0000,115.0000,110.0000,113.0000,72432
LOKUM,20201019,12.0000,12.0000,12.0000,12.0000,2
LOTOS,20201019,32.1600,32.5900,31.2000,31.5400,543234
LPP,20201019,6125.0000,6275.0000,6020.0000,6180.0000,1551
LSISOFT,20201019,12.8000,12.8000,12.2000,12.3500,831
LUBAWA,20201019,1.3400,1.5750,1.3200,1.3800,5683860
MABION,20201019,27.0000,29.0000,26.6000,27.0000,41177
MAKARONPL,20201019,5.8000,5.8500,5.8000,5.8500,3218
MANGATA,20201019,44.4000,44.4000,41.0000,41.0000,70
MARVIPOL,20201019,4.8000,5.0000,4.8000,4.9500,1585
MASTERPHA,20201019,4.2000,4.2500,4.0600,4.2000,3201
MAXCOM,20201019,11.1000,11.1000,10.8500,11.0000,2452
MBANK,20201019,149.8000,153.7000,147.6000,149.7000,45509
MBWS,20201019,6.2900,6.2900,6.0600,6.0600,1091
MCI,20201019,14.6500,15.9000,14.6500,15.4500,41047
MDIENERGIA,20201019,3.8500,3.9500,3.7000,3.9200,49199
MEDIACAP,20201019,2.0500,2.0500,1.8500,1.8500,85
MEDICALG,20201019,21.4500,21.8500,21.0000,21.8500,4909
MENNICA,20201019,19.6000,19.7000,18.7000,19.4000,8720
MERCATOR,20201019,670.0000,674.0000,606.0000,626.0000,84771
MERCOR,20201019,9.4000,9.8400,9.1000,9.5800,7133
MEXPOLSKA,20201019,1.0600,1.1100,1.0100,1.0800,18415
MFO,20201019,19.0000,20.6000,19.0000,20.0000,3765
MILKILAND,20201019,0.6700,0.6700,0.6400,0.6700,2300
MILLENNIUM,20201019,2.5280,2.5740,2.4140,2.4500,1314962
MIRACULUM,20201019,1.1700,1.1700,1.1550,1.1700,3102
MIRBUD,20201019,2.1600,2.1700,2.0500,2.1100,287905
MLPGROUP,20201019,72.5000,72.5000,69.5000,69.5000,9
MLSYSTEM,20201019,71.6000,78.6000,70.2000,77.0000,48784
MOBRUK,20201019,292.0000,298.0000,278.0000,280.0000,465
MOJ,20201019,1.3500,1.3500,1.3300,1.3300,10373
MOL,20201019,20.8200,20.9600,20.8000,20.8000,578
MONNARI,20201019,1.5000,1.6400,1.4800,1.5550,72311
MOSTALPLC,20201019,8.1400,8.1400,8.1400,8.1400,1
MOSTALWAR,20201019,4.2300,4.2700,4.2300,4.2700,1001
MOSTALZAB,20201019,0.9060,0.9080,0.8840,0.9000,18017
MUZA,20201019,2.4400,2.4400,2.4400,2.4400,4900
MWTRADE,20201019,1.7200,1.7200,1.6400,1.6600,1848
NANOGROUP,20201019,8.8000,9.5000,8.8000,9.5000,103486
NETIA,20201019,4.5000,4.5000,4.4800,4.4800,4690
NEUCA,20201019,529.0000,530.0000,525.0000,529.0000,2344
NEWAG,20201019,24.5000,25.1000,23.1000,24.7000,7704
NOVAVISGR,20201019,1.8300,1.8800,1.7500,1.8000,12597
NOVITA,20201019,135.0000,135.0000,129.0000,130.0000,63
NOWAGALA,20201019,0.9500,0.9500,0.9500,0.9500,1500
NTTSYSTEM,20201019,2.6700,2.8000,2.6700,2.7000,13120
OAT,20201019,16.9500,17.4000,16.2000,16.3500,23237
ODLEWNIE,20201019,4.2000,4.3600,4.1800,4.1800,2290
OEX,20201019,15.0000,15.2000,15.0000,15.0000,1415
OPENFIN,20201019,0.6440,0.7000,0.6300,0.6500,51738
OPONEO.PL,20201019,31.6000,33.4000,30.5000,33.0000,12543
OPTEAM,20201019,27.0000,27.0000,26.4000,27.0000,1350
ORANGEPL,20201019,6.6250,6.8150,6.6000,6.6850,1162371
ORZBIALY,20201019,10.4000,10.5500,10.4000,10.5500,1104
OTLOG,20201019,4.6800,4.6800,4.5400,4.6800,3596
OTMUCHOW,20201019,1.3000,1.3000,1.3000,1.3000,269
OVOSTAR,20201019,61.0000,61.5000,59.5000,61.0000,1521
PAMAPOL,20201019,1.3900,1.3900,1.3300,1.3900,13171
PATENTUS,20201019,0.9100,0.9200,0.9100,0.9200,18736
PBKM,20201019,81.0000,81.0000,77.0000,77.0000,7
PCCEXOL,20201019,4.2300,4.4100,4.1700,4.2700,386179
PCCROKITA,20201019,44.8000,45.7000,44.8000,45.3000,5087
PEKABEX,20201019,13.1000,13.4500,13.1000,13.2000,1246
PEKAO,20201019,48.5100,49.4200,47.3200,47.7200,811903
PEMANAGER,20201019,10.8000,11.8500,10.4000,11.4500,3987
PEP,20201019,46.3000,47.8000,46.3000,46.5000,1417
PEPEES,20201019,1.3300,1.3300,1.3100,1.3300,12583
PGE,20201019,5.5200,5.8000,5.3680,5.7460,3356350
PGNIG,20201019,4.7100,4.7300,4.6000,4.6300,1996796
PGO,20201019,0.9500,1.0400,0.9500,0.9700,11141
PGSSOFT,20201019,10.7500,10.9500,10.4000,10.9500,5120
PHARMENA,20201019,9.6600,11.3000,8.8400,11.3000,13872
PHN,20201019,10.1500,10.1500,9.6000,9.8000,9639
PKNORLEN,20201019,42.9300,43.4000,42.2800,42.6400,1263641
PKOBP,20201019,21.0400,21.3600,20.4000,20.5700,2781677
PKOGS,20201019,90.6500,90.6500,90.5600,90.5600,635
PKPCARGO,20201019,10.1000,10.5800,9.9000,10.3000,61228
PLASTBOX,20201019,1.7400,1.7400,1.6550,1.6800,26840
PLAY,20201019,38.7400,38.7600,38.6600,38.7000,968580
PLAYWAY,20201019,546.0000,560.0000,538.0000,545.0000,10431
PLAZACNTR,20201019,1.5900,1.7000,1.5900,1.7000,32
PMPG,20201019,1.8100,1.8100,1.8100,1.8100,10000
POLICE,20201019,11.9000,11.9000,11.7000,11.8000,1227
POLIMEXMS,20201019,2.0900,2.0900,2.0400,2.0600,71355
POLNORD,20201019,2.9200,3.1600,2.9200,3.0000,34327
POLWAX,20201019,2.7300,2.8300,2.7300,2.8300,7097
POZBUD,20201019,1.8400,1.8950,1.8100,1.8500,30427
PRAGMAFA,20201019,28.0000,28.8000,27.0000,28.0000,25794
PRAGMAINK,20201019,7.9800,7.9800,7.9800,7.9800,10
PRAIRIE,20201019,0.6100,0.6370,0.6000,0.6020,54145
PRIMETECH,20201019,1.1600,1.1600,1.0700,1.0700,23000
PROCHEM,20201019,18.5000,18.5000,17.6500,18.5000,441
PROJPRZEM,20201019,16.5000,16.5000,16.5000,16.5000,193
PROTEKTOR,20201019,4.5800,4.6800,4.4800,4.5000,64257
PROVIDENT,20201019,2.9200,2.9450,2.8300,2.9100,65400
PULAWY,20201019,76.0000,76.0000,75.0000,75.0000,92
PUNKPIRAT,20201019,0.6350,0.6600,0.5800,0.6200,108041
PZU,20201019,23.1300,23.4600,22.5100,22.5300,1384088
PZUAKORD,20201019,118.7800,118.7800,118.7800,118.7800,123
QMULTIFIZ,20201019,1174.1000,1174.1000,1156.3000,1156.3000,101
QUERCUS,20201019,3.3500,3.5400,3.3500,3.4500,23803
R22,20201019,30.8000,32.8000,30.5000,32.5000,30878
RADPOL,20201019,2.2000,2.2000,2.1800,2.1800,1002
RAFAKO,20201019,0.7510,0.7700,0.7300,0.7400,234540
RAFAMET,20201019,14.0000,14.0000,14.0000,14.0000,3
RAINBOW,20201019,10.6500,11.4500,10.1500,10.9000,7162
RANKPROGR,20201019,1.5650,1.6300,1.5000,1.6300,21015
RAWLPLUG,20201019,7.6000,7.6000,7.1600,7.5000,34
RCCOFFAOPEN1,20201019,2.7000,2.7000,2.6900,2.6900,600
RCCOPPOPEN,20201019,10.9400,10.9400,10.9400,10.9400,221
RCESX5E06232,20201019,1032.5000,1032.5000,1032.5000,1032.5000,100
RCESXPP0823,20201019,1010.5000,1010.5000,1010.5000,1010.5000,35
RCFL10GOLD,20201019,16.8600,17.2600,16.3000,16.3000,169
RCFL10GOLD1,20201019,7.7500,7.7500,7.6200,7.6200,1403
RCFL2COCO,20201019,7.9100,7.9100,7.9100,7.9100,2000
RCFL2CORN,20201019,4.1200,4.1200,4.1200,4.1200,350
RCFL2GOLD,20201019,104.0000,104.0000,104.0000,104.0000,1
RCFL2PLAT1,20201019,7.0700,7.0700,7.0700,7.0700,340
RCFL2SUGA3,20201019,7.1900,7.1900,7.1900,7.1900,150
RCFL2WHT,20201019,7.2200,7.2200,7.2200,7.2200,1000
RCFL3CCC,20201019,0.0300,0.0300,0.0300,0.0300,214
RCFL3CCC1,20201019,5.4200,5.4200,4.8500,4.9300,6580
RCFL3COCO1,20201019,7.0000,7.4300,7.0000,7.4300,6701
RCFL3COFF1,20201019,5.1100,5.2400,5.0200,5.0200,420
RCFL3COFF3,20201019,6.0900,6.0900,5.9500,5.9500,500
RCFL3CORN,20201019,2.1200,2.1200,2.1200,2.1200,3000
RCFL3DBK,20201019,0.0800,0.0800,0.0800,0.0800,2000
RCFL3GOLD,20201019,72.7000,72.7000,71.7000,72.1000,1902
RCFL3JSW,20201019,0.5600,0.5600,0.4600,0.4900,186924
RCFL3JSW1,20201019,16.8400,16.8400,16.8400,16.8400,100
RCFL3LPP,20201019,64.3000,64.3000,64.3000,64.3000,2
RCFL3LTS1,20201019,0.1600,0.1700,0.1500,0.1600,91699
RCFL3MBK,20201019,1.1700,1.1800,1.0900,1.1000,4605
RCFL3MSFIN,20201019,0.9400,0.9400,0.9000,0.9000,55600
RCFL3OIL2,20201019,1.3800,1.3800,1.3800,1.3800,1000
RCFL3PALL3,20201019,1.1900,1.1900,1.1900,1.1900,1500
RCFL3PEO,20201019,0.6900,0.7000,0.6200,0.6300,41699
RCFL3PGE,20201019,0.1100,0.1200,0.1100,0.1200,69800
RCFL3PGE1,20201019,9.0500,9.8600,9.0500,9.5700,1600
RCFL3PKN,20201019,5.9900,6.2200,5.9700,6.0000,1120
RCFL3PKO,20201019,2.1800,2.1800,1.9900,2.0200,3282
RCFL3PLAT2,20201019,8.4200,8.4200,8.4200,8.4200,200
RCFL3PZU,20201019,7.1000,7.1000,6.6300,6.6300,750
RCFL3SILVE,20201019,6.9400,6.9400,6.8300,6.8500,9300
RCFL3SILVE3,20201019,19.2800,19.8200,19.2200,19.2200,390
RCFL3SUGA2,20201019,5.4300,5.4300,5.4300,5.4300,300
RCFL3TEN,20201019,14.3000,14.3000,14.3000,14.3000,37
RCFL3W20,20201019,18.7000,18.7000,18.7000,18.7000,200
RCFL3WHT3,20201019,12.0200,12.0200,12.0200,12.0200,200
RCFL4CDPRO,20201019,40.0000,40.0000,36.0000,36.0000,2424
RCFL4COCO1,20201019,6.3500,6.3500,6.3500,6.3500,1000
RCFL4DNP,20201019,21.0000,21.0000,21.0000,21.0000,100
RCFL4GAMES,20201019,89.0000,89.0000,84.4000,84.4000,36
RCFL4GOLD,20201019,26.0000,26.0000,26.0000,26.0000,400
RCFL4GOLD1,20201019,14.2400,14.2400,14.2400,14.2400,85
RCFL4KGH,20201019,4.3500,4.3500,4.3500,4.3500,300
RCFL4PGE,20201019,6.0200,6.0200,6.0200,6.0200,42
RCFL4PKN1,20201019,1.1500,1.2200,1.1300,1.1500,23809
RCFL4PKO,20201019,0.1800,0.1800,0.1800,0.1800,10000
RCFL4PKO1,20201019,4.3300,4.3300,4.2700,4.2700,550
RCFL4PZU,20201019,0.2900,0.3100,0.2700,0.2700,33500
RCFL4SILVE2,20201019,10.3000,10.3000,10.3000,10.3000,20
RCFL5COCO2,20201019,5.0700,5.0700,5.0700,5.0700,1000
RCFL5CORN,20201019,3.2700,3.2700,3.2400,3.2400,400
RCFL5GOLD,20201019,27.1500,27.4500,27.0000,27.0000,202
RCFL5SILVE,20201019,1.7400,1.7400,1.6900,1.6900,260
RCFL5SUGA,20201019,1.5700,1.5700,1.5700,1.5700,322
RCFL5SUGA1,20201019,1.3400,1.4200,1.3300,1.4200,67000
RCFL6COCO,20201019,4.0200,4.0200,4.0200,4.0200,500
RCFL6FW201,20201019,0.3600,0.3600,0.3600,0.3600,1000
RCFL6NAG2,20201019,0.5600,0.5600,0.5600,0.5600,800
RCFL6PALL,20201019,0.1100,0.1100,0.1100,0.1100,3960
RCFL6PLAT2,20201019,3.3200,3.3200,3.3200,3.3200,120
RCFL6SILVE,20201019,2.2200,2.3700,2.2000,2.3700,6060
RCFL6SILVE2,20201019,14.7400,14.7400,14.7400,14.7400,278
RCFL6W201,20201019,0.2400,0.2400,0.2400,0.2400,10000
RCFL7SILVE,20201019,0.4700,0.4700,0.4700,0.4700,11000
RCFL8COFF1,20201019,0.3400,0.3400,0.3400,0.3400,1000
RCFS10GOLD2,20201019,12.0000,12.0000,12.0000,12.0000,200
RCFS2CCC1,20201019,12.4000,12.4000,12.4000,12.4000,100
RCFS2W20,20201019,67.2000,67.2000,67.2000,67.2000,150
RCFS3CCC1,20201019,10.9200,12.3200,10.9200,12.2600,1138
RCFS3CORN,20201019,10.7400,10.7400,10.7400,10.7400,1000
RCFS3FDX,20201019,5.1300,5.2100,5.1300,5.2100,202
RCFS3KGH,20201019,0.2200,0.2200,0.2200,0.2200,14200
RCFS3KGH1,20201019,11.3800,11.3800,11.3800,11.3800,150
RCFS3LPP1,20201019,12.8000,12.8000,11.8800,11.8800,243
RCFS3MWIG40,20201019,9.3900,9.3900,9.1800,9.3500,1220
RCFS3PGE,20201019,1.8500,1.8500,1.7000,1.7600,10976
RCFS3SILVE1,20201019,1.3800,1.3900,1.3800,1.3900,3700
RCFS3TPE,20201019,0.9800,1.0300,0.9800,0.9800,19670
RCFS3W20,20201019,35.9000,37.7000,35.1000,37.5000,1115
RCFS4CDPRO1,20201019,2.3000,2.3000,2.3000,2.3000,100
RCFS4ESX,20201019,0.4700,0.4700,0.4700,0.4700,2000
RCFS4PEO,20201019,23.6000,23.6000,23.6000,23.6000,100
RCFS4PZU,20201019,21.2500,21.9500,21.2500,21.9500,300
RCFS5FW20,20201019,5.5800,5.8800,5.5800,5.8800,4250
RCFS5FW202,20201019,4.1600,4.1600,4.1600,4.1600,10000
RCFS5SUGA,20201019,2.4400,2.4400,2.2200,2.2200,2850
RCFS6SUGA,20201019,1.0000,1.0000,1.0000,1.0000,2000
RCFS6W201,20201019,4.6400,5.2400,4.6400,5.2000,8130
RCFS6WHT2,20201019,2.2300,2.2300,2.2300,2.2300,1000
RCGSDGP0523,20201019,982.5000,982.5000,982.5000,982.5000,10
RCGSDGP0921,20201019,993.5000,993.5000,993.5000,993.5000,80
RCGSXHC0422,20201019,1135.5000,1135.5000,1135.5000,1135.5000,25
RCGTECBSK0222,20201019,1097.0000,1097.0000,1097.0000,1097.0000,20
RCGTECBSK0621,20201019,1080.5000,1080.5000,1080.5000,1080.5000,79
RCLNAGOPEN,20201019,1.8500,1.8500,1.8400,1.8400,113908
RCSDAXOPEN,20201019,87.9000,87.9000,87.9000,87.9000,30
RCSILAOPEN,20201019,96.1000,96.1000,96.1000,96.1000,3
RCSUGAOPEN,20201019,2.4900,2.4900,2.4900,2.4900,5425
RCTSOIL022,20201019,3.3300,3.3300,3.3300,3.3300,32
RCTSPGN,20201019,1.6200,1.6900,1.6200,1.6900,2664
RCWHTAOPEN,20201019,5.5600,5.5900,5.5500,5.5500,4655
REDAN,20201019,0.1910,0.1910,0.1780,0.1780,28248
REINO,20201019,1.4800,1.4800,1.4800,1.4800,2
RELPOL,20201019,5.1200,5.5600,5.1000,5.4000,33690
REMAK,20201019,10.4000,10.4000,9.9000,9.9000,1358
RONSON,20201019,1.4300,1.5500,1.4300,1.5500,136404
ROPCZYCE,20201019,20.4000,20.6000,20.3000,20.5000,389
RYVU,20201019,61.0000,64.0000,60.8000,63.0000,31406
SANOK,20201019,12.4000,13.0000,12.4000,13.0000,1637
SANPL,20201019,137.2000,140.0000,128.7000,130.2000,78820
SANTANDER,20201019,7.5100,7.5800,7.4100,7.5000,7110
SANWIL,20201019,4.5000,4.7000,4.5000,4.5800,116726
SECOGROUP,20201019,14.1000,14.4000,14.1000,14.4000,200
SEKO,20201019,8.6500,8.6500,8.6000,8.6000,964
SELENAFM,20201019,14.5000,15.7000,14.5000,15.5000,14866
SELVITA,20201019,43.0000,43.1000,41.8000,42.2000,2725
SERINUS,20201019,0.3540,0.3580,0.3500,0.3580,61487
SESCOM,20201019,27.0000,27.0000,27.0000,27.0000,6
SFINKS,20201019,0.3690,0.3690,0.3600,0.3690,2402
SILVAIR-REGS,20201019,9.1100,9.1100,9.1100,9.1100,12
SIMPLE,20201019,11.0000,11.0000,10.9000,10.9000,312
SKARBIEC,20201019,25.7000,25.7000,25.0000,25.1000,854
SKOTAN,20201019,1.9300,1.9300,1.9300,1.9300,2621
SKYLINE,20201019,0.6400,0.7200,0.6400,0.7200,350
SLEEPZAG,20201019,0.3480,0.3480,0.3480,0.3480,942
SNIEZKA,20201019,85.4000,86.0000,84.4000,86.0000,184
SOLAR,20201019,3.6100,3.7000,3.5300,3.6500,7458
SONEL,20201019,9.5000,9.5000,9.4500,9.4500,1376
SOPHARMA,20201019,14.0000,14.4000,14.0000,14.0000,86
STALEXP,20201019,2.7900,2.8000,2.7700,2.8000,28255
STALPROD,20201019,173.0000,179.2000,173.0000,177.0000,829
STALPROFI,20201019,5.4600,5.4600,5.3800,5.3800,7766
STAPORKOW,20201019,2.5000,2.5000,2.5000,2.5000,671
STARHEDGE,20201019,0.4500,0.4500,0.4500,0.4500,437
SUNEX,20201019,4.5100,4.5100,4.2400,4.3000,28853
SUWARY,20201019,16.7000,16.7000,16.7000,16.7000,25
SWISSMED,20201019,3.2700,4.0000,3.1700,4.0000,63987
SYGNITY,20201019,7.5600,7.8000,7.5600,7.7400,8672
SYNEKTIK,20201019,25.2000,27.5000,25.1000,25.5000,18731
TALEX,20201019,11.5000,11.5000,11.2500,11.2500,1080
TATRY,20201019,168.0000,168.0000,168.0000,168.0000,40
TAURONPE,20201019,2.0500,2.1400,2.0180,2.1020,2948082
TBULL,20201019,22.9000,22.9000,22.1000,22.4000,1373
TERMOREX,20201019,1.0300,1.0300,1.0300,1.0300,50
TESGAS,20201019,4.0000,4.2800,4.0000,4.1400,27697
TIM,20201019,13.0500,13.2500,12.8000,13.0000,33293
TORPOL,20201019,10.7000,11.2000,10.7000,10.8500,28803
TOYA,20201019,7.7000,7.8400,7.7000,7.8200,16729
TRAKCJA,20201019,1.4800,1.5100,1.4600,1.4800,46277
TRANSPOL,20201019,2.8800,2.8800,2.8500,2.8500,2314
TRITON,20201019,2.3500,2.3500,2.3500,2.3500,9
TSGAMES,20201019,675.0000,698.0000,675.0000,679.0000,17900
ULMA,20201019,49.4000,49.4000,47.0000,47.0000,133
ULTGAMES,20201019,29.0000,30.6000,28.5000,30.2500,21153
UNIBEP,20201019,6.7200,7.1000,6.6000,6.9200,2903
UNICREDIT,20201019,32.3300,32.3300,32.3300,32.3300,3
UNIMOT,20201019,27.2000,29.9000,27.2000,29.4000,24398
URSUS,20201019,0.4800,0.5030,0.4760,0.4800,152460
VIGOSYS,20201019,540.0000,540.0000,520.0000,530.0000,269
VINDEXUS,20201019,4.5800,4.6100,4.5100,4.6100,812436
VISTAL,20201019,3.2450,3.4850,3.1000,3.4450,34270
VIVID,20201019,1.7800,1.8000,1.7420,1.8000,18866
VOTUM,20201019,12.1000,12.2500,11.3500,11.7500,23930
VOXEL,20201019,46.8000,48.0000,45.6000,45.6000,7459
VRG,20201019,2.2050,2.2050,2.1600,2.1800,135207
WASKO,20201019,1.2300,1.2600,1.2200,1.2250,12354
WAWEL,20201019,544.0000,560.0000,540.0000,552.0000,159
WIELTON,20201019,3.8800,3.8850,3.8000,3.8500,10543
WIKANA,20201019,2.1600,2.3600,2.1200,2.3600,18416
WIRTUALNA,20201019,74.8000,74.8000,71.2000,73.0000,16281
WITTCHEN,20201019,6.9200,6.9200,6.5000,6.5000,8965
WOJAS,20201019,4.0600,4.2000,4.0600,4.1800,2443
WORKSERV,20201019,0.9010,0.9280,0.8520,0.8800,281559
XTB,20201019,18.4000,19.2500,17.1000,17.2000,3141901
XTPL,20201019,74.0000,76.8000,73.8000,76.0000,1972
ZAMET,20201019,0.9250,0.9250,0.9250,0.9250,125
ZASTAL,20201019,20.0000,22.0000,19.4000,21.6000,2571
ZEPAK,20201019,9.8000,10.0000,9.6200,9.7400,10043
ZPUE,20201019,139.0000,140.0000,135.0000,140.0000,362
ZREMB,20201019,0.7750,0.7750,0.7700,0.7700,8691
ZUE,20201019,3.2400,3.5400,3.1600,3.5000,5693
ZYWIEC,20201019,472.0000,474.0000,470.0000,474.0000,28
INVESTORMS,20201019,3902.8400,3902.8400,3886.8700,3886.8700,320661.166
MWIG40,20201019,3575.1000,3604.7600,3564.2500,3564.2500,221759.769
MWIG40DVP,20201019,63.1100,63.1100,63.1100,63.1100,221759.769
MWIG40TR,20201019,4735.0300,4772.1800,4720.6600,4720.6600,221759.769
SWIG80,20201019,13743.4900,13879.4600,13743.4900,13838.3400,57286.859
SWIG80DVP,20201019,264.8600,264.8600,264.8600,264.8600,57286.859
SWIG80TR,20201019,17746.9100,17922.4900,17746.9100,17869.3900,57286.859
WIG,20201019,48419.2600,48841.1800,48022.6000,48128.1500,1102282.872
WIG-BANKI,20201019,3596.1900,3646.4100,3505.0600,3519.4700,123371.251
WIG-BUDOW,20201019,2862.6400,2887.9000,2862.6400,2874.2500,4097.192
WIG-CEE,20201019,1080.7900,1084.1900,1080.7900,1084.1900,2370.539
WIG-CHEMIA,20201019,6370.3400,6643.6000,6370.3400,6552.4700,6284.950
WIG-ENERG,20201019,1692.8400,1750.0200,1674.1100,1735.5100,32371.214
WIG-ESG,20201019,7849.9800,7917.3900,7749.6700,7768.3700,702755.053
WIG-GORNIC,20201019,3961.0700,4004.3500,3893.6200,3895.6000,62436.392
WIG-INFO,20201019,3821.4700,3872.4200,3804.3200,3837.0100,14744.085
WIG-LEKI,20201019,6042.0100,6168.0000,5981.6600,6018.6100,30950.941
WIG-MEDIA,20201019,4959.5100,4959.5100,4788.7700,4833.7800,1886.875
WIG-MOTO,20201019,3745.2000,3895.3200,3744.8500,3844.8000,3016.949
WIG-NRCHOM,20201019,2112.6200,2121.2000,2089.7000,2107.3700,2375.706
WIG-ODZIEZ,20201019,3592.1800,3677.1800,3530.3000,3589.3900,33720.240
WIG-PALIWA,20201019,3870.1100,3886.3300,3799.9600,3824.1400,81646.028
WIG-POLAND,20201019,49543.4200,49543.4200,49196.2900,49196.2900,1097857.945
WIG-SPOZYW,20201019,2990.4000,3009.6700,2949.1500,2949.1500,4905.564
WIG-TELKOM,20201019,879.8600,893.8700,879.8600,886.1000,53777.584
WIG-UKRAIN,20201019,339.1800,339.1800,337.0800,337.0800,2024.427
WIG.GAMES,20201019,34031.3200,34500.3900,33788.3900,33805.7100,139576.926
WIG.MS-BAS,20201019,8689.5800,8832.9500,8588.0300,8755.8100,88980.431
WIG.MS-FIN,20201019,5463.7800,5537.6900,5300.8000,5324.6600,143478.734
WIG.MS-PET,20201019,5248.6200,5272.5100,5168.0600,5199.0200,86926.468
WIG20,20201019,1663.7500,1681.7400,1640.8200,1648.1100,804167.659
WIG20DVP,20201019,10.3700,10.3700,10.3700,10.3700,804167.659
WIG20LEV,20201019,305.6400,312.2200,297.2600,299.9300,804167.659
WIG20SHORT,20201019,4342.8700,4403.3300,4295.4300,4384.1100,804167.659
WIG20TR,20201019,3046.7400,3075.2600,3008.5100,3018.5900,804167.659
WIG30,20201019,1905.6200,1925.5200,1883.1100,1889.8400,832766.000
WIG30TR,20201019,3444.4400,3444.4400,3415.7300,3415.7300,832766.000
WIGDIV,20201019,962.7900,970.3500,961.3300,961.4500,89400.329
WIGTECH,20201019,14704.7700,14872.3100,14704.7700,14753.5100,0.000
