06MAGNA,20201209,1.5200,1.5200,1.4500,1.5000,44846
11BIT,20201209,481.5000,487.0000,470.5000,475.5000,9517
4FUNMEDIA,20201209,4.6200,4.7400,4.6100,4.6200,12587
ABPL,20201209,33.0000,33.5000,32.6000,33.0000,2333
ACAUTOGAZ,20201209,36.1000,36.7000,36.1000,36.7000,576
ACTION,20201209,5.1200,5.2000,4.8600,5.0800,106226
ADIUVO,20201209,5.4000,5.4000,5.1400,5.1400,7635
AGORA,20201209,6.9400,7.0400,6.7200,6.9400,15249
AGROTON,20201209,4.6400,4.7200,4.4000,4.4800,36227
AIGAMES,20201209,15.1500,15.1500,14.6000,14.9000,14301
AILLERON,20201209,11.5000,11.7500,10.5500,10.8000,184533
AIRWAY,20201209,1.7550,1.7900,1.6600,1.6700,363836
ALIOR,20201209,17.6900,18.5800,17.5900,18.1500,912704
ALLEGRO,20201209,78.2000,78.3500,75.5000,75.5700,1295897
ALTA,20201209,1.3300,1.4200,1.3300,1.3300,98883
ALTUSTFI,20201209,0.8380,0.8760,0.8200,0.8520,80478
ALUMETAL,20201209,44.2000,44.9000,44.2000,44.9000,1943
AMBRA,20201209,18.9000,19.0000,18.5000,18.9000,7288
AMICA,20201209,147.8000,150.0000,147.8000,150.0000,2700
AMREST,20201209,27.0500,28.5000,27.0500,28.4000,386103
APATOR,20201209,22.1000,22.6000,22.1000,22.6000,9575
APLISENS,20201209,11.2000,11.2000,10.7000,11.2000,103
APSENERGY,20201209,1.7000,1.7450,1.6650,1.7000,52646
ARCHICOM,20201209,20.5000,20.6000,20.3000,20.5000,18459
ARCTIC,20201209,5.5000,5.6800,5.3000,5.6000,133876
ARTERIA,20201209,4.0600,4.0600,3.9400,4.0600,1127
ARTIFEX,20201209,8.7200,8.9000,8.4400,8.7400,13413
ASBIS,20201209,7.0800,7.0900,6.8000,6.8000,179433
ASMGROUP,20201209,1.4600,1.4600,1.4600,1.4600,1600
ASSECOBS,20201209,35.8000,35.8000,34.6000,35.4000,2901
ASSECOPOL,20201209,66.5000,66.7000,66.0000,66.2000,105652
ASSECOSEE,20201209,39.2000,39.6000,38.8000,38.9000,2745
ASTARTA,20201209,25.8000,25.9000,24.0000,24.8000,12832
ATAL,20201209,32.0000,32.7000,31.5000,32.5000,1666
ATENDE,20201209,3.5200,3.5400,3.4600,3.5400,48410
ATLANTAPL,20201209,6.1200,6.1800,6.1200,6.1800,315
ATLANTIS,20201209,0.6980,0.7320,0.6500,0.7200,12616
ATLASEST,20201209,1.3500,1.3500,1.3500,1.3500,2000
ATMGRUPA,20201209,4.0000,4.0400,3.8000,3.9300,3813
ATREM,20201209,2.2000,2.2000,2.0900,2.1300,19949
AUTOPARTN,20201209,7.7000,7.9000,7.6400,7.6400,23298
BAHOLDING,20201209,0.8340,0.8360,0.7520,0.8200,17037454
BBIDEV,20201209,3.8100,3.8700,3.8100,3.8700,1597
BEDZIN,20201209,9.7500,9.9500,9.6500,9.9500,1168
BENEFIT,20201209,810.0000,815.0000,790.0000,802.0000,932
BEST,20201209,17.1000,17.1000,17.1000,17.1000,449
BETACOM,20201209,10.5000,10.5000,9.8000,9.8000,505
BETAM40TR,20201209,54.2800,55.0000,54.1800,54.5000,11546
BETAW20LV,20201209,40.0000,41.5400,39.9500,40.3800,24765
BETAW20ST,20201209,368.8000,368.8000,361.6000,366.3000,5625
BETAW20TR,20201209,33.5850,34.5000,33.5850,33.9700,31692
BIK,20201209,12.0000,13.0500,11.9000,12.2000,2830
BIOMEDLUB,20201209,11.1000,11.1000,10.5000,10.8000,1088003
BIOTON,20201209,4.4400,4.5000,4.4300,4.4900,123674
BNPPBNK20622,20201209,1059.0000,1059.0000,1059.0000,1059.0000,20
BNPPBSK0921,20201209,819.0000,819.0000,819.0000,819.0000,50
BNPPBSK10521,20201209,955.5000,957.5000,955.5000,957.5000,50
BNPPENDL1023,20201209,1047.5000,1047.5000,1047.5000,1047.5000,50
BNPPGOLD1222,20201209,1002.5000,1002.5000,1002.5000,1002.5000,200
BNPPPL,20201209,56.6000,58.0000,56.2000,58.0000,6023
BNPPSDGP0623,20201209,983.5000,983.5000,983.5000,983.5000,200
BNPPSLVR0323,20201209,992.5000,992.5000,992.5000,992.5000,50
BNPPSOGO1021,20201209,1052.5000,1052.5000,1052.5000,1052.5000,20
BNPPSOLE0322,20201209,1001.0000,1001.0000,1001.0000,1001.0000,100
BNPPSOLE1221,20201209,1026.0000,1026.0000,1026.0000,1026.0000,50
BNPPSPX0422,20201209,995.5000,995.5000,995.5000,995.5000,70
BNPPSPX1022,20201209,992.5000,992.5000,992.5000,992.5000,25
BNPPSX7E0321,20201209,767.0000,767.0000,767.0000,767.0000,130
BNPPSXPP0221,20201209,1029.0000,1032.0000,1029.0000,1030.0000,540
BNPPSXPP0421,20201209,1051.0000,1056.5000,1051.0000,1056.0000,570
BOGDANKA,20201209,19.0600,19.3800,18.8000,19.1200,77067
BOOMBIT,20201209,17.2000,17.2000,16.8600,17.1000,11192
BORYSZEW,20201209,3.0600,3.4100,3.0600,3.2500,261986
BOS,20201209,6.1000,6.1600,6.0200,6.1400,25637
BOWIM,20201209,2.3000,2.4600,2.3000,2.4600,40862
BPHFIZMLI,20201209,95.7000,95.7000,95.7000,95.7000,100
BRASTER,20201209,0.4550,0.4665,0.4525,0.4560,67001
BUDIMEX,20201209,279.5000,284.5000,273.0000,278.0000,11375
BUMECH,20201209,1.9750,1.9750,1.8800,1.9450,14961
CCC,20201209,72.8000,78.0000,72.8000,78.0000,1047801
CDPROJEKT,20201209,399.7000,412.1000,383.2000,395.8000,1413456
CDRL,20201209,17.0000,17.0000,16.3000,16.3000,3481
CELTIC,20201209,6.8000,7.1000,6.8000,7.1000,79
CEZ,20201209,80.4000,80.6000,78.8000,79.6000,2519
CFI,20201209,0.2390,0.2460,0.2250,0.2350,165884
CIECH,20201209,32.0000,32.6500,31.5000,31.6500,186407
CIGAMES,20201209,1.3020,1.3600,1.2840,1.3500,1609190
CITYSERV,20201209,7.4000,7.4500,7.4000,7.4500,1088
CLNPHARMA,20201209,42.8000,42.8000,41.7000,42.5500,15886
CNT,20201209,13.2000,13.2000,12.8000,13.0000,1746
COALENERG,20201209,0.4760,0.6300,0.4700,0.6300,222108
COGNOR,20201209,1.2500,1.4800,1.2150,1.4450,1194442
COMARCH,20201209,196.0000,198.0000,196.0000,197.5000,1906
COMP,20201209,53.8000,54.4000,53.0000,54.2000,2635
COMPERIA,20201209,2.9200,3.0000,2.9200,3.0000,1510
CORMAY,20201209,1.3000,1.3200,1.2900,1.2900,280306
CPGROUP,20201209,7.0000,7.0000,6.8000,6.9400,1648
CYFRPLSAT,20201209,28.4000,28.4000,27.7200,27.9400,1037896
CZTOREBKA,20201209,0.7900,0.7900,0.7900,0.7900,25
DATAWALK,20201209,196.5000,200.0000,196.0000,200.0000,2589
DEBICA,20201209,76.6000,77.8000,76.4000,77.8000,2182
DECORA,20201209,30.8000,31.0000,30.4000,31.0000,2998
DEKPOL,20201209,27.4000,27.4000,26.8000,27.4000,9605
DELKO,20201209,15.5000,16.2000,15.4000,16.1000,14473
DEVELIA,20201209,1.8940,1.9200,1.8820,1.9180,1692856
DGA,20201209,4.9800,5.0000,4.9200,5.0000,1532
DIGITREE,20201209,5.9500,5.9500,5.8000,5.8000,744
DINOPL,20201209,275.0000,275.2000,256.6000,260.8000,275327
DOMDEV,20201209,109.5000,110.0000,103.0000,107.0000,5723
DROZAPOL,20201209,1.6700,1.7900,1.5850,1.6400,13182
ECHO,20201209,4.2000,4.2900,4.1900,4.2000,67831
EDINVEST,20201209,3.8600,3.9400,3.8600,3.9400,4869
EFEKT,20201209,5.0500,5.1000,5.0500,5.1000,4489
EKOEXPORT,20201209,3.3250,3.4800,3.3000,3.4300,81485
ELBUDOWA,20201209,0.8100,0.8600,0.8010,0.8600,92745
ELEKTROTI,20201209,6.0200,6.1000,6.0000,6.1000,6976
ELEMENTAL,20201209,2.4150,2.4150,2.4050,2.4100,11248
ELKOP,20201209,0.2540,0.2640,0.2540,0.2630,126292
ELZAB,20201209,5.1000,6.2000,5.1000,5.7500,57159
EMCINSMED,20201209,15.7000,15.7000,14.3000,15.5000,6372
ENAP,20201209,1.4500,1.4500,1.3900,1.4500,504
ENEA,20201209,5.9300,6.5000,5.9300,6.4650,1186335
ENELMED,20201209,25.0000,28.0000,25.0000,27.6000,5582
ENERGA,20201209,7.8750,7.9400,7.8050,7.8750,113903
ENERGOINS,20201209,0.7500,0.7780,0.7200,0.7640,49585
ENTER,20201209,34.7000,36.5000,34.7000,35.7000,19493
ERBUD,20201209,21.4000,21.6000,21.4000,21.5000,420
ERG,20201209,42.4000,42.4000,40.6000,42.0000,97
ESOTIQ,20201209,13.6500,14.0000,13.5000,14.0000,5089
ETFDAX,20201209,565.4000,579.9000,555.9000,556.7000,240
ETFSP500,20201209,139.9800,140.0000,138.0000,138.5200,3183
ETFW20L,20201209,245.0000,250.0000,239.5000,246.1000,4787
EUCO,20201209,4.2500,4.3000,4.1500,4.2200,14319
EUROCASH,20201209,14.7000,14.9200,14.6900,14.8000,342399
EUROHOLD,20201209,4.3000,4.3000,4.2000,4.2000,10
EUROTEL,20201209,27.4000,27.4000,26.3000,26.7000,5329
FAMUR,20201209,1.9380,1.9480,1.9000,1.9360,688902
FASING,20201209,10.5000,10.5500,10.3000,10.4000,1598
FEERUM,20201209,10.7500,10.7500,10.6500,10.7000,215
FERRO,20201209,24.5000,24.5000,23.1000,24.3000,6432
FERRUM,20201209,3.1800,3.2000,3.1800,3.2000,1186
FON,20201209,0.1130,0.1130,0.1070,0.1110,239485
FORTE,20201209,39.4500,39.8500,39.0500,39.5000,2018
GAMEOPS,20201209,23.4000,23.7800,23.0000,23.4000,5342
GAMFACTOR,20201209,14.8000,16.0000,14.6520,16.0000,14159
GAMFACTOR-PDA,20201209,14.2000,15.3480,13.7100,15.3480,20945
GETIN,20201209,0.9150,0.9460,0.9150,0.9355,512086
GETINOBLE,20201209,0.2440,0.2530,0.2400,0.2500,4341118
GLCOSMED,20201209,4.3600,4.4400,4.0000,4.2000,68666
GPW,20201209,43.4000,44.3000,43.3000,44.2000,80198
GROCLIN,20201209,1.0750,1.1400,1.0450,1.1300,87398
GRODNO,20201209,12.1000,13.1000,11.9500,12.4500,191374
GRUPAAZOTY,20201209,27.8000,29.4000,27.8000,28.8500,211043
GTC,20201209,6.7400,6.8600,6.7000,6.8000,164102
HANDLOWY,20201209,36.5000,39.0000,36.4000,39.0000,62659
HARPER,20201209,13.1000,13.6000,12.8500,13.0000,32050
HELIO,20201209,10.5000,11.2000,10.4000,11.0000,3503
HERKULES,20201209,1.3300,1.3300,1.2800,1.3300,94873
HMINWEST,20201209,11.7000,11.8000,11.7000,11.8000,190
HUBSTYLE,20201209,1.0500,1.1200,1.0300,1.0900,14402
HYDROTOR,20201209,28.8000,28.8000,27.8000,28.0000,1136
I2DEV,20201209,9.0500,9.0500,9.0500,9.0500,10
IALBGR,20201209,0.2500,0.2700,0.2500,0.2700,10592
IDEABANK,20201209,1.6960,1.7220,1.6780,1.7100,120913
IDMSA,20201209,0.9800,0.9800,0.9600,0.9600,9804
IFCAPITAL,20201209,0.6850,0.6900,0.6500,0.6800,12020
IFIRMA,20201209,5.3800,5.3800,5.1400,5.2400,1888
IIAAV,20201209,73.5000,73.5000,73.5000,73.5000,15
IMCOMPANY,20201209,16.4000,16.6000,16.3000,16.4000,10983
IMMOBILE,20201209,2.4100,2.4700,2.4100,2.4500,1205
IMPEL,20201209,12.0000,12.2500,11.8500,12.2500,1565
IMPERA,20201209,2.0000,2.0200,1.9300,2.0000,32203
IMS,20201209,2.7400,2.7400,2.6000,2.6300,14477
INC,20201209,7.3400,7.3400,7.0000,7.0000,74782
INGBSK,20201209,164.0000,168.8000,164.0000,167.0000,9403
INPRO,20201209,4.7000,4.7000,4.7000,4.7000,2
INSTALKRK,20201209,19.7000,20.1000,19.5000,19.9500,2756
INTERAOLT,20201209,15.3500,15.8500,15.3500,15.8500,10396
INTERCARS,20201209,247.0000,247.0000,240.0000,240.0000,842
INTERFERI,20201209,4.7000,4.7000,4.4000,4.7000,1002
INTERSPPL,20201209,1.4200,1.4800,1.3900,1.4400,11185
INTLALE35055,20201209,21.1000,21.1000,18.9800,18.9800,1453
INTLALE35063,20201209,23.9000,23.9000,23.9000,23.9000,43
INTLALE36046,20201209,16.6000,16.6000,14.8600,15.8600,1033
INTLBCO31724,20201209,91.5000,91.5000,91.5000,91.5000,2
INTLBCO35246,20201209,55.1000,55.1000,55.1000,55.1000,30
INTLBCO35725,20201209,39.6000,39.6000,39.6000,39.6000,2040
INTLBCO36152,20201209,30.0500,31.0000,28.9000,30.4000,1490
INTLBCO36160,20201209,35.4500,35.4500,35.4500,35.4500,2311
INTLCCC28977,20201209,5.6000,5.6000,5.6000,5.6000,196
INTLCCC30510,20201209,5.7600,5.7600,5.7600,5.7600,200
INTLCCC30999,20201209,4.6500,4.7700,4.5700,4.7700,2790
INTLCCC31005,20201209,4.7600,5.0500,4.7600,5.0500,3230
INTLCDR22277,20201209,29.9000,29.9000,29.9000,29.9000,100
INTLCDR22392,20201209,27.6000,27.6000,27.6000,27.6000,50
INTLCDR22517,20201209,27.4000,27.5000,27.4000,27.5000,60
INTLCDR28951,20201209,20.3500,21.5000,20.3500,20.4000,105
INTLCDR28969,20201209,20.8500,20.8500,20.8500,20.8500,65
INTLCDR29850,20201209,18.9800,18.9800,18.9800,18.9800,100
INTLCDR30478,20201209,15.0600,15.8800,13.7000,14.9200,26440
INTLCDR30486,20201209,14.9800,14.9800,14.9800,14.9800,80
INTLCDR30718,20201209,12.9000,13.2600,10.9200,12.3600,114461
INTLCDR30726,20201209,14.2400,14.9400,12.4000,13.4400,15413
INTLCDR35345,20201209,10.1200,10.5000,7.9900,9.5100,37269
INTLCDR35352,20201209,10.7000,11.9200,9.6400,11.8400,20146
INTLCDR36277,20201209,8.6100,9.4000,6.6400,8.0200,109642
INTLDAX29959,20201209,195.6000,195.6000,194.4000,194.4000,12
INTLDAX29967,20201209,202.0000,202.0000,202.0000,202.0000,30
INTLDAX31542,20201209,128.0000,128.0000,126.0000,126.0000,55
INTLDAX31872,20201209,108.4000,108.4000,108.4000,108.4000,39
INTLDAX35618,20201209,78.9000,78.9000,78.9000,78.9000,20
INTLDAX35923,20201209,33.6500,37.5000,33.6500,35.5500,416
INTLDAX35931,20201209,44.5000,47.1500,44.5000,47.1500,60
INTLDAX36186,20201209,22.6000,26.2000,21.9500,24.6000,2684
INTLDNP32789,20201209,9.5300,9.5300,9.5300,9.5300,170
INTLDNP35493,20201209,7.0500,7.0500,5.4300,5.6300,6456
INTLDOW35964,20201209,119.8000,119.8000,119.8000,119.8000,3
INTLESX28852,20201209,56.3000,56.3000,56.3000,56.3000,62
INTLESX35949,20201209,21.6500,21.6500,21.3500,21.3500,200
INTLEUD33860,20201209,27.2000,27.2000,25.5500,25.5500,1993
INTLEUR24059,20201209,18.2600,18.4800,16.1400,16.1400,1253
INTLEUR25650,20201209,29.3500,29.3500,27.6500,27.6500,60
INTLEUR27599,20201209,12.8200,12.8200,11.6200,12.0200,2222
INTLEUR28324,20201209,9.8100,9.8100,9.3800,9.3800,390
INTLGBP34645,20201209,18.4400,18.4400,18.4400,18.4400,30
INTLGBU31815,20201209,83.7000,83.7000,83.7000,83.7000,548
INTLGBU34850,20201209,31.5000,33.6500,31.5000,32.8500,1939
INTLGLD23069,20201209,193.8000,193.8000,193.8000,193.8000,7
INTLGLD23903,20201209,173.4000,173.4000,173.4000,173.4000,15
INTLGLD24166,20201209,154.4000,154.4000,154.4000,154.4000,120
INTLGLD30148,20201209,285.5000,285.5000,285.5000,285.5000,17
INTLGLD30866,20201209,113.8000,113.8000,111.4000,111.4000,10
INTLGLD31310,20201209,92.2000,92.2000,83.8000,86.7000,110
INTLGLD33092,20201209,67.9000,68.5000,60.0000,62.0000,473
INTLGLD33100,20201209,56.7000,57.2000,49.4000,51.9000,4084
INTLHSC30643,20201209,31.1000,31.1000,31.1000,31.1000,35
INTLJSW29884,20201209,17.3800,17.3800,17.3800,17.3800,200
INTLJSW32136,20201209,14.2800,14.7800,14.2800,14.7800,285
INTLJSW35386,20201209,12.0400,13.4200,11.9800,12.8400,3350
INTLJSW35394,20201209,14.0800,14.0800,14.0800,14.0800,40
INTLJSW36020,20201209,9.8800,11.1000,9.8800,10.5800,5763
INTLJSW36038,20201209,12.1400,12.1400,11.6400,11.7400,1250
INTLKGH32995,20201209,104.6000,104.6000,104.6000,104.6000,31
INTLKGH33951,20201209,102.0000,102.0000,102.0000,102.0000,50
INTLKGH34793,20201209,81.7000,81.7000,81.7000,81.7000,80
INTLKGH35782,20201209,64.8000,68.8000,64.8000,66.2000,560
INTLKGH36228,20201209,59.5000,64.8000,59.5000,63.1000,281
INTLLTS34702,20201209,19.3200,21.7000,19.0400,21.7000,12102
INTLLTS35360,20201209,23.1000,23.1000,23.1000,23.1000,60
INTLNAG34462,20201209,4.1500,4.1500,4.0800,4.0800,1490
INTLNDX34777,20201209,80.8000,80.8000,80.6000,80.6000,35
INTLNDX35659,20201209,57.1000,57.1000,56.2000,56.2000,47
INTLNKX32854,20201209,259.0000,259.0000,259.0000,259.0000,40
INTLOPL21626,20201209,2.9400,2.9400,2.8300,2.8300,4050
INTLPEO35824,20201209,19.7400,21.2000,19.7400,20.9500,726
INTLPEO36251,20201209,14.1600,17.5600,14.1600,17.2600,2920
INTLPGE31427,20201209,2.5900,2.8300,2.5900,2.7800,7500
INTLPGE35329,20201209,2.0000,2.0000,2.0000,2.0000,2000
INTLPGE35337,20201209,2.1200,2.1200,2.1200,2.1200,458
INTLPGE35741,20201209,1.3200,1.6600,1.2500,1.6600,20402
INTLPGE35758,20201209,1.6000,1.7400,1.6000,1.7400,6000
INTLPGN32615,20201209,1.7100,1.7100,1.6000,1.6000,16000
INTLPGN36004,20201209,1.4600,1.4600,1.4600,1.4600,22000
INTLPKN04101,20201209,30.5000,31.2000,30.5000,31.0000,751
INTLPKN04119,20201209,33.7000,33.7000,33.1000,33.1000,48
INTLPKN35840,20201209,21.4000,21.8500,21.2000,21.5000,5714
INTLPKN35857,20201209,23.3500,23.3500,23.3500,23.3500,60
INTLPKN35873,20201209,27.0000,27.0000,27.0000,27.0000,40
INTLPKO29405,20201209,13.8400,14.3200,13.8400,14.3200,600
INTLPKO29413,20201209,15.2200,15.2200,15.2200,15.2200,70
INTLPKO30395,20201209,11.8800,12.9400,11.8800,12.4600,2101
INTLPKO35808,20201209,8.0800,8.5800,8.0800,8.5800,306
INTLPKO36236,20201209,6.3300,7.3800,6.3300,7.2900,14141
INTLPKO36244,20201209,7.8500,8.3000,7.8500,7.9900,2626
INTLPLA30270,20201209,13.3600,13.3600,13.3600,13.3600,1500
INTLPLA31138,20201209,11.7200,11.7200,11.7200,11.7200,15
INTLPLA33084,20201209,9.0700,9.0700,9.0700,9.0700,100
INTLPLA35709,20201209,7.0500,7.0500,6.9500,6.9500,500
INTLPLA35717,20201209,8.4500,8.4500,8.4500,8.4500,177
INTLPLA36178,20201209,6.1800,6.1800,5.8600,5.8600,200
INTLPZU15610,20201209,9.5800,9.8400,9.5800,9.7700,2165
INTLPZU15800,20201209,10.5600,11.2000,10.5600,11.1800,2260
INTLPZU35766,20201209,7.5100,8.1000,7.5100,7.9700,958
INTLPZU35980,20201209,5.2800,6.1200,5.2800,6.1200,5874
INTLPZU35998,20201209,6.6400,7.1200,6.6200,6.8100,7442
INTLSLV29298,20201209,53.5000,53.5000,53.5000,53.5000,100
INTLSLV33043,20201209,26.7500,26.7500,26.5500,26.5500,30
INTLSLV33340,20201209,12.9600,13.8000,12.0600,12.5000,21386
INTLSLV33357,20201209,16.1200,16.7600,15.0400,15.5200,3541
INTLSLV33365,20201209,18.9800,18.9800,18.9800,18.9800,265
INTLSLV33373,20201209,21.5000,21.5000,21.5000,21.5000,20
INTLSLV33381,20201209,24.6000,24.6000,24.6000,24.6000,5
INTLSPX33894,20201209,29.6500,29.6500,29.6500,29.6500,80
INTLSPX34900,20201209,20.8500,21.0000,20.6000,20.6000,221
INTLSPX35972,20201209,16.2600,16.3000,16.0000,16.0000,457
INTLTNF25320,20201209,69.8000,69.8000,68.3000,68.3000,139
INTLUSD20602,20201209,12.4200,12.6400,10.2800,12.0200,2905
INTLUSD20610,20201209,17.3000,17.4600,15.6000,17.4600,4150
INTLUSD20826,20201209,23.1000,23.1000,20.6000,21.4000,360
INTLUSD20842,20201209,29.0000,29.0500,27.2000,27.2000,680
INTLW2029892,20201209,5.7200,6.1000,5.7200,6.0000,5700
INTLW2029900,20201209,6.4300,6.4300,6.4300,6.4300,1000
INTLW2030585,20201209,5.5300,5.5300,5.5300,5.5300,250
INTLW2035550,20201209,4.0300,4.4300,4.0300,4.1900,9155
INTLW2035899,20201209,3.3400,3.6000,3.3400,3.6000,107150
INTLW2035907,20201209,3.7000,3.7000,3.6100,3.6100,3209
INTLW2035915,20201209,3.7500,3.8400,3.7500,3.8400,2184
INTLW2036079,20201209,2.4700,2.8000,2.4000,2.5400,46330
INTLW2036087,20201209,2.6700,2.7000,2.6700,2.7000,743
INTLW2036095,20201209,3.1300,3.1300,3.1300,3.1300,319
INTROL,20201209,3.8800,3.9800,3.8800,3.9000,19370
INTSALE35212,20201209,64.0000,65.2000,64.0000,65.2000,270
INTSALE36285,20201209,49.6500,50.5000,49.6500,50.4000,843
INTSBCO28035,20201209,19.6800,21.0000,17.9800,21.0000,8960
INTSBCO28043,20201209,25.6500,28.4500,25.6500,28.0000,960
INTSBCO28068,20201209,40.0000,40.0000,40.0000,40.0000,13
INTSCCC27029,20201209,5.5200,5.5200,5.3100,5.3100,927
INTSCCC27037,20201209,7.0000,7.0400,6.7700,6.7700,1600
INTSCCC27698,20201209,3.0800,3.1300,2.9500,2.9500,32353
INTSCDR34124,20201209,15.4000,17.4200,14.6600,16.0000,43495
INTSCDR34199,20201209,19.3200,21.2000,18.8800,20.1000,18063
INTSDAX25783,20201209,21.2000,21.2000,15.7000,19.5000,11663
INTSDAX25825,20201209,33.2500,33.2500,29.0500,32.0500,4475
INTSDAX26591,20201209,43.0500,43.0500,43.0500,43.0500,6
INTSDAX26609,20201209,55.8000,56.5000,54.8000,56.3000,1777
INTSDAX36111,20201209,69.6000,70.4000,67.9000,70.4000,92
INTSDOW27128,20201209,43.7000,48.8000,43.7000,48.8000,30
INTSDOW33282,20201209,58.4000,58.4000,58.4000,58.4000,100
INTSESX26021,20201209,16.7800,16.7800,16.7800,16.7800,100
INTSEUD03764,20201209,28.1500,28.3000,27.9000,28.3000,1154
INTSEUR29181,20201209,46.5000,46.5000,46.5000,46.5000,100
INTSEUR36053,20201209,18.6000,18.8000,17.6600,17.6600,48
INTSGBU21030,20201209,59.0000,59.0000,59.0000,59.0000,30
INTSGBU26971,20201209,26.3000,27.1000,25.0000,26.9500,3000
INTSGLD34496,20201209,87.7000,87.7000,87.7000,87.7000,15
INTSGLD34504,20201209,76.0000,76.0000,76.0000,76.0000,223
INTSGLD36301,20201209,39.8000,44.0000,37.9000,44.0000,124
INTSGLD36319,20201209,58.2000,63.6000,58.2000,61.4000,150
INTSLTS34041,20201209,14.7600,14.7600,12.8200,12.8200,4618
INTSNAG27797,20201209,6.0400,6.0700,6.0400,6.0700,1600
INTSNDX33233,20201209,21.5500,24.4500,21.5500,22.7000,1408
INTSNDX33241,20201209,38.1000,38.2500,38.1000,38.2500,50
INTSNDX33258,20201209,51.9000,51.9000,51.9000,51.9000,400
INTSNDX33647,20201209,99.5000,99.5000,99.5000,99.5000,13
INTSNKX36137,20201209,158.4000,158.4000,154.8000,155.2000,310
INTSPGE26989,20201209,3.4000,3.4000,3.4000,3.4000,650
INTSPGE34157,20201209,2.3700,2.3700,2.0900,2.0900,1320
INTSPGN34033,20201209,0.9500,0.9500,0.9500,0.9500,26451
INTSPKN20024,20201209,80.0000,80.0000,80.0000,80.0000,50
INTSPKN23663,20201209,51.6000,51.6000,51.6000,51.6000,100
INTSPKN27300,20201209,36.6000,36.6000,36.2500,36.2500,268
INTSPKN27649,20201209,17.4000,17.4000,17.0000,17.0000,393
INTSPKO25361,20201209,23.7000,23.7000,23.7000,23.7000,100
INTSPKO26997,20201209,15.2400,15.2400,14.1600,14.6200,2221
INTSPLA25544,20201209,4.8200,5.3000,4.8200,5.2400,1929
INTSPZU20131,20201209,18.9200,18.9200,18.9200,18.9200,500
INTSSLV34520,20201209,22.2500,22.2500,22.2500,22.2500,50
INTSSLV34553,20201209,13.2800,13.6000,12.9400,13.6000,414
INTSSLV36343,20201209,7.5600,8.4400,6.6000,8.3700,1747
INTSSPX34140,20201209,8.7100,9.1000,8.5100,9.1000,25101
INTSSPX34215,20201209,20.4500,21.0500,20.4500,21.0500,327
INTSSPX34439,20201209,33.5000,33.5000,33.5000,33.5000,10
INTSUSD36061,20201209,24.6000,26.1000,24.5500,25.4500,1610
INTSW2005892,20201209,4.4400,4.4400,4.3100,4.3100,1000
INTSW2019596,20201209,5.8100,5.8100,5.8100,5.8100,1394
INTSW2020859,20201209,3.2100,3.2100,3.2100,3.2100,1000
INTSW2020867,20201209,3.6600,3.6600,3.4200,3.5400,1874
INTSW2020875,20201209,3.9000,3.9000,3.9000,3.9000,1422
INTSW2024257,20201209,3.1100,3.1100,2.8500,2.8500,3000
INTSW2026005,20201209,2.5100,2.5100,2.5100,2.5100,578
INTSW2026328,20201209,2.4800,2.4800,2.3100,2.3100,12000
INTSW2027060,20201209,1.8800,1.9000,1.6000,1.8100,130640
INTSW2027078,20201209,2.2100,2.2100,2.0700,2.0900,8900
INTSW2027243,20201209,1.6700,1.6700,1.5600,1.5900,3925
INTSW2027391,20201209,1.1900,1.1900,0.8000,1.0700,86544
INTSW2027409,20201209,1.3500,1.3900,1.0800,1.2700,67022
INVISTA,20201209,0.3200,0.3200,0.3000,0.3000,16526
INVPEFIZ,20201209,859.8900,859.8900,831.1100,831.1100,6
IPOPEMA,20201209,3.9000,4.0400,3.8800,4.0200,14204
ITMTRADE,20201209,0.1400,0.1480,0.1370,0.1480,86660
IZOBLOK,20201209,37.3000,37.9000,37.0000,37.2000,1492
IZOLACJA,20201209,1.8500,1.9000,1.7800,1.8000,6671
IZOSTAL,20201209,2.4000,2.4400,2.3700,2.4100,94183
JSW,20201209,25.6800,27.4800,25.6000,27.2000,2292876
JWCONSTR,20201209,3.0400,3.1500,3.0000,3.0500,14930
K2INTERNT,20201209,24.8000,25.0000,24.2000,25.0000,2406
KCI,20201209,0.6600,0.6600,0.6440,0.6500,54860
KERNEL,20201209,47.0000,48.2000,46.8500,47.5000,36098
KETY,20201209,460.0000,461.5000,450.5000,454.5000,6009
KGHM,20201209,183.5500,191.9500,183.5500,185.0000,1013380
KGL,20201209,16.2000,16.2000,16.0000,16.1000,727
KINOPOL,20201209,8.2500,8.3000,8.1000,8.3000,2787
KOGENERA,20201209,32.7000,32.7000,32.6000,32.7000,2939
KOMPAP,20201209,11.5000,11.5000,11.5000,11.5000,100
KOMPUTRON,20201209,2.1400,2.3000,2.1400,2.2800,26083
KPPD,20201209,29.2000,29.2000,29.2000,29.2000,11
KREC,20201209,7.8000,7.8000,7.6000,7.7000,314
KREDYTIN,20201209,10.9000,10.9000,10.9000,10.9000,1
KRKA,20201209,406.0000,406.0000,406.0000,406.0000,8
KRUK,20201209,139.8000,143.4000,137.5000,138.7000,24571
KRUSZWICA,20201209,65.0000,65.8000,65.0000,65.6000,143918
KRVITAMIN,20201209,20.3000,20.3000,18.4500,19.1000,36469
KSGAGRO,20201209,2.6000,2.6400,2.4400,2.5000,21183
LABOPRINT,20201209,11.9000,11.9000,11.3000,11.3000,261
LARQ,20201209,1.7800,1.7800,1.7550,1.7550,910
LENA,20201209,3.9000,3.9000,3.8200,3.8300,17837
LENTEX,20201209,10.5000,10.8500,10.4500,10.7000,28371
LIBET,20201209,2.1400,2.1400,2.0600,2.1000,19362
LIVECHAT,20201209,99.4000,99.5000,97.9000,98.4000,152360
LMESFIZ,20201209,1249.8000,1249.8000,1249.8000,1249.8000,6
LOKUM,20201209,12.2000,12.5000,12.0500,12.3000,3390
LOTOS,20201209,40.4000,43.8400,40.3000,43.3000,2975334
LPP,20201209,7240.0000,7445.0000,7150.0000,7365.0000,2878
LSISOFT,20201209,12.2500,12.4000,12.2000,12.3500,3840
LUBAWA,20201209,1.4900,1.5100,1.4350,1.4600,290762
MABION,20201209,23.0500,23.2000,22.0000,22.1000,35308
MAKARONPL,20201209,5.6500,5.7000,5.6000,5.7000,5651
MANGATA,20201209,54.0000,58.0000,53.5000,58.0000,3116
MARVIPOL,20201209,5.1200,5.2000,5.1200,5.2000,22755
MASTERPHA,20201209,3.9200,4.1500,3.8900,4.1500,3668
MAXCOM,20201209,12.5000,12.7500,12.1500,12.4000,15883
MBANK,20201209,177.6000,197.5000,176.2000,188.6000,214064
MBWS,20201209,6.1000,6.1000,5.8600,5.8600,152
MCI,20201209,15.0000,15.4000,15.0000,15.3000,19438
MDIENERGIA,20201209,3.2700,3.3100,2.9800,3.0200,101522
MEDIACAP,20201209,1.8200,1.8900,1.8200,1.8900,366
MEDICALG,20201209,21.3500,21.3500,20.5000,21.2500,22516
MENNICA,20201209,19.8000,19.8000,19.4000,19.7000,5355
MERCATOR,20201209,495.0000,504.0000,441.0000,442.0000,424457
MERCOR,20201209,10.1500,11.1000,10.1500,10.8000,49010
MEXPOLSKA,20201209,1.3600,1.4000,1.3200,1.4000,12412
MFO,20201209,22.8000,23.6000,22.6000,23.6000,16352
MILKILAND,20201209,0.6999,0.7170,0.6701,0.6950,38660
MILLENNIUM,20201209,3.1500,3.3900,3.1400,3.3780,5453752
MIRACULUM,20201209,1.1300,1.1500,1.1300,1.1450,99373
MIRBUD,20201209,3.1900,3.2000,3.0200,3.1100,574669
MLPGROUP,20201209,82.0000,82.0000,81.0000,81.0000,521
MLSYSTEM,20201209,81.0000,81.2000,78.4000,80.0000,18806
MOBRUK,20201209,214.0000,214.0000,210.0000,212.0000,5892
MOJ,20201209,1.2100,1.2100,1.1700,1.1700,599
MOL,20201209,25.1000,25.9800,25.1000,25.8000,16340
MONNARI,20201209,2.1000,2.2000,1.9900,2.0400,162856
MOSTALPLC,20201209,8.5200,8.8000,8.5000,8.8000,7344
MOSTALWAR,20201209,4.2500,4.4500,4.2500,4.4500,14748
MOSTALZAB,20201209,1.0200,1.0400,0.9940,1.0200,197868
MUZA,20201209,3.3800,3.4000,3.3600,3.3600,6502
MWTRADE,20201209,1.8300,1.8300,1.8200,1.8200,3190
NANOGROUP,20201209,6.0000,7.0000,5.4000,5.6000,264752
NANOGROUP-PDA,20201209,4.9600,5.1500,4.5000,4.6800,121387
NETIA,20201209,4.4300,4.5500,4.4300,4.5300,13526
NEUCA,20201209,658.0000,661.0000,637.0000,643.0000,3593
NEWAG,20201209,25.5000,26.6000,25.3000,25.8000,12311
NEXITY,20201209,20.0000,21.0000,20.0000,21.0000,1617
NOVATURAS,20201209,14.9000,15.0000,12.9000,13.7000,5369
NOVAVISGR,20201209,1.6200,1.6600,1.6000,1.6000,4019
NOVITA,20201209,135.0000,137.5000,135.0000,137.0000,429
NOWAGALA,20201209,0.9000,0.9400,0.9000,0.9400,3169
NTTSYSTEM,20201209,4.0000,4.2000,3.9000,4.1900,20188
OAT,20201209,49.0000,50.0000,46.5000,47.0000,62707
ODLEWNIE,20201209,4.9000,5.0200,4.8500,4.9000,8596
OEX,20201209,15.4000,15.4000,15.1000,15.1000,1910
OPENFIN,20201209,1.0000,1.0500,1.0000,1.0500,520
OPERA3GR,20201209,255.0000,255.0000,255.0000,255.0000,19
OPONEO.PL,20201209,38.5000,39.3000,37.7000,39.0000,265969
OPTEAM,20201209,32.2000,33.6000,31.6000,31.8000,69823
ORANGEPL,20201209,6.4600,6.5400,6.3500,6.3500,3807841
ORCOGROUP,20201209,1.3500,1.4000,1.3000,1.3300,10117
ORZBIALY,20201209,11.3000,11.4000,11.2000,11.3500,3766
OTLOG,20201209,4.0000,4.2000,3.8600,4.1400,6427
OTMUCHOW,20201209,1.6800,1.7000,1.5700,1.6600,24812
PAMAPOL,20201209,1.3500,1.3900,1.3500,1.3900,10852
PANOVA,20201209,11.0000,11.0000,10.6000,10.9000,349
PATENTUS,20201209,0.9900,1.0350,0.9500,1.0300,12150
PBKM,20201209,80.0000,80.0000,79.0000,79.0000,77
PCCEXOL,20201209,3.5400,3.5400,3.3000,3.3300,272459
PCCROKITA,20201209,52.6000,53.8000,52.6000,53.4000,7217
PEKABEX,20201209,16.2000,16.4000,16.0500,16.1000,3614
PEKAO,20201209,59.8400,64.8600,59.7600,63.8400,2419085
PEMANAGER,20201209,15.0000,15.0000,14.9000,14.9000,1179
PEP,20201209,50.2000,53.0000,50.2000,50.4000,6246
PEPEES,20201209,1.3200,1.3500,1.3200,1.3500,12963
PGE,20201209,5.9760,6.5000,5.9500,6.4040,8021388
PGNIG,20201209,5.2700,5.4280,5.2340,5.2700,6881543
PGO,20201209,1.3600,1.3800,1.2850,1.3100,109104
PGSSOFT,20201209,12.9000,12.9500,12.7000,12.8500,1873
PHARMENA,20201209,10.3000,10.3000,9.8000,10.3000,10142
PHN,20201209,10.2500,10.8500,10.2000,10.7000,7953
PKNORLEN,20201209,60.0000,62.5000,59.9000,61.7000,2571429
PKOBP,20201209,28.4000,29.8600,28.3800,29.1500,4353923
PKOGD,20201209,108.0000,108.0000,107.9100,107.9100,187
PKOGS,20201209,92.0100,92.0100,92.0000,92.0000,250
PKPCARGO,20201209,13.2000,14.1800,13.2000,13.5000,378933
PLASTBOX,20201209,1.8500,1.8850,1.8500,1.8850,8116
PLAY,20201209,38.5200,38.6000,38.5000,38.5200,37213
PLAYWAY,20201209,601.0000,638.0000,599.0000,610.0000,10663
PLAZACNTR,20201209,1.5600,1.6700,1.5600,1.6700,1008
PMPG,20201209,1.9000,1.9000,1.8200,1.8200,1574
POLICE,20201209,12.2000,12.4000,11.8000,12.3000,6245
POLIMEXMS,20201209,2.2500,2.3500,2.2500,2.3400,660809
POLNORD,20201209,3.4950,3.5000,3.4950,3.4950,94159
POLWAX,20201209,3.3200,3.4100,3.3200,3.3800,42401
POZBUD,20201209,2.3200,2.3500,2.2100,2.2800,158909
PRAGMAFA,20201209,24.2000,24.2000,24.0000,24.0000,3440
PRAGMAINK,20201209,6.2400,6.3000,6.2400,6.3000,101
PRAIRIE,20201209,0.5460,0.5690,0.5000,0.5650,2708138
PRIMETECH,20201209,1.1500,1.2500,1.1500,1.1600,5124
PROCHEM,20201209,18.7000,18.7000,18.7000,18.7000,2
PROJPRZEM,20201209,16.5000,16.5000,16.2000,16.2500,227
PROTEKTOR,20201209,3.9000,3.9600,3.8400,3.8400,56893
PROVIDENT,20201209,4.8200,4.8600,4.6950,4.8550,58722
PULAWY,20201209,87.6000,88.2000,87.0000,87.0000,1364
PUNKPIRAT,20201209,0.6900,0.7300,0.6900,0.7300,170788
PZU,20201209,28.1400,29.0000,28.0400,28.5800,3799357
PZUAKORD,20201209,121.0000,122.2000,120.5000,122.2000,4680
QUERCUS,20201209,3.4200,3.5500,3.3600,3.4900,36451
R22,20201209,35.0000,35.0000,34.5000,35.0000,26543
RADPOL,20201209,2.3800,2.3800,2.2600,2.3600,26413
RAFAKO,20201209,1.0140,1.1120,0.9900,1.0800,1609613
RAFAMET,20201209,14.0000,15.0000,13.8000,15.0000,1243
RAINBOW,20201209,24.0000,24.3000,23.4000,23.6000,47766
RANKPROGR,20201209,1.8000,1.8500,1.7100,1.8450,8765
RAWLPLUG,20201209,8.7600,8.7600,8.4000,8.4200,1517
RCBSX7E1221,20201209,906.0000,906.0000,906.0000,906.0000,2
RCBWIGZL0323,20201209,1060.5000,1070.0000,1060.5000,1070.0000,348
RCESXPP08232,20201209,996.0000,996.0000,995.0000,995.0000,519
RCFL10GOLD,20201209,8.3500,8.4900,7.3800,7.3800,4996
RCFL10GOLD1,20201209,3.8400,3.8400,3.7200,3.7500,5000
RCFL2NAG2,20201209,3.6800,3.7300,3.6800,3.7200,6230
RCFL2OIL,20201209,2.8200,2.8200,2.7600,2.7600,600
RCFL2PALL1,20201209,36.0500,36.0500,36.0500,36.0500,400
RCFL2PEO,20201209,12.5000,12.5000,12.5000,12.5000,700
RCFL2PKN1,20201209,7.6800,7.6800,7.6800,7.6800,1500
RCFL2PLAT1,20201209,8.9500,9.2200,8.9500,9.2200,91
RCFL2SILVE,20201209,30.3500,30.3500,30.3500,30.3500,66
RCFL2SILVE2,20201209,17.6400,17.6400,17.6400,17.6400,100
RCFL2W20,20201209,65.7000,67.2000,65.7000,67.2000,43
RCFL311B,20201209,4.2300,4.2800,4.2100,4.2100,27500
RCFL3ALR,20201209,0.3900,0.4200,0.3900,0.4200,11870
RCFL3ALR1,20201209,9.6000,10.1000,9.6000,10.1000,824
RCFL3BAS,20201209,22.5000,22.9500,22.5000,22.5500,300
RCFL3BZW,20201209,3.3000,3.3000,3.3000,3.3000,1000
RCFL3CCC,20201209,0.1000,0.1100,0.0900,0.0900,18701
RCFL3CCC1,20201209,22.1500,24.5500,22.1500,24.5500,344
RCFL3CDPRO1,20201209,76.5000,84.4000,73.4000,80.7000,56
RCFL3CDPRO2,20201209,7.0100,7.7900,6.8800,7.6100,2963
RCFL3CORN2,20201209,13.4200,13.4200,13.4200,13.4200,1
RCFL3ENA,20201209,4.0200,4.5700,4.0200,4.5700,2150
RCFL3EON,20201209,12.5800,12.5800,12.5800,12.5800,400
RCFL3EUH,20201209,0.9300,0.9300,0.9200,0.9300,11410
RCFL3FDX,20201209,133.0000,133.0000,131.0000,131.0000,37
RCFL3GOLD,20201209,61.1000,61.1000,59.9000,59.9000,250
RCFL3GOLD2,20201209,22.6000,22.6000,22.6000,22.6000,43
RCFL3JSW,20201209,0.5700,0.6600,0.5700,0.6400,1263121
RCFL3JSW1,20201209,22.2500,22.2500,21.6500,22.2000,1040
RCFL3KGH,20201209,12.0200,12.4200,12.0000,12.3800,72012
RCFL3LTS1,20201209,0.2900,0.3400,0.2900,0.3400,303912
RCFL3MBK,20201209,1.6000,1.7400,1.5200,1.6100,110524
RCFL3MSBAS,20201209,15.0600,15.0600,15.0600,15.0600,35
RCFL3MSFIN,20201209,2.1900,2.2200,2.1000,2.1000,4250
RCFL3MWIG40,20201209,6.5500,6.7900,6.5500,6.7900,360
RCFL3NAG2,20201209,1.6500,1.7200,1.6500,1.7200,25115
RCFL3OIL2,20201209,1.7500,1.8000,1.7500,1.7600,724
RCFL3OIL3,20201209,0.1600,0.1600,0.1600,0.1600,8036
RCFL3OIL4,20201209,0.0300,0.0400,0.0300,0.0400,2556
RCFL3OPL,20201209,5.1000,5.1000,5.1000,5.1000,200
RCFL3PALL3,20201209,1.0200,1.0300,1.0100,1.0200,1800
RCFL3PEO,20201209,1.2000,1.3800,1.2000,1.3400,108181
RCFL3PGE,20201209,0.1400,0.1600,0.1400,0.1600,30000
RCFL3PGE1,20201209,10.2000,11.6600,10.2000,11.6600,1500
RCFL3PKN,20201209,15.2000,15.5800,15.2000,15.5800,686
RCFL3PKO,20201209,5.3400,5.4500,5.1600,5.1600,1800
RCFL3PLAT1,20201209,5.9300,6.0300,5.9300,6.0300,43
RCFL3PLW,20201209,13.0200,13.0200,12.2800,12.2800,95
RCFL3PZU,20201209,11.8000,12.4000,11.8000,12.4000,8550
RCFL3SILVE,20201209,5.6600,5.6600,5.4000,5.4000,3100
RCFL3SILVE2,20201209,10.3000,10.3000,10.3000,10.3000,150
RCFL3SILVE3,20201209,15.9200,16.1000,15.1600,15.1600,4986
RCFL3TEN,20201209,5.3300,5.3300,4.9000,5.0900,18850
RCFL3TPE,20201209,7.2400,8.2100,7.2400,8.0800,5455
RCFL3W20,20201209,31.0000,32.5000,31.0000,32.5000,80
RCFL3WHT,20201209,2.9000,2.9700,2.9000,2.9600,1500
RCFL4CDPRO,20201209,36.5000,38.9500,29.0500,34.4500,44690
RCFL4CDPRO1,20201209,5.8700,6.4800,5.0500,5.8800,62101
RCFL4DNP,20201209,24.7000,25.6500,24.7000,25.6500,395
RCFL4GAMES,20201209,59.0000,61.5000,57.0000,59.0000,1162
RCFL4GOLD,20201209,20.6000,20.6000,20.5500,20.5500,70
RCFL4KGH,20201209,14.8600,16.7200,14.8600,15.1200,1429
RCFL4KGH1,20201209,234.0000,235.0000,226.0000,226.5000,40
RCFL4PEO,20201209,0.1100,0.1100,0.1100,0.1100,18000
RCFL4PEO1,20201209,8.0500,8.4300,8.0500,8.3900,6343
RCFL4PGE,20201209,6.7700,6.7700,6.4600,6.7000,4500
RCFL4PGN1,20201209,26.6000,26.6000,26.6000,26.6000,138
RCFL4PGN2,20201209,8.0400,8.0400,7.8900,7.8900,710
RCFL4PKN,20201209,0.1600,0.1600,0.1600,0.1600,30702
RCFL4PKN1,20201209,3.5500,3.7600,3.5500,3.6900,67525
RCFL4PKO,20201209,0.5600,0.6500,0.5600,0.6500,196150
RCFL4PKO1,20201209,15.0000,15.1600,15.0000,15.1600,110
RCFL4PZU,20201209,0.5800,0.6000,0.5700,0.5700,72500
RCFL4PZU1,20201209,8.5400,8.5400,8.2600,8.2600,1400
RCFL4SILVE1,20201209,5.3500,5.4700,5.3500,5.4700,300
RCFL4SILVE2,20201209,7.7800,7.9100,7.7600,7.7600,711
RCFL4SILVE3,20201209,16.8000,16.8000,16.8000,16.8000,25
RCFL5ALE,20201209,12.4400,12.4400,10.8400,10.8400,180
RCFL5COFF4,20201209,5.6600,5.6600,5.6600,5.6600,10
RCFL5FW202,20201209,1.0400,1.0400,1.0400,1.0400,10000
RCFL5GOLD,20201209,20.4500,20.4500,20.4500,20.4500,50
RCFL5MSFIN,20201209,0.2100,0.2100,0.2100,0.2100,20000
RCFL5MWIG40,20201209,2.4200,2.5300,2.4200,2.4300,4200
RCFL5NAG4,20201209,1.0400,1.0400,1.0400,1.0400,16663
RCFL5SILVE,20201209,1.0900,1.0900,1.0500,1.0900,10000
RCFL5SILVE1,20201209,2.8300,2.8300,2.6400,2.7900,1750
RCFL5SUGA1,20201209,1.2000,1.2500,1.2000,1.2500,5000
RCFL6FW201,20201209,0.8800,0.8800,0.8800,0.8800,2000
RCFL6GOLD1,20201209,9.9100,10.0200,9.9100,9.9200,1350
RCFL6NAG3,20201209,0.4500,0.4500,0.4500,0.4500,2030
RCFL6SILVE,20201209,1.3400,1.3400,1.2000,1.2400,10313
RCFL6SILVE2,20201209,7.8000,7.8000,7.8000,7.8000,1462
RCFL6SUGA,20201209,1.8300,1.8300,1.8300,1.8300,20
RCFL6W20,20201209,17.6800,19.9200,17.6800,18.9200,2605
RCFL6W201,20201209,0.6100,0.6500,0.6100,0.6300,5560
RCFL8COCO,20201209,0.9300,0.9300,0.8900,0.8900,6571
RCFL8COFF1,20201209,0.3600,0.3600,0.3600,0.3600,5000
RCFS10GOLD1,20201209,0.2300,0.2400,0.2300,0.2400,2
RCFS10GOLD2,20201209,11.3600,11.9200,11.3400,11.9200,308
RCFS10SILVE2,20201209,2.7700,2.7700,2.7700,2.7700,300
RCFS2GAMES,20201209,2.9000,2.9000,2.9000,2.9000,500
RCFS2KGH,20201209,1.7900,1.7900,1.6800,1.7600,26651
RCFS3ALR1,20201209,2.4200,2.4800,2.4200,2.4600,5697
RCFS3BAS,20201209,1.9500,1.9500,1.9500,1.9500,200
RCFS3BOSS,20201209,7.2000,7.2000,7.2000,7.2000,100
RCFS3CDPRO,20201209,2.3200,2.5700,2.3200,2.5700,2250
RCFS3COPP,20201209,1.1800,1.1800,1.1800,1.1800,1
RCFS3ENG,20201209,3.4200,3.4200,3.4200,3.4200,500
RCFS3FDX,20201209,4.2400,4.2400,4.1400,4.1700,16376
RCFS3GAMES,20201209,1.1700,1.1700,1.1700,1.1700,11000
RCFS3KGH1,20201209,2.8000,2.8000,2.4900,2.7700,89142
RCFS3MRC,20201209,1.1900,1.1900,1.1900,1.1900,2
RCFS3OIL4,20201209,4.9700,4.9700,4.9700,4.9700,100
RCFS3PEO,20201209,7.8100,7.8100,7.8100,7.8100,300
RCFS3PGE,20201209,0.8500,0.8800,0.7900,0.8000,66000
RCFS3PKN,20201209,0.1000,0.1000,0.1000,0.1000,40000
RCFS3PKO,20201209,2.4800,2.4800,2.3700,2.3700,11000
RCFS3SILVE1,20201209,1.2600,1.2600,1.2600,1.2600,5000
RCFS3TPE,20201209,0.4600,0.4800,0.4200,0.4200,238538
RCFS3W20,20201209,19.5800,19.5800,18.5000,19.0200,9057
RCFS3WHT3,20201209,6.8000,6.8000,6.8000,6.8000,600
RCFS4CDPRO1,20201209,1.2100,1.2500,0.9800,1.0700,275021
RCFS4DNP,20201209,2.3800,2.3800,2.3700,2.3700,4600
RCFS4ESX,20201209,0.2500,0.2600,0.2500,0.2600,1500
RCFS4KGH1,20201209,1.5900,1.6000,1.3600,1.5800,212939
RCFS4PEO,20201209,4.6800,4.7200,4.6800,4.7200,1500
RCFS4PGE,20201209,0.7800,0.7800,0.6500,0.6500,2000
RCFS4PGN,20201209,0.7000,0.7000,0.7000,0.7000,14000
RCFS4PKN,20201209,3.5300,3.5300,3.2500,3.2500,1699
RCFS5FW20,20201209,1.7700,1.7700,1.7700,1.7700,5000
RCFS5FW202,20201209,1.2900,1.2900,1.2900,1.2900,3500
RCFS5SOY,20201209,1.8000,1.8000,1.7500,1.7500,94
RCFS5SUGA,20201209,2.0500,2.0500,1.7500,1.7500,3700
RCFS6COCO1,20201209,1.5900,1.5900,1.5900,1.5900,30
RCFS6COPP1,20201209,1.0500,1.0500,0.9700,1.0500,2527
RCFS6CORN,20201209,1.6900,1.6900,1.6900,1.6900,182
RCFS6FW201,20201209,1.3600,1.3600,1.3600,1.3600,1000
RCFS6W201,20201209,1.2300,1.2400,1.1100,1.1900,119529
RCFS7SILVE1,20201209,6.5600,6.9600,6.5600,6.9600,30
RCFS8COCO,20201209,1.3700,1.3700,1.3700,1.3700,1000
RCFS8COPP1,20201209,0.3200,0.3200,0.3200,0.3200,10000
RCGBSH0522,20201209,1049.5000,1049.5000,1049.5000,1049.5000,50
RCGBSH10921,20201209,1065.0000,1065.0000,1065.0000,1065.0000,20
RCGBSK0721,20201209,1052.0000,1052.0000,1052.0000,1052.0000,20
RCGETNA06222,20201209,991.0000,991.0000,991.0000,991.0000,5
RCGLDAOPEN,20201209,691.0000,691.0000,690.0000,690.0000,4
RCGSX5E1221,20201209,1044.0000,1044.0000,1044.0000,1044.0000,40
RCGSXHC0122,20201209,1156.5000,1157.5000,1156.5000,1157.5000,400
RCGSXHC0222,20201209,1174.0000,1174.0000,1174.0000,1174.0000,60
RCGSXHC0422,20201209,1134.0000,1134.0000,1134.0000,1134.0000,49
RCLNAGOPEN,20201209,1.2800,1.2800,1.2800,1.2800,500
RCLOILAOPEN,20201209,15.5000,15.5000,15.4400,15.4400,127
RCNMBAOPEN,20201209,195.0000,195.0000,195.0000,195.0000,7
RCSILAOPEN,20201209,92.5000,92.5000,92.5000,92.5000,66
RCTLKER1,20201209,1.7300,1.7300,1.7000,1.7000,1764
RCTSCDPRO1,20201209,15.3200,15.3200,15.3200,15.3200,1
RCTSKRU1,20201209,4.3700,4.4100,4.3700,4.4100,1771
RCTSLTS,20201209,0.7400,0.7400,0.7400,0.7400,2000
RCTSLTS4,20201209,1.5100,1.5100,1.3800,1.3800,26000
RCWHTAOPEN,20201209,4.6000,4.6000,4.6000,4.6000,700
RCWHTAOPEN1,20201209,13.9000,13.9000,13.8000,13.8000,600
REDAN,20201209,0.1830,0.1900,0.1820,0.1820,14179
REINO,20201209,1.4200,1.4200,1.3500,1.4200,2599
RELPOL,20201209,5.5000,5.5000,5.3000,5.3600,44432
REMAK,20201209,10.1000,10.1000,9.9600,10.1000,3507
RONSON,20201209,1.3700,1.3750,1.3500,1.3750,15051
ROPCZYCE,20201209,23.7000,23.7000,23.2000,23.3000,1617
RYVU,20201209,50.2000,51.2000,49.3000,49.4000,18657
SANOK,20201209,19.2000,19.2000,18.8000,18.8500,10805
SANPL,20201209,184.9000,196.0000,184.0000,188.5000,116941
SANTANDER,20201209,12.5000,12.5000,12.0280,12.1000,55154
SANWIL,20201209,3.1600,3.1800,2.9200,2.9200,154170
SECOGROUP,20201209,13.5000,13.7000,12.8000,13.7000,1681
SEKO,20201209,8.9500,8.9500,8.9500,8.9500,200
SELENAFM,20201209,16.8000,16.9000,16.4500,16.9000,9823
SELVITA,20201209,48.5000,48.6000,47.5000,47.5000,7523
SERINUS,20201209,0.2180,0.2260,0.2100,0.2200,1938147
SFINKS,20201209,0.3300,0.3600,0.3300,0.3600,52192
SILVAIR-REGS,20201209,7.0000,7.1000,7.0000,7.0000,3492
SILVANO,20201209,7.3800,7.3800,6.7600,6.9000,2244
SIMPLE,20201209,12.8000,12.8000,12.6000,12.6000,106
SKARBIEC,20201209,25.3000,25.7000,25.2000,25.7000,3136
SKOTAN,20201209,1.7400,1.9300,1.7400,1.8100,72675
SLEEPZAG,20201209,0.3500,0.3500,0.3300,0.3320,33516
SNIEZKA,20201209,87.4000,87.6000,86.0000,87.6000,222
SOLAR,20201209,3.9200,4.0800,3.9000,3.9700,7141
SONEL,20201209,9.3000,9.4500,9.2500,9.4000,976
SOPHARMA,20201209,9.5500,10.0000,9.5000,9.5500,1558
STALEXP,20201209,3.2100,3.2300,3.1500,3.2300,60632
STALPROD,20201209,222.5000,225.0000,217.0000,224.0000,1884
STALPROFI,20201209,6.4800,6.9200,6.4400,6.8200,21696
STAPORKOW,20201209,2.4800,2.5400,2.4600,2.5000,12905
STARHEDGE,20201209,0.4300,0.4300,0.4140,0.4140,2405
SUNEX,20201209,4.6000,4.6800,4.4500,4.5300,67431
SUWARY,20201209,16.0000,16.7000,15.9000,16.7000,2816
SWISSMED,20201209,10.8000,12.4500,9.5200,9.5800,222649
SYGNITY,20201209,8.2800,8.7000,8.2400,8.4800,22097
SYNEKTIK,20201209,28.9000,28.9000,27.7000,28.6000,7528
TALEX,20201209,11.6000,11.6000,11.6000,11.6000,882
TATRY,20201209,154.0000,154.0000,154.0000,154.0000,40
TAURONPE,20201209,2.3760,2.5400,2.3760,2.5020,13617681
TBULL,20201209,29.4000,31.1000,29.1000,30.7000,8057
TERMOREX,20201209,0.8700,0.9500,0.8600,0.9500,8188
TESGAS,20201209,4.6800,4.6800,4.5400,4.6600,23860
TIM,20201209,19.5000,19.5000,18.0000,18.3000,108022
TORPOL,20201209,11.7000,12.4000,11.7000,12.2000,66214
TOWERINVT,20201209,13.0000,13.0000,13.0000,13.0000,420
TOYA,20201209,6.0000,6.0200,5.9000,5.9600,63830
TRAKCJA,20201209,1.8140,1.9220,1.8120,1.9000,546290
TRANSPOL,20201209,2.8100,2.8300,2.8000,2.8000,21188
TRIGONPP,20201209,48.2000,48.2000,48.2000,48.2000,200
TRIGONPP3,20201209,45.9000,45.9000,45.9000,45.9000,22
TRIGONPP4,20201209,45.9000,45.9000,45.9000,45.9000,22
TRIGONPP5,20201209,45.9000,45.9000,45.9000,45.9000,22
TRIGONPP8,20201209,43.9000,43.9000,43.9000,43.9000,64
TRITON,20201209,2.0800,2.0800,2.0600,2.0600,7858
TSGAMES,20201209,524.0000,528.0000,501.0000,510.0000,31514
ULMA,20201209,45.2000,46.4000,45.2000,46.2000,140
ULTGAMES,20201209,32.3000,33.3000,32.3000,33.0000,16874
UNIBEP,20201209,8.0400,8.1000,7.8000,8.1000,5222
UNICREDIT,20201209,36.5000,36.6200,36.0000,36.0000,6400
UNIMA,20201209,3.0000,3.0000,2.9600,3.0000,470
UNIMOT,20201209,32.0000,34.6000,31.7500,34.4000,70040
URSUS,20201209,0.7500,0.7680,0.7100,0.7500,290700
VENTUREIN,20201209,1.9000,1.9000,1.8100,1.9000,13591
VIGOSYS,20201209,575.0000,585.0000,570.0000,575.0000,192
VINDEXUS,20201209,4.6000,4.6400,4.4000,4.6400,29561
VISTAL,20201209,2.7200,2.9900,2.6400,2.9300,46502
VIVID,20201209,1.8000,1.8080,1.7440,1.7700,44335
VOTUM,20201209,12.3000,12.3000,11.7000,12.0000,46782
VOXEL,20201209,40.9000,41.7000,40.4000,41.0000,23641
VRG,20201209,2.4400,2.6800,2.4000,2.6700,414805
WASKO,20201209,1.2150,1.2750,1.2050,1.2500,36859
WAWEL,20201209,570.0000,574.0000,566.0000,574.0000,365
WIELTON,20201209,5.8700,6.3700,5.8500,6.1900,505172
WIKANA,20201209,2.1800,2.2800,2.1800,2.2200,19795
WIRTUALNA,20201209,82.8000,83.8000,81.4000,81.4000,7729
WITTCHEN,20201209,8.5200,8.6200,8.5200,8.6200,10246
WOJAS,20201209,5.0500,5.1000,4.9200,5.0000,6977
WORKSERV,20201209,1.5660,1.5680,1.4500,1.4860,798525
XTB,20201209,16.8000,16.8000,16.3000,16.3000,474346
XTPL,20201209,79.4000,79.4000,76.2000,76.2000,1724
ZAMET,20201209,0.7800,0.7900,0.7500,0.7900,133150
ZASTAL,20201209,30.8000,30.8000,29.0000,30.2000,540
ZEPAK,20201209,9.5600,9.6800,9.4800,9.6200,16785
ZPUE,20201209,146.0000,146.0000,144.0000,146.0000,566
ZREMB,20201209,0.6100,0.6450,0.6100,0.6450,22236
ZUE,20201209,3.6600,3.6600,3.5000,3.6400,5936
ZYWIEC,20201209,498.0000,500.0000,496.0000,498.0000,140
INVESTORMS,20201209,4242.2200,4242.2200,4232.8100,4232.8100,619162.632
MWIG40,20201209,3860.8200,3918.2100,3855.0800,3884.1300,394776.605
MWIG40DVP,20201209,63.1100,63.1100,63.1100,63.1100,394776.605
MWIG40TR,20201209,5113.4500,5186.8600,5113.4500,5144.3200,394776.605
SWIG80,20201209,15429.4000,15516.2600,15429.4000,15492.7000,63710.223
SWIG80DVP,20201209,311.2700,311.2700,311.2700,311.2700,63710.223
SWIG80TR,20201209,19986.7600,20093.9900,19986.7600,20068.7600,63710.223
WIG,20201209,56183.1600,57219.5800,56183.1600,56632.6900,2479293.981
WIG-BANKI,20201209,4694.4300,4945.7300,4694.4300,4866.1200,384054.047
WIG-BUDOW,20201209,3342.0200,3366.3200,3303.8100,3346.9400,12011.532
WIG-CEE,20201209,1208.5100,1208.5100,1204.2800,1206.0200,3721.972
WIG-CHEMIA,20201209,7735.7000,7997.8500,7729.3600,7858.1700,12675.203
WIG-ENERG,20201209,1848.2100,1970.6800,1848.2100,1956.0600,93813.878
WIG-ESG,20201209,9253.0000,9462.6500,9253.0000,9368.6700,2276107.876
WIG-GORNIC,20201209,5642.3500,5888.8800,5642.3500,5696.9600,255208.870
WIG-INFO,20201209,3732.4700,3745.5900,3720.9700,3732.4200,28433.955
WIG-LEKI,20201209,5159.1400,5159.1400,5038.6300,5088.2300,14259.247
WIG-MEDIA,20201209,5534.0200,5588.9000,5454.0700,5454.0700,923.598
WIG-MOTO,20201209,4066.4900,4073.4500,3991.4100,3991.4100,14159.935
WIG-NRCHOM,20201209,2300.9200,2325.5700,2285.1400,2305.3600,6304.613
WIG-ODZIEZ,20201209,4478.4800,4647.9100,4457.3400,4618.3600,104854.655
WIG-PALIWA,20201209,4962.7800,5138.1100,4962.7800,5087.5900,325192.693
WIG-POLAND,20201209,58043.4500,58400.1000,57888.6800,57888.6800,2471473.490
WIG-SPOZYW,20201209,3484.6500,3558.3700,3484.6500,3523.1700,13042.775
WIG-TELKOM,20201209,928.2400,929.2000,909.5800,913.5400,53590.015
WIG-UKRAIN,20201209,441.0800,441.0800,437.9100,439.9900,2554.384
WIG.GAMES,20201209,32150.3600,32340.0500,31521.8300,31777.2700,591147.902
WIG.MS-BAS,20201209,10851.2400,11435.8400,10851.2400,11280.6200,343496.888
WIG.MS-FIN,20201209,7043.0900,7396.0200,7043.0900,7254.4700,427389.813
WIG.MS-PET,20201209,6602.9400,6832.9800,6602.9400,6756.6000,333946.781
WIG20,20201209,1976.6500,2023.9100,1976.6500,1994.1200,1980140.731
WIG20DVP,20201209,10.3700,10.3700,10.3700,10.3700,1980140.731
WIG20LEV,20201209,426.3400,446.6600,426.3400,433.8500,1980140.731
WIG20SHORT,20201209,3612.7200,3612.7200,3525.7800,3580.5800,1980140.731
WIG20TR,20201209,3624.9600,3704.4900,3624.9600,3652.3300,1980140.731
WIG30,20201209,2275.9300,2329.0400,2275.9300,2300.6200,2077331.482
WIG30TR,20201209,4168.9600,4201.1700,4158.1900,4158.1900,2077331.482
WIGDIV,20201209,1056.4500,1069.7200,1056.3500,1059.9800,253975.644
WIGTECH,20201209,14570.6500,14587.2100,14502.1500,14502.1500,0.000
WIGTECHTR,20201209,14993.5800,15055.4900,14867.7600,14884.7200,0.000
