06MAGNA,20201020,2.4400,2.6200,2.2000,2.5400,625374
11BIT,20201020,480.0000,484.0000,468.5000,482.0000,3457
4FUNMEDIA,20201020,5.2600,5.2600,4.9200,5.0000,14872
ABPL,20201020,28.2000,28.7000,28.0000,28.6000,1065
ACAUTOGAZ,20201020,40.5000,40.5000,40.1000,40.5000,74
ACTION,20201020,4.2600,4.2900,4.0100,4.2500,10432
ADIUVO,20201020,6.8000,6.8000,6.1400,6.4400,13110
AGORA,20201020,5.1800,5.1800,5.1000,5.1000,8953
AGROTON,20201020,4.0200,4.0300,3.8700,4.0100,17281
AIGAMES,20201020,22.0000,22.1000,21.0000,21.4000,9345
AILLERON,20201020,7.7000,7.9200,7.1800,7.1800,33754
AIRWAY,20201020,2.8000,2.9500,2.5300,2.5800,4803209
ALIOR,20201020,12.7000,13.1350,12.4700,12.8250,235963
ALLEGRO,20201020,83.4500,85.6000,83.3300,85.0000,3048042
ALTUSTFI,20201020,0.8960,0.9500,0.8500,0.8760,23341
ALUMETAL,20201020,36.2000,37.0000,36.2000,37.0000,746
AMBRA,20201020,17.6000,17.9000,16.8000,17.3000,8285
AMICA,20201020,141.0000,143.2000,140.0000,143.2000,5816
AMREST,20201020,16.6000,17.0800,16.4200,17.0000,159210
APATOR,20201020,19.2000,19.3500,19.1000,19.3500,50696
APLISENS,20201020,10.6000,10.6000,10.4000,10.5000,371
APSENERGY,20201020,1.9000,1.9150,1.7200,1.7600,43883
ARCHICOM,20201020,18.9000,18.9000,18.6500,18.9000,3485
ARCTIC,20201020,3.8200,3.9400,3.8200,3.9200,33277
ARTERIA,20201020,4.3000,4.3000,4.3000,4.3000,14
ARTIFEX,20201020,9.8400,10.3000,9.8200,10.2500,25554
ASBIS,20201020,5.7500,5.7800,5.6100,5.7000,113817
ASSECOBS,20201020,35.6000,35.6000,34.4000,35.4000,573
ASSECOPOL,20201020,66.9000,68.9000,65.9000,68.9000,283228
ASSECOSEE,20201020,45.0000,45.0000,42.7000,43.4000,3941
ASTARTA,20201020,18.0000,18.1000,17.7500,17.9000,4331
ATAL,20201020,31.2000,31.4000,31.2000,31.4000,18203
ATENDE,20201020,3.0000,3.0000,3.0000,3.0000,1307
ATLANTAPL,20201020,6.1600,6.3000,6.1600,6.2000,2011
ATLANTIS,20201020,0.6860,0.6860,0.6860,0.6860,2618
ATLASEST,20201020,1.1900,1.1900,1.1900,1.1900,1653
ATMGRUPA,20201020,3.7600,3.9200,3.7600,3.7600,17217
ATREM,20201020,2.1000,2.2900,2.0500,2.2500,21166
AUTOPARTN,20201020,7.0600,7.1800,7.0200,7.1800,34471
BAHOLDING,20201020,0.4770,0.4845,0.4600,0.4795,53023
BBIDEV,20201020,3.5000,3.5000,3.3300,3.3300,602
BEDZIN,20201020,8.5500,8.5500,8.5500,8.5500,5
BENEFIT,20201020,645.0000,687.0000,602.0000,620.0000,3275
BETACOM,20201020,11.3500,11.3500,11.2500,11.2500,2605
BETAM40TR,20201020,50.2200,50.4000,49.8000,50.4000,1085
BETAW20LV,20201020,28.0600,28.5150,28.0100,28.4900,8402
BETAW20ST,20201020,448.9000,451.8000,443.4000,445.5000,1298
BETAW20TR,20201020,28.0850,28.3150,28.0300,28.3000,1912
BIK,20201020,13.5500,13.5500,13.0000,13.0000,1115
BIOMEDLUB,20201020,19.4000,20.3000,18.8000,19.4000,1121061
BIOTON,20201020,4.5400,4.6650,4.4200,4.5800,85694
BNPPENDL0622,20201020,1000.0000,1000.0000,999.5000,999.5000,187
BNPPENDL1023,20201020,1057.5000,1057.5000,1057.5000,1057.5000,200
BNPPENDL10522,20201020,1005.0000,1005.0000,1005.0000,1005.0000,250
BNPPPL,20201020,38.5000,38.5000,36.6000,37.0000,1249
BNPPSOGO1021,20201020,1050.0000,1050.0000,1050.0000,1050.0000,25
BNPPSOLE0822,20201020,989.5000,989.5000,989.5000,989.5000,30
BNPPSOLE1221,20201020,1017.0000,1017.0000,1017.0000,1017.0000,50
BNPPSOLED1221,20201020,1043.5000,1043.5000,1041.0000,1041.0000,60
BNPPSX7E0321,20201020,603.0000,603.0000,603.0000,603.0000,15
BNPPSXPP0221,20201020,936.0000,936.0000,936.0000,936.0000,30
BOGDANKA,20201020,17.3800,17.3800,16.9000,17.0000,10703
BOOMBIT,20201020,19.9000,20.2000,19.2000,19.6600,10732
BORYSZEW,20201020,3.0150,3.0300,2.7800,2.9950,96780
BOS,20201020,5.3200,5.3600,5.0000,5.2000,4167
BRASTER,20201020,0.6890,0.7040,0.6600,0.6900,156389
BUDIMEX,20201020,237.0000,249.5000,235.0000,249.5000,4984
BUMECH,20201020,1.8450,1.9800,1.8050,1.9800,4930
CCC,20201020,42.3000,44.1000,41.5000,43.2100,324434
CDPROJEKT,20201020,372.0000,378.0000,362.2000,367.9000,485651
CDRL,20201020,12.2500,12.5000,12.2500,12.5000,1303
CEZ,20201020,74.7000,74.7000,73.6000,73.6000,117
CFI,20201020,0.2060,0.2110,0.2020,0.2100,131505
CIECH,20201020,27.8000,28.2000,26.8500,27.3000,84861
CIGAMES,20201020,1.3280,1.3280,1.2920,1.2960,705683
CITYSERV,20201020,8.2000,8.4750,8.2000,8.2650,347
CLNPHARMA,20201020,37.9500,38.1500,36.8000,37.4000,11343
CNT,20201020,13.5000,13.5000,13.2000,13.5000,30
COALENERG,20201020,0.5600,0.5600,0.5200,0.5500,33361
COGNOR,20201020,1.1600,1.2000,1.1600,1.1800,48234
COMARCH,20201020,200.0000,205.0000,197.5000,197.5000,6545
COMP,20201020,58.8000,59.0000,58.8000,58.8000,17742
COMPERIA,20201020,2.5000,2.5600,2.5000,2.5600,8978
CORMAY,20201020,1.7450,1.7500,1.6950,1.7200,197468
CPGROUP,20201020,5.9000,5.9000,5.8000,5.8000,1092
CYFRPLSAT,20201020,25.4000,25.7400,25.3000,25.3200,383141
CZTOREBKA,20201020,0.5000,0.5000,0.5000,0.5000,4000
DATAWALK,20201020,188.0000,189.5000,185.0000,187.0000,6075
DEBICA,20201020,75.8000,76.0000,75.0000,75.0000,420
DECORA,20201020,27.8000,28.1000,27.8000,28.1000,480
DEKPOL,20201020,24.6000,24.8000,23.8000,24.2000,996
DELKO,20201020,14.4000,14.9000,14.1000,14.7000,17699
DEVELIA,20201020,1.7000,1.7000,1.6600,1.7000,320408
DGA,20201020,5.2000,5.2000,5.2000,5.2000,10
DIGITREE,20201020,6.1000,6.4000,6.1000,6.4000,2425
DINOPL,20201020,234.0000,239.6000,231.4000,234.6000,190765
DOMDEV,20201020,93.2000,96.0000,90.6000,96.0000,5516
DROZAPOL,20201020,1.7500,1.7500,1.7500,1.7500,2000
ECHO,20201020,4.1200,4.1200,4.0100,4.0700,16199
EDINVEST,20201020,3.3800,3.3800,3.3000,3.3000,1256
EFEKT,20201020,4.9800,5.0000,4.7000,4.7000,4679
EKOEXPORT,20201020,3.5200,3.5200,3.3600,3.5200,20451
ELBUDOWA,20201020,0.8100,0.8500,0.7400,0.8340,30869
ELEKTROTI,20201020,4.8500,4.8500,4.8500,4.8500,9
ELEMENTAL,20201020,2.4050,2.4050,2.3100,2.3600,35818
ELKOP,20201020,0.2490,0.2550,0.2460,0.2540,86502
ELZAB,20201020,3.7000,3.7000,3.6000,3.6000,288
EMCINSMED,20201020,16.7000,18.3000,16.0000,18.3000,2901
ENAP,20201020,1.3800,1.3800,1.3800,1.3800,2
ENEA,20201020,5.4200,5.4350,5.2750,5.3100,239902
ENELMED,20201020,15.7000,15.7000,15.7000,15.7000,264
ENERGA,20201020,8.3000,8.3100,8.3000,8.3000,243560
ENERGOINS,20201020,0.7740,0.7760,0.7500,0.7760,13170
ENTER,20201020,19.7000,20.3000,19.6000,19.8000,24864
ERBUD,20201020,19.2000,19.5000,19.0000,19.5000,1520
ERG,20201020,47.0000,47.0000,42.4000,42.6000,972
ESOTIQ,20201020,9.9000,9.9000,9.8400,9.8400,66
ETFDAX,20201020,551.7000,553.1000,547.5000,549.2000,157
ETFSP500,20201020,137.5000,137.5000,136.1200,136.1200,1061
ETFW20L,20201020,202.5000,206.0000,202.5000,205.0000,645
EUCO,20201020,4.4900,4.4900,4.3100,4.4800,192
EUROCASH,20201020,13.6500,13.7900,13.4300,13.6000,219233
EUROHOLD,20201020,4.2800,4.2800,4.2800,4.2800,3
EUROTEL,20201020,21.5000,22.0000,21.5000,21.6000,1460
EVEREST,20201020,19.0000,19.0000,18.4000,19.0000,633
FAMUR,20201020,1.6440,1.6500,1.6040,1.6480,103241
FASING,20201020,10.4500,10.5000,10.0000,10.5000,1196
FEERUM,20201020,11.4500,11.4500,11.4000,11.4000,303
FERRO,20201020,17.9000,18.3000,17.9000,18.3000,17550
FERRUM,20201020,3.5600,3.5600,3.5600,3.5600,5
FON,20201020,0.1170,0.1170,0.1100,0.1160,380743
FORTE,20201020,35.5000,35.5000,34.4000,35.4500,3628
GAMEOPS,20201020,26.0000,26.1900,25.5200,25.7500,1266
GAMFACTOR,20201020,18.4000,18.9900,16.9980,17.9900,5621
GAMFACTOR-PDA,20201020,17.0100,17.9800,16.5000,16.7000,5685
GETIN,20201020,0.7150,0.8150,0.7030,0.7800,690047
GETINOBLE,20201020,0.1724,0.1960,0.1700,0.1900,1701069
GLCOSMED,20201020,6.5500,6.8500,6.5000,6.7000,25767
GPW,20201020,49.0000,49.3500,47.8000,47.9500,59953
GROCLIN,20201020,0.9500,0.9800,0.9000,0.9200,42895
GRODNO,20201020,10.9000,11.4000,10.7000,11.0000,82301
GRUPAAZOTY,20201020,22.7500,22.9500,21.8000,22.0000,76850
GTC,20201020,6.2400,6.5400,6.2400,6.4400,29424
HANDLOWY,20201020,33.0000,33.0000,32.0000,32.0000,35065
HARPER,20201020,24.8000,24.8000,22.7000,23.8000,51757
HELIO,20201020,10.3000,10.8000,10.3000,10.8000,7
HERKULES,20201020,1.1400,1.1700,1.1400,1.1700,10008
HUBSTYLE,20201020,1.1000,1.1000,0.9500,0.9500,6881
HYDROTOR,20201020,28.0000,28.0000,27.6000,27.8000,240
I2DEV,20201020,9.0000,9.9000,9.0000,9.6000,10860
IALBGR,20201020,0.2500,0.2600,0.2420,0.2600,36032
IDEABANK,20201020,1.2020,1.5000,1.2020,1.5000,159359
IDMSA,20201020,0.9050,0.9200,0.9050,0.9050,1148
IFCAPITAL,20201020,0.6950,0.7000,0.6950,0.7000,740
IFIRMA,20201020,4.0700,4.1600,4.0700,4.1600,2762
IMCOMPANY,20201020,12.0000,12.2000,12.0000,12.2000,3953
IMMOBILE,20201020,2.6400,2.7600,2.5700,2.5700,5858
IMPEL,20201020,11.7000,12.2000,11.7000,12.2000,125
IMPERA,20201020,1.0500,1.1000,1.0400,1.1000,9084
IMS,20201020,2.1600,2.1700,2.1600,2.1700,568
INC,20201020,7.9800,8.1200,7.5200,8.0800,32011
INGBSK,20201020,123.8000,124.8000,121.0000,124.8000,3631
INPRO,20201020,4.6800,4.6800,4.6800,4.6800,2
INSTALKRK,20201020,19.0000,19.0000,19.0000,19.0000,204
INTERAOLT,20201020,15.0500,15.0500,15.0000,15.0500,3542
INTERCARS,20201020,247.0000,247.0000,234.0000,241.0000,4852
INTERFERI,20201020,3.1000,3.1000,3.1000,3.1000,150
INTERSPPL,20201020,1.0000,1.0100,1.0000,1.0100,2805
INTLALE35055,20201020,28.5000,28.7000,28.4500,28.7000,1470
INTLALE35089,20201020,38.7000,38.7000,38.7000,38.7000,25
INTLALE35097,20201020,40.4000,40.4000,40.4000,40.4000,32
INTLBCO32896,20201020,22.7500,23.3500,21.9500,22.3500,650
INTLBCO34983,20201020,18.2800,18.2800,18.2800,18.2800,62
INTLCCC30999,20201020,1.4000,1.4000,1.4000,1.4000,2000
INTLCDR23200,20201020,19.6200,19.6200,19.6200,19.6200,100
INTLCDR30478,20201020,12.7800,12.7800,11.5000,11.6400,520
INTLCDR30973,20201020,9.0900,9.0900,7.7200,8.3600,2248
INTLCDR31377,20201020,7.0800,7.4100,6.2600,6.6500,3512
INTLCDR33290,20201020,5.9400,5.9400,4.9600,4.9600,1950
INTLDAX28845,20201020,208.0000,208.0000,208.0000,208.0000,5
INTLDAX31872,20201020,83.9000,83.9000,83.9000,83.9000,16
INTLDAX32821,20201020,44.9500,44.9500,44.9500,44.9500,110
INTLDAX32839,20201020,56.4000,56.4000,54.7000,54.7000,201
INTLDAX32946,20201020,34.4500,36.0000,33.0000,33.0000,516
INTLDAX34769,20201020,23.3000,25.4500,20.6500,23.7000,18210
INTLDOW34884,20201020,58.0000,60.8000,58.0000,60.8000,53
INTLEUD29124,20201020,73.4000,73.4000,73.4000,73.4000,3
INTLEUD33860,20201020,18.8200,18.9800,18.7800,18.9800,88
INTLEUR24059,20201020,34.8000,34.8000,34.8000,34.8000,15
INTLEUR25643,20201020,41.0000,41.0000,41.0000,41.0000,100
INTLEUR25684,20201020,49.8000,49.8000,49.8000,49.8000,100
INTLEUR28324,20201020,25.9500,25.9500,25.7500,25.7500,175
INTLEUR34603,20201020,22.6000,22.8000,21.5000,21.5000,950
INTLGBU32706,20201020,44.7500,44.7500,44.7500,44.7500,22
INTLGBU34850,20201020,17.0400,18.7000,17.0000,18.5000,321
INTLGLD09746,20201020,267.0000,267.0000,267.0000,267.0000,2
INTLGLD30130,20201020,162.0000,162.0000,162.0000,162.0000,16
INTLGLD33100,20201020,78.5000,78.5000,78.5000,78.5000,8
INTLGLD33456,20201020,39.0500,40.0000,38.4000,38.4000,259
INTLGLD33464,20201020,55.5000,55.5000,52.0000,52.0000,735
INTLGLD33472,20201020,66.9000,69.4000,65.0000,69.4000,45
INTLJSW30569,20201020,12.7800,12.7800,12.0800,12.0800,188
INTLJSW32136,20201020,8.3100,8.3100,8.3100,8.3100,220
INTLJSW32144,20201020,9.8000,9.8000,9.8000,9.8000,110
INTLJSW34744,20201020,5.0700,5.0700,4.9200,4.9200,1294
INTLKGH32995,20201020,42.5000,42.5000,42.5000,42.5000,2
INTLKGH33951,20201020,37.5500,37.5500,37.5500,37.5500,200
INTLKGH34793,20201020,22.1500,22.5500,21.7500,21.7500,144
INTLLTS34694,20201020,6.8500,7.6000,6.8500,7.6000,400
INTLLTS34702,20201020,9.9400,9.9500,9.9400,9.9500,400
INTLNAG31732,20201020,3.1900,3.4700,3.1900,3.4700,1000
INTLNAG33076,20201020,2.8600,3.0600,2.8200,3.0600,1045
INTLNAG33779,20201020,3.9700,3.9700,3.9700,3.9700,1517
INTLNDX31047,20201020,151.2000,151.2000,149.4000,149.4000,14
INTLNDX33167,20201020,74.7000,74.9000,74.7000,74.9000,37
INTLNDX34777,20201020,52.3000,52.3000,52.3000,52.3000,168
INTLNDX34892,20201020,40.0000,40.0000,38.0000,38.4000,92
INTLPAL25031,20201020,340.0000,340.0000,340.0000,340.0000,5
INTLPEO29439,20201020,13.7600,13.7800,13.7200,13.7400,824
INTLPEO29801,20201020,6.2600,6.2600,6.2600,6.2600,200
INTLPEO29819,20201020,7.5800,7.5800,7.1100,7.1100,500
INTLPGE30338,20201020,2.6100,2.6100,2.6100,2.6100,1500
INTLPGN32615,20201020,1.2100,1.2200,1.2100,1.2200,6015
INTLPGN33027,20201020,0.9900,1.0800,0.9900,1.0800,2532
INTLPKN04101,20201020,11.8800,11.8800,11.8400,11.8400,162
INTLPKN04119,20201020,14.2000,14.3000,14.1800,14.1800,835
INTLPKN05835,20201020,6.9000,7.7200,6.9000,7.7000,523
INTLPKO29413,20201020,7.0600,7.0600,7.0600,7.0600,140
INTLPKO30387,20201020,2.9400,2.9400,2.9400,2.9400,1500
INTLPKO30692,20201020,2.0700,2.2600,1.8800,2.2400,4442
INTLPLA29751,20201020,9.7600,9.7600,9.7600,9.7600,200
INTLPLA31757,20201020,4.4000,4.4000,4.4000,4.4000,100
INTLPLA31765,20201020,6.2000,6.2000,6.2000,6.2000,275
INTLPLA33084,20201020,3.4000,4.3000,3.4000,4.2200,586
INTLPLA34579,20201020,3.0500,3.1800,3.0500,3.1800,4347
INTLPZU14712,20201020,2.1800,2.1800,2.1800,2.1800,250
INTLPZU15800,20201020,4.7000,4.7800,4.4400,4.7800,1580
INTLSLV30197,20201020,45.2500,45.2500,45.2500,45.2500,25
INTLSLV31971,20201020,32.0000,32.0000,32.0000,32.0000,43
INTLSLV33357,20201020,17.8800,19.6200,17.8800,19.6200,1830
INTLSLV33365,20201020,22.2000,22.2000,22.2000,22.2000,50
INTLSLV34959,20201020,8.8300,9.4400,8.6100,9.4400,639
INTLSPX32284,20201020,31.6000,31.6000,31.6000,31.6000,220
INTLSPX33894,20201020,21.5000,21.5000,21.5000,21.5000,42
INTLSPX34900,20201020,12.3400,12.6200,12.3400,12.4000,12192
INTLTNF25320,20201020,87.0000,87.0000,87.0000,87.0000,105
INTLUSD20602,20201020,34.9000,34.9000,34.9000,34.9000,50
INTLUSD20842,20201020,53.4000,53.4000,49.5500,49.5500,117
INTLUSD21170,20201020,31.9500,31.9500,27.8000,27.8000,253
INTLUSD34256,20201020,25.1000,25.1000,24.7000,24.7000,1000
INTLUSD34637,20201020,21.0500,21.2000,17.5000,17.5000,10168
INTLW2031492,20201020,1.1800,1.1800,1.0800,1.1600,10570
INTLW2031864,20201020,0.9700,1.0700,0.9500,1.0100,18100
INTROL,20201020,3.4800,3.4800,3.1600,3.3400,71368
INTSBCO28308,20201020,31.4500,31.4500,31.4500,31.4500,50
INTSBCO34447,20201020,18.0200,18.9400,17.4600,18.8600,16689
INTSBCO34454,20201020,24.7500,24.7500,23.3000,23.3000,625
INTSCCC27698,20201020,6.4900,6.4900,6.4900,6.4900,276
INTSCCC34207,20201020,4.3500,4.3500,4.3500,4.3500,500
INTSCDR34124,20201020,18.4600,19.5200,18.4600,19.3800,1400
INTSCDR34199,20201020,23.5000,23.5000,23.5000,23.5000,19
INTSCDR34249,20201020,15.6000,15.7400,15.6000,15.7400,355
INTSCDR34801,20201020,11.2200,12.1000,10.9200,11.6600,810
INTSDAX25783,20201020,49.5000,52.5000,47.6500,49.2500,2830
INTSDAX25825,20201020,60.5000,64.7000,60.5000,62.1000,143
INTSDAX26591,20201020,75.2000,75.2000,73.9000,75.0000,229
INTSDAX26609,20201020,89.3000,91.1000,87.1000,88.7000,8130
INTSDAX34330,20201020,37.0500,39.6000,35.0000,37.0000,6844
INTSDAX35022,20201020,25.0000,28.0000,23.4500,24.5000,11005
INTSDNP34074,20201020,5.2300,5.2300,4.6100,5.1300,1688
INTSDNP34082,20201020,7.0600,7.1800,7.0600,7.1800,1100
INTSDOW24067,20201020,74.4000,76.2000,73.0000,73.2000,586
INTSDOW27128,20201020,135.2000,135.8000,135.2000,135.8000,45
INTSDOW33274,20201020,103.0000,103.0000,103.0000,103.0000,30
INTSESX26021,20201020,32.6500,32.6500,32.6500,32.6500,31
INTSESX28878,20201020,14.7800,15.4000,14.7600,15.4000,124
INTSEUD05033,20201020,54.6000,54.6000,54.6000,54.6000,269
INTSEUD21246,20201020,19.8000,19.8000,17.0800,17.0800,468
INTSEUR28340,20201020,13.3200,14.0400,12.9200,14.0400,3180
INTSEUR29165,20201020,22.8500,24.7000,22.5500,24.7000,279
INTSEUR29181,20201020,32.2000,32.2000,32.2000,32.2000,50
INTSEUR29686,20201020,37.8000,37.8000,37.8000,37.8000,40
INTSGLD33316,20201020,92.0000,92.2000,89.4000,92.2000,80
INTSGLD33886,20201020,196.2000,196.2000,196.2000,196.2000,2
INTSGLD34504,20201020,66.4000,67.2000,66.4000,66.5000,33
INTSNAG27797,20201020,3.5100,3.5100,3.4600,3.4600,4200
INTSNDX33225,20201020,46.7000,48.9000,45.0000,48.8000,10063
INTSNDX33233,20201020,61.1000,64.4000,61.1000,63.8000,72
INTSNDX33258,20201020,94.3000,95.7000,94.3000,95.7000,30
INTSNDX33647,20201020,143.8000,144.0000,143.8000,144.0000,22
INTSPAL27805,20201020,146.4000,146.4000,129.2000,129.2000,20
INTSPAL27813,20201020,170.0000,170.0000,170.0000,170.0000,20
INTSPEO32326,20201020,27.0500,27.0500,27.0500,27.0500,50
INTSPGE34157,20201020,2.8000,2.8000,2.8000,2.8000,1200
INTSPKN34173,20201020,26.7500,27.0500,25.5500,25.8500,1150
INTSPKO32300,20201020,10.4400,10.4400,10.1400,10.1400,924
INTSSLV33696,20201020,25.4500,25.4500,25.4500,25.4500,100
INTSSLV34553,20201020,13.9800,13.9800,13.9800,13.9800,100
INTSSPX34140,20201020,20.6500,20.8500,20.0500,20.4000,797
INTSSPX34215,20201020,33.2500,33.2500,33.2500,33.2500,50
INTSSPX34413,20201020,14.3200,14.6400,13.9000,13.9000,1176
INTSTNF34108,20201020,31.8500,31.8500,31.8500,31.8500,50
INTSUSD33589,20201020,15.1800,16.9000,15.1800,16.9000,132
INTSUSD34843,20201020,12.0400,13.0400,12.0400,13.0400,400
INTSW2028464,20201020,3.1100,3.1300,2.9900,2.9900,1341
INTSW2034264,20201020,1.9300,2.0200,1.7600,1.7900,176087
INTSW2034272,20201020,1.9500,2.2000,1.9500,2.1600,7439
INTSW2034280,20201020,2.2500,2.2500,2.2500,2.2500,1500
INTSW2034306,20201020,2.7900,2.8100,2.6600,2.8100,1350
INVPEFIZ,20201020,908.1000,909.1000,907.1100,908.1000,10
IPOPEMA,20201020,3.5800,3.5800,3.5000,3.5800,5695
ITMTRADE,20201020,0.1310,0.1310,0.1240,0.1310,3128
IZOBLOK,20201020,28.0000,29.0000,28.0000,29.0000,369
IZOLACJA,20201020,1.4700,1.4700,1.4700,1.4700,12
IZOSTAL,20201020,2.1300,2.1400,2.1300,2.1400,5304
JSW,20201020,21.0400,21.4100,20.2100,20.2100,936467
JWCONSTR,20201020,2.9000,2.9000,2.8400,2.9000,806
JWWINVEST,20201020,2.7900,2.7900,2.6800,2.6800,65
K2INTERNT,20201020,18.8000,18.9000,17.9000,18.7000,8268
KCI,20201020,0.6760,0.6760,0.6760,0.6760,1
KERNEL,20201020,39.0000,40.0000,38.7000,39.7500,151302
KETY,20201020,457.5000,472.5000,454.5000,470.0000,6324
KGHM,20201020,124.8000,128.2000,124.3500,128.2000,499246
KGL,20201020,15.1000,15.1000,15.0500,15.1000,102
KINOPOL,20201020,6.6000,6.6000,6.5000,6.5500,22135
KOGENERA,20201020,31.7000,31.7000,30.5000,31.0000,708
KOMPAP,20201020,7.8000,7.8000,7.8000,7.8000,100
KOMPUTRON,20201020,1.7900,1.8000,1.4600,1.7200,28919
KREC,20201020,7.2600,7.2600,7.2000,7.2200,125
KREDYTIN,20201020,11.5000,11.5000,11.5000,11.5000,4
KRKA,20201020,381.0000,381.0000,381.0000,381.0000,8
KRUK,20201020,127.0000,133.0000,126.3000,130.0000,24048
KRUSZWICA,20201020,53.0000,53.0000,52.6000,53.0000,515
KRVITAMIN,20201020,31.5000,32.7000,31.4000,32.0000,14335
KSGAGRO,20201020,1.0100,1.0100,1.0100,1.0100,2599
LABOPRINT,20201020,10.0500,10.0500,10.0500,10.0500,10
LARQ,20201020,1.9600,1.9600,1.8800,1.9600,455
LENA,20201020,3.4000,3.4000,3.3500,3.4000,5181
LENTEX,20201020,8.3000,8.4600,8.3000,8.4200,8170
LIBET,20201020,2.1900,2.2300,2.1100,2.2000,23749
LIVECHAT,20201020,113.0000,113.4000,111.6000,111.6000,36043
LOKUM,20201020,12.0000,12.0000,12.0000,12.0000,4
LOTOS,20201020,31.4700,32.4000,30.9200,31.5000,360340
LPP,20201020,6120.0000,6300.0000,6075.0000,6225.0000,1493
LSISOFT,20201020,12.3000,12.5000,12.3000,12.5000,593
LUBAWA,20201020,1.4000,1.4700,1.3700,1.4300,1150849
MABION,20201020,27.7500,28.1500,26.6000,27.2000,20637
MAKARONPL,20201020,5.9000,5.9000,5.8000,5.9000,2893
MANGATA,20201020,44.4000,44.4000,41.0000,41.0000,14
MARVIPOL,20201020,4.9400,5.0000,4.8600,5.0000,4715
MASTERPHA,20201020,4.2600,4.2600,4.2000,4.2600,5936
MAXCOM,20201020,11.0000,11.1000,10.8500,10.9000,4952
MBANK,20201020,150.0000,159.9000,147.6000,153.2000,94931
MBWS,20201020,6.2800,6.5000,6.2600,6.4000,6265
MCI,20201020,15.4500,15.8500,15.1000,15.6500,21862
MDIENERGIA,20201020,3.8800,3.8800,3.7800,3.7800,52046
MEDICALG,20201020,21.8500,22.1500,21.1000,22.1000,4655
MENNICA,20201020,19.5000,19.5000,19.0000,19.2000,2258
MERCATOR,20201020,620.0000,636.0000,612.0000,630.0000,30663
MERCOR,20201020,9.5600,9.5600,9.5000,9.5600,1519
MEXPOLSKA,20201020,1.0600,1.1300,0.9550,1.1300,24079
MFO,20201020,20.6000,20.6000,20.0000,20.2000,7650
MILKILAND,20201020,0.6700,0.6700,0.6700,0.6700,100
MILLENNIUM,20201020,2.4600,2.5060,2.3820,2.4800,1028922
MIRACULUM,20201020,1.1400,1.1400,1.1100,1.1350,20820
MIRBUD,20201020,2.1100,2.2200,2.0300,2.1800,291303
MLPGROUP,20201020,72.5000,72.5000,70.0000,70.0000,10507
MLSYSTEM,20201020,76.8000,77.0000,74.2000,75.2000,8800
MOBRUK,20201020,286.0000,298.0000,280.0000,298.0000,183
MOJ,20201020,1.3300,1.3300,1.3300,1.3300,2000
MOL,20201020,20.7200,20.7200,20.7200,20.7200,72
MONNARI,20201020,1.5500,1.5900,1.5500,1.5600,1840
MOSTALPLC,20201020,7.7200,8.1800,7.7200,8.1800,41
MOSTALWAR,20201020,4.1800,4.2600,4.1800,4.2600,2730
MOSTALZAB,20201020,0.8900,0.9000,0.8820,0.8840,37936
MUZA,20201020,2.5200,2.5200,2.4800,2.4800,2015
MWTRADE,20201020,1.6500,1.7000,1.6500,1.7000,2817
NANOGROUP,20201020,10.0000,13.0000,9.8500,13.0000,591536
NETIA,20201020,4.4600,4.5000,4.4600,4.4900,2950
NEUCA,20201020,529.0000,530.0000,522.0000,530.0000,8534
NEWAG,20201020,24.8000,24.8000,24.4000,24.4000,1010
NOVAVISGR,20201020,1.8800,1.8900,1.8000,1.8000,16101
NOVITA,20201020,131.0000,132.0000,129.5000,129.5000,225
NOWAGALA,20201020,0.9500,0.9500,0.8560,0.8560,27850
NTTSYSTEM,20201020,2.8000,2.8000,2.6100,2.6100,3031
OAT,20201020,16.7500,16.7500,15.5000,15.8000,45451
ODLEWNIE,20201020,4.2200,4.2400,4.2000,4.2300,799
OEX,20201020,15.2000,15.2000,15.0000,15.0000,444
OPENFIN,20201020,0.6520,0.7700,0.6520,0.7700,183152
OPONEO.PL,20201020,33.7000,33.9000,33.0000,33.4000,4529
OPTEAM,20201020,26.4000,27.0000,26.4000,27.0000,517
ORANGEPL,20201020,6.7300,6.9000,6.7000,6.7400,1191690
ORZBIALY,20201020,10.4000,10.4000,10.4000,10.4000,20
OTLOG,20201020,4.6800,4.6800,4.5000,4.5000,2097
OVOSTAR,20201020,61.0000,63.5000,61.0000,63.5000,4
PAMAPOL,20201020,1.3900,1.5100,1.3800,1.4600,96661
PANOVA,20201020,10.4000,10.4000,10.0000,10.2000,40400
PATENTUS,20201020,0.9200,0.9200,0.9120,0.9200,8536
PBKM,20201020,77.2000,77.2000,76.8000,77.0000,1090
PCCEXOL,20201020,4.3400,4.3700,4.1600,4.2800,215592
PCCROKITA,20201020,45.3000,47.2000,45.3000,46.8000,11821
PEKABEX,20201020,13.1000,13.7000,13.1000,13.7000,6573
PEKAO,20201020,47.4500,47.8600,46.4000,47.5900,1013962
PEMANAGER,20201020,11.3000,11.7000,11.3000,11.7000,1570
PEP,20201020,46.4000,47.7000,46.4000,47.0000,1231
PEPEES,20201020,1.3500,1.3700,1.2800,1.3600,8396
PGE,20201020,5.8000,5.8300,5.5020,5.6640,1857126
PGNIG,20201020,4.7000,5.0300,4.6510,5.0040,4667404
PGSSOFT,20201020,10.9500,11.0000,10.9000,11.0000,7766
PHARMENA,20201020,11.3000,11.3000,9.6000,10.3000,17234
PHN,20201020,9.8000,9.8000,9.6000,9.6800,3991
PKNORLEN,20201020,42.6000,43.0800,41.4400,42.4500,867743
PKOBP,20201020,20.5500,20.7800,20.2000,20.5800,1856120
PKOSO,20201020,107.0000,107.0000,107.0000,107.0000,400
PKPCARGO,20201020,10.3200,10.3600,10.0000,10.1800,25556
PLASTBOX,20201020,1.7350,1.7350,1.7150,1.7200,940
PLAY,20201020,38.7200,38.8000,38.6400,38.8000,1309387
PLAYWAY,20201020,549.0000,567.0000,547.0000,557.0000,13253
PLAZACNTR,20201020,1.6500,1.6900,1.6000,1.6900,505
POLICE,20201020,11.9000,11.9000,11.9000,11.9000,10
POLIMEXMS,20201020,2.0500,2.0800,2.0100,2.0500,77901
POLNORD,20201020,3.0350,3.0500,2.9400,2.9900,12924
POLWAX,20201020,2.7500,2.8400,2.5800,2.7000,92803
POLWAX-PDA,20201020,2.3000,2.6500,2.3000,2.5800,552236
POZBUD,20201020,1.8900,1.8900,1.8200,1.8200,10490
PRAGMAFA,20201020,28.0000,28.6000,27.0000,27.6000,10808
PRAGMAINK,20201020,8.1600,8.1600,8.1600,8.1600,10
PRAIRIE,20201020,0.6170,0.6370,0.6050,0.6300,109663
PRIMETECH,20201020,1.1000,1.1000,1.0000,1.0000,29637
PROCHEM,20201020,18.4000,18.5000,18.4000,18.5000,158
PROJPRZEM,20201020,16.6500,16.6500,16.5000,16.5000,73
PROTEKTOR,20201020,4.5000,4.5600,4.4000,4.5600,24769
PROVIDENT,20201020,2.8000,3.1600,2.8000,3.1400,304747
PULAWY,20201020,75.0000,76.0000,72.6000,72.6000,626
PUNKPIRAT,20201020,0.6200,0.6200,0.5650,0.6000,134693
PZU,20201020,22.5300,22.6100,21.9400,22.1800,2928603
PZUAKORD,20201020,118.8000,118.8000,118.8000,118.8000,6
QUERCUS,20201020,3.4400,3.4400,3.3500,3.4000,35802
R22,20201020,32.5000,32.6000,31.5000,31.7000,5776
RADPOL,20201020,2.2400,2.2400,2.1200,2.1900,4298
RAFAKO,20201020,0.7400,0.7400,0.7120,0.7260,102041
RAINBOW,20201020,11.3000,11.3000,10.6000,11.1500,6197
RANKPROGR,20201020,1.5300,1.6300,1.5300,1.6300,1004
RAWLPLUG,20201020,7.6400,7.6400,7.6200,7.6200,10
RCFL10GOLD,20201020,16.0000,16.2200,16.0000,16.2200,337
RCFL10SILVE2,20201020,0.7100,0.7700,0.7100,0.7500,6714
RCFL2PZU1,20201020,5.5200,5.5200,5.5200,5.5200,350
RCFL3BMW,20201020,14.9400,14.9400,14.9400,14.9400,180
RCFL3CCC1,20201020,4.7000,5.5000,4.7000,5.5000,1604
RCFL3CDPRO1,20201020,77.6000,77.6000,71.9000,71.9000,660
RCFL3CDPRO2,20201020,7.1200,7.1200,7.1200,7.1200,340
RCFL3COFF1,20201020,4.9700,4.9700,4.6800,4.6800,190
RCFL3COFF3,20201020,5.7100,5.7100,5.5000,5.5000,2550
RCFL3DBK,20201020,0.0800,0.0800,0.0800,0.0800,63000
RCFL3GOLD,20201020,70.5000,71.3000,70.5000,71.3000,52
RCFL3JSW,20201020,0.4600,0.4600,0.4100,0.4100,126263
RCFL3JSW1,20201020,14.8400,15.8000,14.8000,14.8000,1606
RCFL3LTS1,20201020,0.1600,0.1700,0.1600,0.1700,2
RCFL3MBK,20201020,1.1100,1.3000,1.1100,1.3000,4900
RCFL3MSFIN,20201020,0.8600,0.8700,0.8600,0.8700,4900
RCFL3PALL3,20201020,1.1900,1.1900,1.1900,1.1900,1900
RCFL3PEO,20201020,0.6100,0.6300,0.5900,0.6300,20000
RCFL3PGE,20201020,0.1200,0.1200,0.1200,0.1200,22000
RCFL3PGE1,20201020,9.6100,9.6100,9.6100,9.6100,1000
RCFL3PGN1,20201020,1.2900,1.4800,1.2900,1.4800,1300
RCFL3PKN,20201020,5.9500,6.1800,5.9500,6.0400,620
RCFL3PKO,20201020,2.0000,2.0600,2.0000,2.0600,11082
RCFL3PLAT1,20201020,3.9000,3.9000,3.9000,3.9000,251
RCFL3PLAT2,20201020,8.3900,8.4100,8.3900,8.4100,599
RCFL3PZU,20201020,6.2000,6.2000,6.2000,6.2000,150
RCFL3SILVE,20201020,6.8900,6.9300,6.8900,6.9300,300
RCFL3SILVE3,20201020,19.2200,19.4800,19.2200,19.4800,139
RCFL3TPE,20201020,4.9300,4.9300,4.9300,4.9300,500
RCFL3W20,20201020,18.6200,18.8000,18.6200,18.7400,203
RCFL4CDPRO,20201020,36.9000,36.9000,32.3000,33.7500,1658
RCFL4CDPRO1,20201020,6.0300,6.0300,5.9200,5.9200,800
RCFL4GAMES,20201020,78.8000,78.8000,78.8000,78.8000,220
RCFL4NAG1,20201020,0.6400,0.6400,0.6400,0.6400,6000
RCFL4PEO1,20201020,3.1000,3.3500,3.1000,3.3500,3202
RCFL4PKN1,20201020,1.1200,1.1600,1.1100,1.1600,8100
RCFL4PKO,20201020,0.1800,0.1900,0.1800,0.1900,13230
RCFL4PKO1,20201020,4.3400,4.3400,4.3100,4.3100,1500
RCFL4PZU,20201020,0.2600,0.2600,0.2400,0.2500,102459
RCFL4PZU1,20201020,3.6400,3.9100,3.6300,3.6300,1235
RCFL4SOY,20201020,11.1400,11.1400,11.1400,11.1400,30
RCFL5ALE,20201020,25.5500,25.5500,25.5500,25.5500,4
RCFL5CORN,20201020,3.3200,3.3200,3.3200,3.3200,200
RCFL5FW20,20201020,0.3900,0.3900,0.3900,0.3900,600
RCFL5SILVE,20201020,1.6900,1.6900,1.6400,1.6900,148000
RCFL5SUGA1,20201020,1.4300,1.4300,1.4000,1.4000,17000
RCFL6FW201,20201020,0.3400,0.3400,0.3400,0.3400,1000
RCFL6NAG3,20201020,8.9100,8.9100,8.9100,8.9100,557
RCFL6PLAT2,20201020,3.4600,3.4600,3.4600,3.4600,975
RCFL6SILVE,20201020,2.1700,2.1700,2.1700,2.1700,3914
RCFL6W20,20201020,7.1400,7.1400,7.1400,7.1400,300
RCFL8COFF1,20201020,0.3100,0.3100,0.2900,0.2900,22000
RCFL8COPP1,20201020,4.5200,4.5200,4.5200,4.5200,200
RCFL8SILVE2,20201020,1.3200,1.3200,1.3200,1.3200,1457
RCFODAOPEN,20201020,38.9500,38.9500,38.9500,38.9500,50
RCFS10GOLD2,20201020,11.7800,11.8000,11.7000,11.7000,600
RCFS10OIL2,20201020,4.4300,4.4300,4.4300,4.4300,200
RCFS2CCC1,20201020,12.7000,12.7000,12.7000,12.7000,100
RCFS2SILVE1,20201020,3.1500,3.1600,3.1500,3.1600,54000
RCFS3CCC1,20201020,11.8000,11.8000,10.8000,11.1800,5835
RCFS3CORN,20201020,10.7400,10.7400,10.5800,10.5800,1871
RCFS3FDX,20201020,5.1400,5.3100,5.1300,5.3100,1151
RCFS3GAMES,20201020,1.1500,1.1700,1.1500,1.1700,1500
RCFS3KGH,20201020,0.2200,0.2200,0.2100,0.2100,43800
RCFS3MWIG40,20201020,9.5100,9.5100,9.2500,9.2500,680
RCFS3OIL,20201020,1.4900,1.4900,1.4900,1.4900,9
RCFS3OIL2,20201020,0.3200,0.3200,0.3200,0.3200,20
RCFS3PGE,20201020,1.8100,1.8600,1.6700,1.6700,7000
RCFS3TPE,20201020,1.0400,1.0400,1.0000,1.0000,4000
RCFS3W20,20201020,37.6000,37.6500,36.5000,36.7500,675
RCFS4CDPRO1,20201020,2.6000,2.6000,2.6000,2.6000,235
RCFS4KGH,20201020,0.1000,0.1000,0.1000,0.1000,241
RCFS4OIL,20201020,0.0100,0.0100,0.0100,0.0100,400
RCFS4PEO,20201020,25.2500,25.2500,25.2500,25.2500,99
RCFS4PGN,20201020,1.6400,1.6400,1.3000,1.3200,46363
RCFS4PZU,20201020,23.8500,26.1000,23.5000,26.1000,7001
RCFS5FW20,20201020,6.0400,6.0400,5.7900,5.8400,7365
RCFS5SUGA,20201020,2.2500,2.2500,2.2300,2.2300,1950
RCFS6NAG,20201020,0.1600,0.1600,0.1600,0.1600,5530
RCFS6NAG2,20201020,3.1300,3.1300,3.1300,3.1300,4306
RCFS6W201,20201020,5.2600,5.2600,4.8600,4.9700,3450
RCFS8COPP1,20201020,0.9200,0.9200,0.9200,0.9200,2999
RCGETNA06222,20201020,992.5000,992.5000,992.5000,992.5000,200
RCGOIL1022,20201020,1031.5000,1031.5000,1031.5000,1031.5000,163
RCGTECBSK0222,20201020,1095.5000,1095.5000,1095.5000,1095.5000,54
RCSILAOPEN,20201020,95.5000,95.5000,95.3000,95.5000,93
RCTSCOCO06,20201020,40.0000,40.0000,40.0000,40.0000,100
RCTSOIL022,20201020,3.5700,3.6200,3.5700,3.6200,37
RCWHTAOPEN,20201020,5.5800,5.5800,5.5800,5.5800,500
REDAN,20201020,0.1780,0.1890,0.1780,0.1780,6481
REINO,20201020,1.4800,1.4800,1.4800,1.4800,2
RELPOL,20201020,5.3200,5.4000,5.1600,5.2000,15130
REMAK,20201020,10.3000,10.3000,10.2000,10.2500,20
RONSON,20201020,1.5300,1.5300,1.3800,1.4550,69002
ROPCZYCE,20201020,20.5000,20.7000,20.3000,20.4000,106
RYVU,20201020,64.0000,64.0000,62.0000,63.0000,6803
SANOK,20201020,13.0000,13.0000,12.9000,13.0000,796
SANPL,20201020,131.0000,136.2000,128.6000,129.4000,127891
SANTANDER,20201020,7.5000,7.8200,7.5000,7.7730,36428
SANWIL,20201020,4.5800,4.7600,4.5800,4.7000,62728
SECOGROUP,20201020,14.1000,14.4000,14.1000,14.4000,200
SELENAFM,20201020,15.2000,15.5000,15.0500,15.5000,1100
SELVITA,20201020,43.2000,45.0000,42.4000,45.0000,4745
SERINUS,20201020,0.3580,0.3580,0.3300,0.3480,211356
SESCOM,20201020,27.0000,28.0000,26.0000,26.0000,148
SFINKS,20201020,0.3690,0.3690,0.3690,0.3690,100
SILVAIR-REGS,20201020,9.1100,9.1100,9.1100,9.1100,17
SIMPLE,20201020,10.8000,10.9000,10.6000,10.9000,1506
SKARBIEC,20201020,24.8000,25.0000,24.5000,24.6000,2300
SKOTAN,20201020,1.8700,1.9500,1.8700,1.9500,7320
SLEEPZAG,20201020,0.3400,0.3720,0.3060,0.3720,9284
SNIEZKA,20201020,88.8000,88.8000,88.0000,88.0000,13
SOLAR,20201020,3.7000,3.7200,3.5600,3.7000,6685
SONEL,20201020,9.5000,9.5000,9.3000,9.3000,1555
SOPHARMA,20201020,14.0000,14.0000,11.8000,11.8000,787
STALEXP,20201020,2.8000,2.8000,2.7800,2.8000,34520
STALPROD,20201020,178.6000,182.0000,174.0000,181.8000,1389
STALPROFI,20201020,5.3600,5.3600,5.1000,5.2400,9037
STAPORKOW,20201020,2.5000,2.5000,2.5000,2.5000,1000
SUNEX,20201020,4.3300,4.4000,4.1700,4.3600,14095
SUWARY,20201020,16.7000,16.7000,16.6000,16.7000,220
SWISSMED,20201020,4.2800,4.4800,4.0100,4.2000,77619
SYGNITY,20201020,7.5600,7.7600,7.5000,7.7400,15885
SYNEKTIK,20201020,26.0000,27.0000,24.6000,26.0000,31127
TALEX,20201020,11.5000,11.7500,11.5000,11.7500,616
TATRY,20201020,166.0000,166.0000,163.0000,163.0000,31
TAURONPE,20201020,2.0880,2.1140,2.0520,2.0740,1369068
TBULL,20201020,22.4000,24.5000,22.1000,24.4000,12018
TERMOREX,20201020,1.0500,1.0500,1.0500,1.0500,20
TESGAS,20201020,4.1800,4.1800,4.0400,4.0600,4220
TIM,20201020,13.0000,13.1000,13.0000,13.0000,32271
TORPOL,20201020,10.8500,10.9500,10.6000,10.9000,28180
TOYA,20201020,7.8400,7.8400,7.6400,7.7000,17086
TRAKCJA,20201020,1.4740,1.4940,1.4600,1.4700,23694
TRANSPOL,20201020,2.8800,2.8800,2.8800,2.8800,25
TRITON,20201020,2.3300,2.3300,2.3300,2.3300,11
TSGAMES,20201020,685.0000,685.0000,655.0000,662.0000,17032
ULMA,20201020,49.4000,49.4000,46.4000,46.8000,560
ULTGAMES,20201020,30.5000,30.7000,29.6000,30.2000,2866
UNIBEP,20201020,7.0000,7.0400,6.8800,7.0400,260
UNIMOT,20201020,29.5000,29.6000,28.0500,29.0000,10438
URSUS,20201020,0.4720,0.4980,0.4720,0.4940,36487
VENTUREIN,20201020,1.6600,1.6600,1.6500,1.6500,1300
VIGOSYS,20201020,530.0000,540.0000,515.0000,535.0000,1287
VINDEXUS,20201020,4.6300,4.7000,4.6100,4.7000,1626
VISTAL,20201020,3.4400,3.4400,3.0200,3.0450,131658
VIVID,20201020,1.7940,1.8000,1.7520,1.7540,20452
VOTUM,20201020,11.7500,12.1000,11.7000,12.1000,5401
VOXEL,20201020,46.8000,46.8000,45.5000,45.6000,3929
VRG,20201020,2.1600,2.2550,2.1600,2.1900,605847
WASKO,20201020,1.2200,1.2500,1.2100,1.2400,17201
WAWEL,20201020,558.0000,558.0000,558.0000,558.0000,4
WIELTON,20201020,3.8000,3.8000,3.7150,3.8000,31686
WIKANA,20201020,2.3800,2.4000,2.3800,2.3800,10086
WIRTUALNA,20201020,73.0000,74.0000,73.0000,74.0000,3837
WITTCHEN,20201020,6.6000,6.6000,6.4000,6.5000,12999
WOJAS,20201020,4.1800,4.1800,4.0400,4.0400,717
WORKSERV,20201020,0.8650,0.9360,0.8520,0.8840,319019
XTB,20201020,17.3000,17.7500,16.9000,17.0500,720091
XTPL,20201020,76.0000,83.6000,76.0000,80.0000,1908
ZAMET,20201020,0.8800,0.9200,0.8800,0.9050,24960
ZASTAL,20201020,21.0000,21.0000,19.7000,20.0000,9861
ZEPAK,20201020,9.8400,9.8400,9.4400,9.6000,7418
ZPUE,20201020,140.0000,142.0000,140.0000,142.0000,27
ZREMB,20201020,0.7500,0.7750,0.7500,0.7750,901
ZUE,20201020,3.2000,3.5000,3.2000,3.4400,2649
INVESTORMS,20201020,3892.3800,3898.8700,3892.3800,3898.8700,227222.094
MWIG40,20201020,3571.3100,3598.6600,3550.6300,3598.6600,158460.580
MWIG40DVP,20201020,63.1100,63.1100,63.1100,63.1100,158460.580
MWIG40TR,20201020,4730.0100,4766.2300,4703.7600,4766.2300,158460.580
SWIG80,20201020,13873.3400,13914.2300,13832.7000,13914.2300,35573.939
SWIG80DVP,20201020,264.8600,264.8600,264.8600,264.8600,35573.939
SWIG80TR,20201020,17914.5800,17967.3900,17866.9500,17967.3900,35573.939
WIG,20201020,48085.7500,48557.7500,47905.3100,48418.9700,1124929.726
WIG-BANKI,20201020,3503.8000,3558.7500,3467.5700,3527.7600,125981.332
WIG-BUDOW,20201020,2888.5600,2973.2200,2875.7700,2973.2200,4315.091
WIG-CEE,20201020,1080.6800,1080.6800,1072.4300,1072.4300,6279.446
WIG-CHEMIA,20201020,6571.4900,6571.4900,6401.9600,6454.0900,4837.844
WIG-ENERG,20201020,1741.1900,1747.5600,1692.7900,1716.1300,17594.596
WIG-ESG,20201020,7759.1300,7836.6800,7717.5000,7800.7900,800236.580
WIG-GORNIC,20201020,3877.5700,3974.9000,3875.1300,3974.9000,82754.228
WIG-INFO,20201020,3861.0900,3875.8300,3809.5600,3873.5200,27040.986
WIG-LEKI,20201020,6110.8200,6178.2500,6020.2600,6084.7200,23702.302
WIG-MEDIA,20201020,4834.1400,4878.8700,4825.6700,4872.0500,765.809
WIG-MOTO,20201020,3864.8400,3864.8400,3740.0600,3818.6200,1518.005
WIG-NRCHOM,20201020,2094.8200,2116.7500,2077.9100,2116.7500,3010.861
WIG-ODZIEZ,20201020,3560.3800,3660.9500,3543.7600,3622.3600,28101.096
WIG-PALIWA,20201020,3823.7100,3940.9500,3766.0600,3913.3700,71334.515
WIG-POLAND,20201020,49612.9800,49612.9800,49199.1100,49493.2300,1116710.834
WIG-SPOZYW,20201020,2976.2700,3013.1200,2946.5000,2997.8500,6917.110
WIG-TELKOM,20201020,885.4800,894.0800,885.1300,885.6600,68525.177
WIG-UKRAIN,20201020,340.7800,341.9500,340.7800,341.4600,6084.903
WIG.GAMES,20201020,33970.3700,33971.0600,33273.2000,33448.6100,200618.234
WIG.MS-BAS,20201020,8751.2900,8824.6200,8580.7800,8742.8900,97181.080
WIG.MS-FIN,20201020,5317.4200,5365.2200,5225.8200,5297.2300,170776.311
WIG.MS-PET,20201020,5227.7800,5373.2300,5129.9700,5338.1900,74981.445
WIG20,20201020,1647.9500,1667.1600,1638.2000,1656.3400,912143.440
WIG20DVP,20201020,10.3700,10.3700,10.3700,10.3700,912143.440
WIG20LEV,20201020,299.8700,306.8600,296.3200,302.9200,912143.440
WIG20SHORT,20201020,4384.5600,4410.5000,4333.4600,4362.2400,912143.440
WIG20TR,20201020,3011.4500,3051.2100,3003.2100,3033.6800,912143.440
WIG30,20201020,1886.6100,1911.8200,1877.9400,1903.2100,966186.490
WIG30TR,20201020,3453.1300,3453.1300,3420.9300,3439.9100,966186.490
WIGDIV,20201020,966.2200,984.0100,960.4000,983.0400,104183.515
WIGTECH,20201020,14796.4000,14823.0300,14719.3800,14764.3600,0.000
