06MAGNA,20201207,1.5100,1.5400,1.3900,1.4900,58172
11BIT,20201207,477.0000,497.5000,473.5000,487.0000,8914
4FUNMEDIA,20201207,4.8700,4.8700,4.6500,4.6500,314
ABPL,20201207,33.9000,33.9000,32.6000,33.0000,4060
ACAUTOGAZ,20201207,36.4000,36.5000,36.2000,36.4000,328
ACTION,20201207,5.1000,5.1800,5.0600,5.1600,10851
ADIUVO,20201207,5.3600,5.3600,5.1400,5.2000,3405
AGORA,20201207,7.0000,7.0800,6.9200,6.9600,20187
AGROTON,20201207,4.6500,4.6500,4.3500,4.6500,43586
AIGAMES,20201207,14.8000,15.6000,14.8000,15.2000,23053
AILLERON,20201207,8.6600,9.5000,8.3800,8.9600,108056
AIRWAY,20201207,1.8350,1.8350,1.6800,1.7800,880977
ALIOR,20201207,17.2700,17.6000,17.0400,17.6000,499550
ALLEGRO,20201207,75.5000,75.5000,72.6000,74.4500,2401460
ALTA,20201207,1.2100,1.3100,1.2100,1.3000,23818
ALTUSTFI,20201207,0.8540,0.8540,0.8100,0.8200,64570
ALUMETAL,20201207,44.0000,44.8000,43.8000,44.5000,2475
AMBRA,20201207,18.7000,18.9000,18.6000,18.7500,3177
AMICA,20201207,147.0000,149.8000,146.0000,149.6000,1175
AMREST,20201207,26.1000,26.1000,25.2500,25.8000,110269
APATOR,20201207,22.4000,22.5000,22.0000,22.4000,4468
APLISENS,20201207,11.1000,11.1000,10.8000,10.8000,116
APSENERGY,20201207,1.7200,1.7200,1.6800,1.7100,8493
ARCHICOM,20201207,20.7000,20.7000,20.0000,20.4000,3010
ARCTIC,20201207,5.2000,5.3000,5.1600,5.2600,102212
ARTERIA,20201207,4.0600,4.0600,4.0600,4.0600,10
ARTIFEX,20201207,8.3000,8.4600,8.0000,8.2000,20338
ASBIS,20201207,6.8400,7.0100,6.8400,6.8800,96915
ASSECOBS,20201207,35.2000,35.2000,34.2000,34.6000,210
ASSECOPOL,20201207,67.2000,67.2000,66.1000,66.8000,51061
ASSECOSEE,20201207,40.3000,40.3000,39.3000,39.4000,11919
ASTARTA,20201207,24.9000,25.9000,24.9000,25.2000,15520
ATAL,20201207,30.8000,32.0000,30.4000,30.4000,3962
ATENDE,20201207,3.4000,3.5400,3.4000,3.4800,19644
ATLANTAPL,20201207,6.1200,6.1200,6.1200,6.1200,10
ATLANTIS,20201207,0.7160,0.7360,0.6920,0.7340,8772
ATLASEST,20201207,1.2950,1.2950,1.2950,1.2950,3414
ATMGRUPA,20201207,4.1400,4.1400,3.9600,4.1000,1437
ATREM,20201207,2.1900,2.2200,2.1300,2.2200,24950
AUTOPARTN,20201207,7.5200,7.9000,7.5200,7.8000,41521
BAHOLDING,20201207,0.7100,0.7580,0.7010,0.7380,570889
BBIDEV,20201207,3.8800,3.8800,3.7700,3.8700,8969
BEDZIN,20201207,9.9500,9.9500,9.9500,9.9500,1061
BENEFIT,20201207,769.0000,790.0000,764.0000,790.0000,446
BETACOM,20201207,10.7000,10.7000,9.7000,10.2000,2255
BETAM40TR,20201207,53.5900,53.6800,53.1100,53.4000,4629
BETAW20LV,20201207,38.5000,40.0000,38.2500,40.0000,21962
BETAW20ST,20201207,375.9000,377.0000,372.0000,373.0000,4123
BETAW20TR,20201207,33.1500,33.5000,32.8700,33.3600,9368
BIK,20201207,12.0000,12.0000,11.8000,11.9000,170
BIOMEDLUB,20201207,11.3500,11.5000,10.8000,10.8500,1298709
BIOTON,20201207,4.4400,4.5500,4.4400,4.4800,53771
BNPPBNK20622,20201207,1061.0000,1061.0000,1061.0000,1061.0000,200
BNPPBSK1024,20201207,1007.0000,1015.0000,1007.0000,1015.0000,600
BNPPBSK10521,20201207,949.5000,949.5000,949.5000,949.5000,70
BNPPBSK1124,20201207,1025.5000,1026.5000,1025.5000,1026.5000,423
BNPPENDL0622,20201207,992.5000,992.5000,992.5000,992.5000,131
BNPPGOLD1222,20201207,1003.5000,1003.5000,1003.5000,1003.5000,26
BNPPPL,20201207,57.0000,57.0000,54.0000,55.0000,4330
BNPPSOGO1021,20201207,1053.0000,1053.0000,1053.0000,1053.0000,110
BNPPSOLED1221,20201207,1055.0000,1055.0000,1055.0000,1055.0000,100
BNPPSX5E0222,20201207,1010.0000,1010.0000,1010.0000,1010.0000,40
BNPPSXPP0421,20201207,1041.0000,1042.5000,1040.0000,1041.0000,1935
BNPPSXPP0624,20201207,111.4000,111.4000,111.4000,111.4000,1400
BOGDANKA,20201207,18.7000,19.5600,18.6600,19.3000,65067
BOOMBIT,20201207,16.8600,17.4000,16.6000,17.2000,46172
BORYSZEW,20201207,2.8800,2.8850,2.8550,2.8700,107479
BOS,20201207,6.1400,6.1400,5.8600,6.0400,40675
BOWIM,20201207,2.2800,2.3600,2.2800,2.3600,8983
BPHFIZMLI,20201207,95.0000,95.0000,95.0000,95.0000,60
BRASTER,20201207,0.4500,0.4865,0.4430,0.4560,312098
BUDIMEX,20201207,266.5000,275.0000,266.5000,271.0000,14892
BUMECH,20201207,1.9600,1.9950,1.9550,1.9850,10451
CCC,20201207,69.5200,71.8000,66.7400,71.3800,508477
CDPROJEKT,20201207,446.5000,464.2000,401.9000,425.1000,1427636
CDRL,20201207,19.2500,19.8500,17.4000,18.7000,9420
CEZ,20201207,80.5000,80.5000,78.0000,79.1000,972
CFI,20201207,0.2200,0.2450,0.2130,0.2450,360207
CIECH,20201207,29.9500,30.8000,29.6500,30.3500,95838
CIGAMES,20201207,1.2600,1.3300,1.2580,1.2900,2463677
CITYSERV,20201207,7.5500,7.7500,7.5500,7.7000,1124
CLNPHARMA,20201207,42.1500,42.2000,41.1000,41.2500,10586
CNT,20201207,13.4000,13.5000,13.4000,13.5000,462
COALENERG,20201207,0.4980,0.5000,0.4860,0.5000,8123
COGNOR,20201207,1.2700,1.2800,1.2350,1.2500,117428
COMARCH,20201207,198.0000,198.0000,193.5000,196.0000,633
COMP,20201207,51.4000,53.8000,51.4000,53.8000,1618
COMPERIA,20201207,2.9200,3.0000,2.9200,3.0000,620
CORMAY,20201207,1.4100,1.4100,1.3200,1.3300,403316
CPGROUP,20201207,7.1000,7.1600,6.7800,6.8000,5214
CYFRPLSAT,20201207,27.7000,27.8600,27.3000,27.8400,435409
CZTOREBKA,20201207,0.7350,0.7500,0.7350,0.7350,34917
DATAWALK,20201207,193.5000,193.5000,190.0000,191.0000,1537
DEBICA,20201207,77.0000,77.4000,77.0000,77.2000,671
DECORA,20201207,31.3000,31.3000,30.4000,30.9000,4835
DEKPOL,20201207,27.0000,27.6000,27.0000,27.4000,3593
DELKO,20201207,15.8000,15.8000,15.1000,15.3000,10448
DEVELIA,20201207,1.8800,1.9160,1.8740,1.9120,229988
DGA,20201207,5.4400,5.4400,5.1000,5.1000,165
DIGITREE,20201207,5.5000,5.5000,5.3500,5.3500,3419
DINOPL,20201207,266.4000,269.8000,258.2000,269.8000,136040
DOMDEV,20201207,102.5000,108.0000,102.0000,108.0000,9088
ECHO,20201207,4.1000,4.2000,4.1000,4.1300,55996
EDINVEST,20201207,3.7600,3.7600,3.7400,3.7400,1058
EFEKT,20201207,5.0500,5.0500,5.0500,5.0500,1271
EKOEXPORT,20201207,3.2050,3.4000,3.1800,3.3550,66913
ELBUDOWA,20201207,0.7810,0.8500,0.7080,0.8000,50947
ELEKTROTI,20201207,5.8600,6.1000,5.8600,6.1000,14101
ELEMENTAL,20201207,2.4200,2.4200,2.4050,2.4100,8487
ELKOP,20201207,0.2560,0.2660,0.2480,0.2640,129867
ELZAB,20201207,4.4800,4.7200,4.4800,4.6400,26999
EMCINSMED,20201207,13.1000,13.1000,11.8000,12.8000,1241
ENAP,20201207,1.3500,1.4500,1.3000,1.4500,55706
ENEA,20201207,5.5500,5.6700,5.5500,5.6000,567836
ENELMED,20201207,19.9000,20.4000,19.0000,20.4000,212
ENERGA,20201207,7.6800,7.8000,7.6700,7.7950,60619
ENERGOINS,20201207,0.7100,0.7500,0.7100,0.7500,26497
ENTER,20201207,34.3000,34.5000,33.3000,34.1000,14956
ERBUD,20201207,21.3000,21.8000,21.1000,21.5000,4326
ERG,20201207,42.0000,42.4000,42.0000,42.4000,24
ESOTIQ,20201207,14.5000,14.5000,14.0000,14.0000,1233
ETFDAX,20201207,558.5000,558.5000,553.1000,556.8000,154
ETFSP500,20201207,140.0000,140.0000,139.0800,139.9000,2859
ETFW20L,20201207,239.9500,244.0000,239.6000,240.1500,2140
EUCO,20201207,4.1500,4.3400,4.1300,4.2500,3641
EUROCASH,20201207,14.7900,15.1700,14.6400,14.7700,345142
EUROTEL,20201207,25.5000,26.9000,25.0000,26.8000,7736
FAMUR,20201207,1.9000,1.9580,1.8200,1.9000,1146504
FASING,20201207,10.2500,10.4000,10.2500,10.4000,700
FEERUM,20201207,10.5000,10.8000,10.0000,10.2000,4406
FERRO,20201207,25.0000,25.0000,23.7000,24.5000,4588
FERRUM,20201207,3.0200,3.0800,2.9800,3.0800,19729
FON,20201207,0.1120,0.1140,0.1060,0.1120,252546
FORTE,20201207,39.0000,39.0000,38.4000,38.8000,2003
GAMEOPS,20201207,22.8100,23.5900,22.5000,23.0000,3142
GAMFACTOR,20201207,14.9400,14.9600,14.5000,14.8000,6094
GAMFACTOR-PDA,20201207,14.1000,14.2000,12.7500,13.7500,45901
GETIN,20201207,0.9000,0.9285,0.8830,0.9100,793075
GETINOBLE,20201207,0.2135,0.2340,0.2135,0.2300,5144341
GLCOSMED,20201207,4.1200,4.1200,4.0000,4.1200,103843
GPW,20201207,43.2000,44.1000,42.9000,43.0000,53333
GROCLIN,20201207,1.0900,1.1150,1.0500,1.0850,51599
GRODNO,20201207,12.1500,12.3000,11.6000,11.9500,92577
GRUPAAZOTY,20201207,25.4500,27.2000,25.4500,26.8500,146782
GTC,20201207,6.6800,6.8800,6.5200,6.8800,24590
HANDLOWY,20201207,36.5000,36.5500,35.5000,36.1500,26504
HARPER,20201207,12.0500,13.0000,11.5000,12.8000,92913
HELIO,20201207,10.3000,10.3000,10.1000,10.3000,189
HERKULES,20201207,1.2800,1.3200,1.2700,1.3200,4771
HMINWEST,20201207,11.9000,12.0000,11.9000,12.0000,121
HUBSTYLE,20201207,1.1200,1.1500,1.0800,1.0800,11303
HYDROTOR,20201207,29.6000,29.6000,28.0000,28.6000,1535
I2DEV,20201207,9.1500,9.1500,9.0500,9.0500,126
IALBGR,20201207,0.2640,0.2640,0.2600,0.2620,6460
IDEABANK,20201207,1.7180,1.7180,1.6420,1.6700,87740
IDMSA,20201207,1.0200,1.0300,0.9800,0.9900,6334
IFCAPITAL,20201207,0.7900,0.7900,0.6900,0.6900,8038
IFIRMA,20201207,5.1000,5.1000,4.9700,5.0200,3761
IIAAV,20201207,72.9000,72.9000,72.9000,72.9000,15
IMCOMPANY,20201207,15.4500,16.6000,15.4500,16.2500,20182
IMMOBILE,20201207,2.4600,2.4800,2.4600,2.4800,2000
IMPEL,20201207,11.9000,12.2500,11.9000,12.2500,558
IMPERA,20201207,1.9000,2.0800,1.9000,2.0600,131708
IMS,20201207,2.7200,2.7700,2.6900,2.7000,6752
INC,20201207,7.3600,7.5600,7.2400,7.3800,38686
INGBSK,20201207,170.0000,170.0000,163.2000,165.8000,11699
INPRO,20201207,4.7000,4.7000,4.5000,4.5000,8826
INSTALKRK,20201207,19.6000,19.6500,19.5000,19.6500,1819
INTERAOLT,20201207,15.3000,15.3000,15.0000,15.0500,9649
INTERCARS,20201207,245.0000,247.0000,240.0000,247.0000,662
INTERFERI,20201207,4.6000,4.6000,4.4000,4.5800,1040
INTERSPPL,20201207,1.3200,1.3200,1.2900,1.2900,5484
INTLALE35055,20201207,17.0600,17.0600,17.0600,17.0600,400
INTLALE36046,20201207,14.1200,14.1200,12.4200,12.9000,1289
INTLBCO31179,20201207,100.0000,100.0000,100.0000,100.0000,40
INTLBCO31641,20201207,60.2000,60.2000,60.2000,60.2000,167
INTLBCO35691,20201207,44.8000,45.9000,44.8000,45.9000,155
INTLBCO35725,20201207,36.7000,36.7000,36.7000,36.7000,200
INTLBCO35733,20201207,42.3000,42.3000,42.3000,42.3000,160
INTLBCO36152,20201207,28.8000,29.0000,28.6000,28.6000,31
INTLCCC28977,20201207,4.8100,4.8100,4.8100,4.8100,96
INTLCCC30999,20201207,4.0700,4.2100,3.9100,4.1900,2227
INTLCCC31005,20201207,4.2000,4.2000,3.9300,4.1100,3000
INTLCDR28951,20201207,23.2000,23.2000,23.2000,23.2000,75
INTLCDR29850,20201207,24.7000,24.7000,24.7000,24.7000,50
INTLCDR30478,20201207,20.6000,21.1500,17.1000,17.2400,8243
INTLCDR30486,20201207,21.7000,22.3000,18.9000,18.9000,302
INTLCDR30718,20201207,17.8200,18.5400,15.0000,15.0000,575
INTLCDR30726,20201207,19.1600,20.1500,16.2800,16.2800,19904
INTLCDR35345,20201207,15.1000,16.4000,11.8000,13.0000,51779
INTLCDR35352,20201207,16.4600,17.2000,13.3000,13.6200,22647
INTLCDR36277,20201207,13.6000,14.5200,10.2600,11.2000,83450
INTLDAX30791,20201207,148.4000,148.4000,148.4000,148.4000,68
INTLDAX31542,20201207,119.2000,119.2000,119.2000,119.2000,14
INTLDAX35303,20201207,81.0000,81.0000,80.0000,80.0000,13
INTLDAX35923,20201207,29.8000,30.3000,26.5500,30.3000,8204
INTLDAX35931,20201207,38.9500,41.0000,38.8000,41.0000,1045
INTLDAX36186,20201207,18.6000,19.0000,15.0000,18.2000,6075
INTLDNP32656,20201207,9.9500,9.9500,9.9500,9.9500,60
INTLDNP34710,20201207,8.8100,9.0900,8.7700,9.0900,400
INTLDNP35493,20201207,5.6700,6.1900,5.6700,6.1500,806
INTLDOW32219,20201207,280.0000,280.0000,280.0000,280.0000,10
INTLDOW33134,20201207,228.0000,228.0000,228.0000,228.0000,43
INTLDOW35634,20201207,136.0000,136.0000,136.0000,136.0000,56
INTLDOW35956,20201207,98.0000,98.0000,98.0000,98.0000,128
INTLDOW35964,20201207,116.6000,116.6000,116.6000,116.6000,49
INTLEUD30049,20201207,88.7000,88.7000,88.7000,88.7000,30
INTLEUD33860,20201207,26.5500,26.9500,26.0000,26.9500,4450
INTLEUR24059,20201207,20.6500,20.9000,20.6500,20.9000,200
INTLEUR25643,20201207,27.0000,27.1000,27.0000,27.1000,200
INTLEUR26708,20201207,40.3500,40.3500,40.3500,40.3500,200
INTLGBU31807,20201207,67.4000,67.4000,67.4000,67.4000,11
INTLGBU34850,20201207,27.6500,27.7000,26.1000,27.7000,2379
INTLGLD22525,20201207,208.5000,219.5000,208.5000,219.5000,7
INTLGLD23069,20201207,191.2000,191.2000,191.2000,191.2000,18
INTLGLD23903,20201207,178.6000,178.6000,178.6000,178.6000,57
INTLGLD24166,20201207,157.4000,157.8000,157.4000,157.8000,30
INTLGLD30130,20201207,126.6000,126.6000,126.0000,126.0000,84
INTLGLD30148,20201207,279.0000,288.5000,279.0000,288.5000,22
INTLGLD30866,20201207,101.4000,115.2000,101.4000,115.2000,1035
INTLGLD31310,20201207,82.5000,92.5000,78.7000,92.5000,1182
INTLGLD33092,20201207,59.2000,69.4000,56.0000,69.4000,2283
INTLGLD33100,20201207,48.6500,58.5000,43.5000,58.5000,3378
INTLHSC12625,20201207,60.3000,60.3000,60.3000,60.3000,25
INTLHSC36145,20201207,25.4500,25.4500,25.4500,25.4500,8
INTLJSW29884,20201207,16.3200,16.3200,16.3200,16.3200,200
INTLJSW32136,20201207,13.7000,13.7000,13.7000,13.7000,1200
INTLJSW32151,20201207,15.0000,15.0000,15.0000,15.0000,100
INTLJSW35386,20201207,12.0400,12.1600,11.8400,11.8400,2430
INTLJSW36020,20201207,9.1800,9.5500,9.1800,9.4200,5003
INTLJSW36038,20201207,11.1800,11.1800,11.1800,11.1800,1000
INTLKGH32995,20201207,86.0000,86.0000,86.0000,86.0000,38
INTLKGH34793,20201207,69.9000,69.9000,69.9000,69.9000,8
INTLKGH35782,20201207,54.3000,55.2000,53.0000,55.2000,841
INTLKGH35790,20201207,59.4000,59.4000,59.4000,59.4000,1
INTLKGH36228,20201207,49.2000,49.5000,46.5500,49.4000,136
INTLLTS34702,20201207,13.3400,15.4600,13.2400,15.4600,4273
INTLLTS35360,20201207,15.8600,16.7600,15.8600,16.7600,1200
INTLNAG34462,20201207,3.9700,3.9700,3.8500,3.8500,4754
INTLNDX32979,20201207,111.6000,111.6000,111.6000,111.6000,91
INTLNDX33621,20201207,90.0000,90.0000,90.0000,90.0000,10
INTLNDX34777,20201207,79.2000,79.2000,79.2000,79.2000,1000
INTLNDX35659,20201207,52.7000,56.0000,52.7000,55.7000,1679
INTLNDX35667,20201207,64.6000,64.6000,64.6000,64.6000,159
INTLNKX31898,20201207,291.5000,291.5000,291.5000,291.5000,9
INTLOPL21626,20201207,2.8500,2.9800,2.8500,2.9200,4000
INTLPEO29439,20201207,25.6500,26.2500,25.6500,26.2500,44
INTLPEO35451,20201207,22.7000,22.7000,22.7000,22.7000,110
INTLPEO35824,20201207,16.1000,17.1000,16.1000,17.1000,760
INTLPEO35832,20201207,21.0500,21.0500,21.0500,21.0500,15
INTLPEO36251,20201207,13.1800,13.1800,12.6600,12.6600,529
INTLPGE31427,20201207,2.1700,2.3100,2.1700,2.3100,2650
INTLPGE35329,20201207,1.4500,1.4500,1.4500,1.4500,1000
INTLPGE35337,20201207,1.8000,1.8000,1.8000,1.8000,600
INTLPGE35741,20201207,0.9500,1.0000,0.9000,0.9300,6372
INTLPGE35758,20201207,1.3600,1.3600,1.3600,1.3600,6000
INTLPGN32615,20201207,1.5100,1.5100,1.5100,1.5100,3000
INTLPGN36004,20201207,1.2400,1.2500,1.2400,1.2400,22000
INTLPKN04101,20201207,26.3500,28.6500,26.3500,28.1000,1000
INTLPKN04119,20201207,29.7000,31.0000,29.7000,31.0000,155
INTLPKN05496,20201207,25.7500,26.4500,25.7500,25.9500,154
INTLPKN35840,20201207,16.9800,19.6000,16.9800,19.0400,18782
INTLPKN35857,20201207,20.8500,21.3000,20.8000,20.8000,350
INTLPKN35873,20201207,22.3000,22.3000,22.3000,22.3000,50
INTLPKO29405,20201207,13.1400,13.1400,13.1400,13.1400,300
INTLPKO30395,20201207,11.0000,11.6000,11.0000,11.6000,2751
INTLPKO35808,20201207,7.8300,8.0000,7.7700,7.7700,508
INTLPKO35816,20201207,9.2400,9.6800,9.2400,9.6800,682
INTLPKO36236,20201207,5.3500,5.9100,5.1100,5.5300,3608
INTLPLA29744,20201207,15.2000,15.2000,15.2000,15.2000,200
INTLPLA30270,20201207,14.4000,14.4000,13.3000,13.6000,1900
INTLPLA30288,20201207,16.9800,16.9800,16.9800,16.9800,100
INTLPLA31138,20201207,12.6800,12.7600,12.6800,12.7600,650
INTLPLA31757,20201207,9.9000,9.9000,9.9000,9.9000,1000
INTLPLA33084,20201207,9.8300,9.9800,9.3000,9.9800,265
INTLPLA35709,20201207,7.9800,7.9800,6.9000,6.9000,1051
INTLPLA35717,20201207,8.2400,8.2400,8.2400,8.2400,18
INTLPLA36178,20201207,6.9500,6.9600,5.9300,6.6500,15587
INTLPZU15610,20201207,7.6700,8.6700,7.6700,8.6700,922
INTLPZU15800,20201207,9.2200,9.9100,9.2200,9.9100,530
INTLPZU35774,20201207,6.5800,6.5800,6.5800,6.5800,30
INTLPZU35980,20201207,3.6200,4.6200,3.5900,4.6200,10690
INTLPZU35998,20201207,5.3200,5.6800,5.1200,5.6800,6238
INTLSLV30197,20201207,43.0000,43.0000,43.0000,43.0000,24
INTLSLV30890,20201207,37.2500,39.0000,37.2500,39.0000,63
INTLSLV33043,20201207,25.2000,25.2000,25.2000,25.2000,50
INTLSLV33340,20201207,11.7200,14.6000,10.9200,14.4000,19574
INTLSLV33357,20201207,14.6000,17.3200,13.8400,17.3000,2636
INTLSLV33365,20201207,17.7800,19.0000,16.9200,19.0000,972
INTLSLV33373,20201207,23.0000,23.0000,23.0000,23.0000,10
INTLSLV33381,20201207,25.4500,25.4500,25.4500,25.4500,100
INTLSPX28928,20201207,64.1000,64.1000,64.1000,64.1000,100
INTLSPX31575,20201207,43.8500,43.8500,43.8500,43.8500,5
INTLSPX33894,20201207,28.9000,28.9000,28.9000,28.9000,6
INTLSPX34900,20201207,19.9600,20.1500,19.9600,20.1500,390
INTLSPX35972,20201207,15.3400,15.3400,15.3400,15.3400,510
INTLTNF34090,20201207,33.1500,33.1500,33.1500,33.1500,30
INTLUSD20602,20201207,15.4400,15.9600,15.4400,15.9600,113
INTLUSD20610,20201207,22.0500,22.0500,19.1000,19.1000,215
INTLUSD20826,20201207,24.4500,24.4500,24.2500,24.2500,200
INTLUSD20842,20201207,32.3000,32.5500,30.3000,30.3000,3652
INTLUSD21170,20201207,10.1400,11.6000,8.1900,8.6400,3907
INTLUSJ16220,20201207,16.2000,16.2000,15.1000,15.1000,88
INTLW2029892,20201207,5.2500,5.4800,5.2500,5.3500,5000
INTLW2029900,20201207,5.6700,5.6700,5.6700,5.6700,249
INTLW2035261,20201207,4.4800,4.4800,4.3500,4.4300,40376
INTLW2035543,20201207,3.5100,3.5100,3.5100,3.5100,3000
INTLW2035550,20201207,3.6400,3.8200,3.6400,3.6500,9000
INTLW2035568,20201207,3.9400,3.9400,3.9400,3.9400,1446
INTLW2035584,20201207,4.2800,4.2800,4.2800,4.2800,1308
INTLW2035899,20201207,2.9700,3.0600,2.7900,2.8300,248518
INTLW2035907,20201207,3.0900,3.1200,3.0700,3.0700,5544
INTLW2036079,20201207,2.0700,2.2200,1.9600,2.0500,79057
INTLW2036087,20201207,2.2900,2.2900,2.2000,2.2600,767
INTLW2036095,20201207,2.5800,2.5800,2.5800,2.5800,855
INTLW2036103,20201207,2.6600,2.6600,2.6600,2.6600,5500
INTROL,20201207,3.9200,3.9200,3.7600,3.8800,12960
INTSALE35212,20201207,65.9000,68.1000,65.9000,66.8000,170
INTSALE35220,20201207,78.8000,78.8000,78.8000,78.8000,70
INTSALE36285,20201207,52.8000,53.9000,52.8000,53.8000,750
INTSBCO28035,20201207,21.1000,21.9500,20.4500,20.7500,1507
INTSBCO28084,20201207,59.0000,59.0000,59.0000,59.0000,5
INTSCCC27029,20201207,6.1000,6.1000,6.1000,6.1000,327
INTSCCC27698,20201207,3.7500,3.7500,3.5900,3.5900,4400
INTSCCC34207,20201207,1.9000,1.9000,1.4400,1.4400,12207
INTSCDR34124,20201207,10.5400,13.6600,9.3900,13.3800,25467
INTSCDR34199,20201207,13.9400,17.6200,13.5000,17.3000,31526
INTSDAX25783,20201207,24.3000,28.5000,23.3000,24.4500,4426
INTSDAX25825,20201207,36.5000,37.7000,36.5000,37.7000,876
INTSDAX26591,20201207,52.0000,52.5000,52.0000,52.5000,300
INTSDAX26609,20201207,65.7000,66.5000,63.6000,63.7000,1094
INTSDAX36111,20201207,76.8000,77.1000,76.8000,77.1000,15
INTSDOW27128,20201207,50.7000,50.7000,50.7000,50.7000,37
INTSDOW33282,20201207,66.7000,66.7000,66.7000,66.7000,100
INTSEUD02683,20201207,16.9600,16.9600,14.5800,14.5800,90
INTSEUD03764,20201207,27.7000,27.7000,26.3500,26.3500,1134
INTSEUD05033,20201207,39.9000,39.9000,38.1500,38.1500,37
INTSEUR36053,20201207,14.5200,14.5200,13.7000,13.7000,150
INTSGBP27342,20201207,52.3000,52.3000,52.3000,52.3000,18
INTSGBP31419,20201207,44.6000,45.2000,44.6000,45.2000,3000
INTSGBU20107,20201207,49.5500,49.5500,49.5500,49.5500,63
INTSGBU21030,20201207,62.1000,62.1000,62.1000,62.1000,100
INTSGBU26971,20201207,31.1500,33.7000,30.1000,30.3000,1213
INTSGLD34504,20201207,86.6000,86.6000,83.4000,83.4000,22
INTSGLD36368,20201207,31.9000,31.9000,22.0000,22.0000,593
INTSLTS34041,20201207,20.9000,20.9000,18.9000,18.9000,64
INTSNAG27797,20201207,6.4800,6.4800,6.3800,6.3900,6778
INTSNDX33233,20201207,27.7000,27.7000,23.8000,24.0000,655
INTSNDX33241,20201207,38.7000,38.7000,38.5000,38.6500,185
INTSNDX34405,20201207,137.6000,137.6000,137.6000,137.6000,8
INTSNKX36137,20201207,169.0000,169.0000,169.0000,169.0000,100
INTSOPL09423,20201207,2.5500,2.5500,2.5500,2.5500,80
INTSPEO32326,20201207,13.3000,13.3000,13.3000,13.3000,13
INTSPGE34157,20201207,2.7400,2.7700,2.6100,2.7700,4240
INTSPKN27300,20201207,39.3500,39.3500,38.8000,38.8000,203
INTSPKN27649,20201207,19.6400,19.8600,19.6400,19.8600,35
INTSPKN34173,20201207,9.7300,9.7300,8.7200,8.9900,1100
INTSPKO26997,20201207,16.3400,16.4000,15.7200,16.0400,533
INTSPLA25544,20201207,4.2900,5.3400,4.2900,4.3600,15686
INTSPLA25551,20201207,5.6700,6.6100,5.6700,6.4600,5050
INTSPLA33803,20201207,7.8600,7.8600,7.8600,7.8600,180
INTSPZU34165,20201207,11.8000,11.8000,10.6600,10.6600,66
INTSSLV34520,20201207,23.7500,23.7500,23.5000,23.5000,550
INTSSLV34538,20201207,18.5200,18.5200,18.5200,18.5200,12
INTSSLV34553,20201207,15.9400,15.9400,12.5800,12.5800,340
INTSSLV36343,20201207,10.1200,10.1200,7.5700,7.5700,626
INTSSPX34140,20201207,9.7400,10.0000,9.4000,9.4000,2351
INTSSPX34215,20201207,22.1000,22.1000,22.1000,22.1000,100
INTSSPX34421,20201207,27.9500,27.9500,27.9500,27.9500,26
INTSSPX34439,20201207,34.2500,34.2500,34.2500,34.2500,70
INTSUSD29694,20201207,64.6000,64.6000,64.6000,64.6000,30
INTSUSD36061,20201207,23.3500,23.3500,23.0000,23.0000,20
INTSW2020859,20201207,3.7600,3.7700,3.7200,3.7700,6860
INTSW2020867,20201207,3.9700,3.9700,3.9700,3.9700,300
INTSW2020875,20201207,4.4600,4.4600,4.4600,4.4600,450
INTSW2026005,20201207,3.1600,3.1600,3.1600,3.1600,1832
INTSW2026328,20201207,2.9400,2.9400,2.9400,2.9400,661
INTSW2027060,20201207,2.3700,2.4300,2.3700,2.4300,5212
INTSW2027078,20201207,2.6600,2.6600,2.6600,2.6600,4484
INTSW2027243,20201207,1.9000,1.9000,1.9000,1.9000,220
INTSW2027391,20201207,1.5700,1.6200,1.4500,1.5300,69483
INTSW2028480,20201207,1.0200,1.1500,0.8700,1.0500,100354
INVFIZ,20201207,950.2100,954.9900,950.2000,954.9900,15
INVGLDFIZ,20201207,1750.0100,1764.9000,1743.2100,1764.9000,28
INVISTA,20201207,0.3200,0.3200,0.3200,0.3200,120
INVPEFIZ,20201207,801.1100,861.9000,801.1100,839.0000,13
IPOPEMA,20201207,3.8600,3.9600,3.8400,3.9600,10105
ITMTRADE,20201207,0.1495,0.1495,0.1400,0.1495,5107
IZOBLOK,20201207,37.2000,38.0000,36.8000,38.0000,565
IZOLACJA,20201207,1.8500,1.8500,1.7500,1.8200,15436
IZOSTAL,20201207,2.2800,2.4300,2.2800,2.3600,43269
JSW,20201207,25.9000,26.4800,25.2400,25.5300,1041857
JWCONSTR,20201207,3.1500,3.1500,3.0000,3.1500,419
K2INTERNT,20201207,24.0000,24.8000,24.0000,24.6000,4141
KCI,20201207,0.6400,0.6600,0.6320,0.6600,27135
KERNEL,20201207,46.9000,46.9000,46.0000,46.7500,29044
KETY,20201207,459.0000,459.5000,449.0000,449.5000,4183
KGHM,20201207,174.5500,177.2000,170.9500,177.2000,648504
KGL,20201207,15.4500,15.6000,15.4500,15.5500,1344
KINOPOL,20201207,8.4500,8.4500,8.0500,8.1000,15109
KOGENERA,20201207,32.9000,32.9000,32.1000,32.5000,1279
KOMPAP,20201207,10.3000,11.2000,10.3000,11.2000,1163
KOMPUTRON,20201207,2.2000,2.2000,2.0600,2.1600,9395
KREC,20201207,7.7800,7.7800,7.7000,7.7000,1575
KREDYTIN,20201207,11.3000,11.3000,11.3000,11.3000,5
KRKA,20201207,397.0000,410.0000,394.0000,410.0000,343
KRUK,20201207,149.0000,149.5000,142.3000,142.3000,32742
KRUSZWICA,20201207,56.0000,56.8000,56.0000,56.6000,1723
KRVITAMIN,20201207,18.3000,18.8500,18.0500,18.8000,8098
KSGAGRO,20201207,2.2800,2.5200,2.2000,2.5200,93221
LABOPRINT,20201207,11.7000,12.0000,11.7000,12.0000,241
LARQ,20201207,1.8500,1.8500,1.6900,1.7900,8552
LENA,20201207,3.6800,3.7400,3.6500,3.7000,21009
LENTEX,20201207,10.1000,10.2000,9.9800,10.1500,14887
LIBET,20201207,2.0800,2.1100,2.0700,2.0900,76635
LIVECHAT,20201207,97.0000,99.6000,94.8000,98.1000,31103
LMESFIZ,20201207,1216.9000,1216.9000,1216.9000,1216.9000,2
LOKUM,20201207,12.5000,12.5000,12.3000,12.4500,4186
LOTOS,20201207,35.1800,37.4900,35.1500,37.3000,1585976
LPP,20201207,7290.0000,7345.0000,7140.0000,7285.0000,2965
LSISOFT,20201207,12.7000,12.7000,12.4500,12.6000,572
LUBAWA,20201207,1.5000,1.5350,1.5000,1.5200,261449
MABION,20201207,22.6500,22.9000,22.1000,22.6000,13868
MAKARONPL,20201207,5.6500,5.6500,5.5500,5.6000,2165
MANGATA,20201207,55.5000,55.5000,53.5000,55.5000,272
MARVIPOL,20201207,5.1800,5.1800,5.1200,5.1400,19398
MASTERPHA,20201207,3.9200,3.9800,3.9000,3.9000,6265
MAXCOM,20201207,11.7500,12.0000,11.7500,11.9500,3843
MBANK,20201207,171.0000,179.8000,169.9000,175.6000,123140
MBWS,20201207,5.8500,6.0800,5.8200,6.0800,2407
MCI,20201207,14.9500,15.0000,14.6000,15.0000,3202
MDIENERGIA,20201207,3.5500,3.5500,3.3500,3.3600,19823
MEDIACAP,20201207,1.8050,1.8050,1.8000,1.8000,1135
MEDICALG,20201207,21.9500,21.9500,20.6500,21.6500,15961
MENNICA,20201207,19.5000,19.8000,19.5000,19.5000,1989
MERCATOR,20201207,452.0000,475.0000,433.0000,460.0000,81152
MERCOR,20201207,10.4500,10.4500,10.2000,10.4500,700
MEXPOLSKA,20201207,1.3800,1.4000,1.3600,1.4000,5114
MFO,20201207,22.0000,22.4000,22.0000,22.4000,105
MILKILAND,20201207,0.7180,0.7300,0.6850,0.6900,23681
MILLENNIUM,20201207,3.1000,3.1420,3.0420,3.1400,2243789
MIRACULUM,20201207,1.1600,1.1700,1.1450,1.1700,9850
MIRBUD,20201207,3.0100,3.1800,3.0100,3.1700,1117569
MLPGROUP,20201207,82.0000,84.5000,81.0000,81.0000,64
MLSYSTEM,20201207,80.2000,81.4000,78.0000,80.0000,7228
MOBRUK,20201207,214.0000,218.0000,208.0000,212.0000,8611
MOJ,20201207,1.1300,1.2000,1.1300,1.2000,6051
MOL,20201207,24.9200,25.3000,24.8000,24.9000,1048
MONNARI,20201207,2.1900,2.2000,2.1100,2.1100,179243
MOSTALPLC,20201207,8.5000,8.5000,8.3800,8.4200,1871
MOSTALWAR,20201207,4.2700,4.3500,4.2700,4.3500,3426
MOSTALZAB,20201207,1.0200,1.0200,0.9820,1.0100,157917
MUZA,20201207,3.2400,3.5000,3.2400,3.4000,6409
MWTRADE,20201207,1.8700,1.8900,1.8700,1.8900,4009
NANOGROUP,20201207,4.5000,4.5000,4.1600,4.3000,28258
NANOGROUP-PDA,20201207,4.1400,4.2000,4.0800,4.1000,10290
NETIA,20201207,4.4200,4.5000,4.4200,4.5000,3934
NEUCA,20201207,629.0000,649.0000,629.0000,648.0000,1607
NEWAG,20201207,24.9000,25.9000,24.9000,25.1000,4465
NEXITY,20201207,21.4000,21.4000,20.4000,21.4000,548
NOVATURAS,20201207,12.0000,13.7000,12.0000,13.7000,2238
NOVAVISGR,20201207,1.6400,1.6400,1.6200,1.6200,3014
NOVITA,20201207,137.5000,145.0000,137.0000,140.5000,806
NTTSYSTEM,20201207,3.5600,3.7500,3.5500,3.7500,28673
OAT,20201207,46.9000,47.5000,42.3000,47.5000,190210
ODLEWNIE,20201207,4.9400,4.9400,4.8400,4.9300,3028
OEX,20201207,15.5000,15.5000,15.1000,15.1000,3621
OPENFIN,20201207,1.0150,1.0900,1.0100,1.0250,18557
OPONEO.PL,20201207,34.5000,36.2000,33.8000,36.0000,77904
OPTEAM,20201207,31.8000,32.4000,30.0000,31.2000,48585
ORANGEPL,20201207,6.4800,6.6800,6.4200,6.5200,2160434
ORCOGROUP,20201207,1.3500,1.3500,1.3500,1.3500,2794
ORZBIALY,20201207,11.1000,11.2000,11.0000,11.2000,1040
OTLOG,20201207,4.2000,4.2000,3.9000,4.0000,12827
OTMUCHOW,20201207,1.6100,1.6200,1.6000,1.6000,3061
OVOSTAR,20201207,83.0000,83.0000,83.0000,83.0000,4
PAMAPOL,20201207,1.4200,1.4200,1.3600,1.4100,3161
PANOVA,20201207,10.9000,10.9000,10.9000,10.9000,100
PATENTUS,20201207,1.0450,1.0450,0.9800,1.0450,9021
PBKM,20201207,81.8000,81.8000,80.2000,80.2000,3151
PCCEXOL,20201207,3.3100,3.3500,3.2900,3.3200,200384
PCCROKITA,20201207,49.2000,52.4000,49.2000,51.8000,11030
PEKABEX,20201207,16.3500,16.4000,16.2500,16.3000,4217
PEKAO,20201207,59.5000,59.9400,58.2200,59.0200,666010
PEMANAGER,20201207,14.9500,14.9500,14.8000,14.9000,1408
PEP,20201207,50.6000,51.0000,50.2000,50.2000,7891
PEPEES,20201207,1.3100,1.3100,1.3100,1.3100,739
PGE,20201207,5.6720,5.8500,5.6400,5.7660,3615082
PGNIG,20201207,5.0940,5.2400,5.0600,5.2060,2991049
PGO,20201207,1.2200,1.2500,1.1500,1.1600,7716
PGSSOFT,20201207,13.0000,13.0000,12.6000,12.9500,1715
PHARMENA,20201207,10.2000,10.2000,9.7600,9.9600,9091
PHN,20201207,10.1500,10.3500,10.1000,10.1500,4589
PKNORLEN,20201207,57.6400,59.8600,56.8800,59.6000,2644167
PKOASZEWZ,20201207,99.5000,99.5000,98.1200,99.4500,143
PKOBP,20201207,27.9500,28.4500,27.4900,28.3400,3365462
PKOGD,20201207,107.6000,107.6000,107.6000,107.6000,100
PKOGS,20201207,92.0000,92.0000,92.0000,92.0000,98
PKOSO,20201207,108.0000,108.0000,107.7200,107.7200,202
PKPCARGO,20201207,13.2600,13.3200,12.8000,13.2000,214317
PLASTBOX,20201207,1.8700,1.8700,1.8250,1.8500,2138
PLAY,20201207,38.5000,38.6800,38.5000,38.5200,35056
PLAYWAY,20201207,600.0000,600.0000,577.0000,599.0000,4364
PLAZACNTR,20201207,1.6400,1.6900,1.6000,1.6900,2680
PMPG,20201207,1.9000,1.9000,1.9000,1.9000,1765
POLICE,20201207,12.0000,12.3000,12.0000,12.0000,530
POLIMEXMS,20201207,2.2400,2.2550,2.1900,2.2350,223235
POLNORD,20201207,3.4900,3.4950,3.4900,3.4900,114173
POLWAX,20201207,3.4300,3.4300,3.3600,3.3900,65196
POZBUD,20201207,1.8900,1.9300,1.8500,1.9050,57727
PRAGMAFA,20201207,24.0000,24.2000,24.0000,24.0000,5395
PRAGMAINK,20201207,6.3400,6.3400,6.0000,6.0200,1702
PRAIRIE,20201207,0.5650,0.5780,0.5500,0.5690,582063
PRIMETECH,20201207,1.2500,1.2800,1.1300,1.1300,7532
PROCHEM,20201207,18.7000,18.7000,18.7000,18.7000,2
PROJPRZEM,20201207,16.4000,16.4000,16.2000,16.4000,31
PROTEKTOR,20201207,4.1400,4.1600,3.9000,4.0600,51093
PROVIDENT,20201207,4.8000,4.8600,4.6150,4.8250,28835
PULAWY,20201207,86.4000,88.0000,86.4000,87.6000,1125
PUNKPIRAT,20201207,0.6900,0.6900,0.6400,0.6700,38025
PZU,20201207,26.5000,27.7200,26.2200,27.7200,3590132
PZUAKORD,20201207,120.8800,120.8800,120.8800,120.8800,500
QUERCUS,20201207,3.1600,3.4100,3.0300,3.3000,91377
R22,20201207,34.0000,34.1000,33.6000,34.0000,7905
RADPOL,20201207,2.3500,2.4000,2.2600,2.2600,5699
RAFAKO,20201207,1.0000,1.0480,0.9710,1.0080,843072
RAFAMET,20201207,13.9000,13.9000,13.9000,13.9000,2
RAINBOW,20201207,21.4000,23.7000,21.0000,23.6000,119465
RANKPROGR,20201207,1.6500,1.8900,1.6500,1.8700,69675
RAWLPLUG,20201207,8.8000,8.8000,8.6600,8.6800,429
RCBWIGZL0423,20201207,1060.5000,1060.5000,1060.5000,1060.5000,100
RCESX5E0523,20201207,1068.5000,1068.5000,1068.5000,1068.5000,35
RCFL10GOLD,20201207,6.9900,8.5400,6.9900,8.4800,7263
RCFL10GOLD1,20201207,3.3600,3.9300,3.3600,3.9300,2500
RCFL10OIL2,20201207,8.9100,8.9100,8.9100,8.9100,4
RCFL2GOLD,20201207,91.7000,91.7000,91.7000,91.7000,1
RCFL2GOLD2,20201207,18.0000,18.0000,18.0000,18.0000,400
RCFL2NAG2,20201207,3.5700,3.5700,3.4800,3.5200,1550
RCFL2OIL,20201207,2.7800,2.7800,2.7800,2.7800,1000
RCFL2PKN1,20201207,7.3700,7.3700,7.3700,7.3700,1
RCFL2PLAT1,20201207,9.5700,9.5700,8.9800,9.5100,18861
RCFL2TEN,20201207,7.8300,7.8300,7.8300,7.8300,1
RCFL2W20,20201207,63.5000,63.5000,63.5000,63.5000,2
RCFL311B,20201207,4.7700,4.7700,4.5100,4.5100,800
RCFL3ALE,20201207,11.4000,11.4000,10.8000,11.4000,250
RCFL3ALR,20201207,0.3500,0.3600,0.3500,0.3600,6000
RCFL3ALR1,20201207,8.8500,8.8500,8.8500,8.8500,232
RCFL3BMW,20201207,21.0000,21.0000,21.0000,21.0000,50
RCFL3BOSS,20201207,0.2400,0.2400,0.2400,0.2400,2000
RCFL3BZW,20201207,2.7800,2.7800,2.7800,2.7800,1000
RCFL3CCC,20201207,0.0800,0.0900,0.0800,0.0900,755
RCFL3CCC1,20201207,16.0600,18.7400,16.0600,18.7400,632
RCFL3CDPRO1,20201207,120.6000,125.0000,100.0000,100.0000,403
RCFL3CDPRO2,20201207,11.6400,12.1200,9.2500,9.2500,1530
RCFL3COFF3,20201207,6.5500,6.5500,6.5500,6.5500,100
RCFL3CORN2,20201207,12.9200,12.9200,12.9200,12.9200,180
RCFL3ENA,20201207,3.1300,3.1300,3.1300,3.1300,500
RCFL3EUH,20201207,0.9500,0.9800,0.9100,0.9100,15087
RCFL3GOLD,20201207,58.9000,61.3000,58.9000,61.3000,251
RCFL3GOLD2,20201207,21.6500,22.7500,21.6500,22.7500,1488
RCFL3JSW,20201207,0.5500,0.6100,0.5500,0.5500,328501
RCFL3JSW1,20201207,20.4500,20.4500,19.1000,19.3800,431
RCFL3KGH,20201207,9.6900,9.6900,9.6900,9.6900,46
RCFL3LTS1,20201207,0.2000,0.2300,0.1900,0.2200,271286
RCFL3MBK,20201207,1.2600,1.3200,1.2600,1.3200,17606
RCFL3NAG2,20201207,1.6200,1.6200,1.5200,1.5700,19615
RCFL3OIL2,20201207,1.7200,1.7500,1.7200,1.7500,2062
RCFL3OIL3,20201207,0.1600,0.1600,0.1600,0.1600,1210
RCFL3OIL4,20201207,0.0300,0.0300,0.0300,0.0300,500
RCFL3PEO,20201207,1.1200,1.1200,1.1200,1.1200,3000
RCFL3PGE,20201207,0.1200,0.1200,0.1200,0.1200,2000
RCFL3PGE1,20201207,8.6800,8.6800,8.4900,8.4900,600
RCFL3PKN,20201207,13.1200,13.8800,13.1200,13.8800,989
RCFL3PKO,20201207,4.4300,4.4300,4.4300,4.4300,10
RCFL3PLAT1,20201207,6.2900,6.2900,5.7500,6.2900,17612
RCFL3PZU,20201207,9.4700,10.6200,9.4700,10.6200,25838
RCFL3SILVE,20201207,5.8900,5.8900,5.8900,5.8900,300
RCFL3SILVE3,20201207,15.3800,16.5800,15.2800,16.5800,115
RCFL3TEN,20201207,5.7700,6.1100,5.2900,5.4700,2700
RCFL3TOTF,20201207,2.9900,2.9900,2.9900,2.9900,12
RCFL3TPE,20201207,5.3000,5.3000,5.3000,5.3000,450
RCFL3W20,20201207,29.8500,30.0000,29.2000,29.2000,100
RCFL4CDPRO,20201207,59.5000,65.0000,43.7500,45.3000,18127
RCFL4CDPRO1,20201207,10.1600,11.2000,7.7100,7.8900,9012
RCFL4DBK1,20201207,3.4100,3.4100,3.4100,3.4100,5450
RCFL4DNP,20201207,24.8000,24.8000,24.8000,24.8000,32
RCFL4GAMES,20201207,78.6000,79.0000,64.8000,70.2000,1318
RCFL4GOLD,20201207,19.9200,20.9500,19.7000,20.9500,232
RCFL4KGH,20201207,11.9200,11.9200,11.4000,11.4200,1292
RCFL4OIL4,20201207,13.9800,13.9800,13.9800,13.9800,8
RCFL4PEO1,20201207,6.6700,6.6700,6.6700,6.6700,300
RCFL4PGN2,20201207,7.2200,7.2200,7.2200,7.2200,250
RCFL4PKN1,20201207,2.9000,3.2200,2.9000,3.2200,12394
RCFL4PKO,20201207,0.5400,0.5400,0.5300,0.5300,231163
RCFL4PKO1,20201207,12.5400,12.5400,12.5400,12.5400,160
RCFL4PLAT2,20201207,11.7600,11.7600,10.9200,11.6000,3861
RCFL4PZU,20201207,0.4500,0.4700,0.4500,0.4700,45000
RCFL4PZU1,20201207,6.7200,6.9100,6.7000,6.9100,11401
RCFL4SILVE2,20201207,7.1700,8.1700,7.0600,8.1700,949
RCFL4TOTF,20201207,0.9500,0.9500,0.9500,0.9500,15
RCFL5ALE,20201207,10.6600,10.6600,9.0800,9.8100,1275
RCFL5COPP,20201207,10.8000,10.8000,10.8000,10.8000,1721
RCFL5FW20,20201207,0.7500,0.7500,0.7500,0.7500,1000
RCFL5GOLD,20201207,20.5000,20.8500,20.5000,20.8500,6023
RCFL5MWIG40,20201207,2.1600,2.2000,2.1500,2.1900,7779
RCFL5SILVE,20201207,1.0200,1.2000,0.9700,1.2000,33158
RCFL5SUGA1,20201207,1.1800,1.1800,1.1300,1.1600,7000
RCFL6COFF3,20201207,4.5900,4.5900,4.5900,4.5900,295
RCFL6COPP1,20201207,13.3800,13.3800,13.3800,13.3800,46
RCFL6GASO1,20201207,18.7200,18.7200,18.7200,18.7200,50
RCFL6GOLD1,20201207,8.9500,9.7900,8.9500,9.7900,744
RCFL6NAG1,20201207,0.0100,0.0100,0.0100,0.0100,7861
RCFL6NAG3,20201207,0.4000,0.4000,0.4000,0.4000,14408
RCFL6PLAT2,20201207,6.5500,7.6500,6.5500,7.6500,2216
RCFL6SILVE,20201207,1.1700,1.4000,1.1700,1.4000,19935
RCFL6SILVE2,20201207,9.1000,9.1000,9.0700,9.0700,1517
RCFL6W20,20201207,15.7000,16.4600,15.7000,15.8000,738
RCFL6W201,20201207,0.5300,0.5400,0.5300,0.5300,4374
RCFL7NAG,20201207,0.1800,0.1800,0.1700,0.1700,4312
RCFL7SILVE,20201207,0.2200,0.2200,0.2200,0.2200,19000
RCFL8COFF,20201207,0.1000,0.1000,0.0900,0.0900,34079
RCFL8COFF1,20201207,0.3300,0.3600,0.3300,0.3600,67750
RCFL8OIL2,20201207,12.8200,12.8200,12.8200,12.8200,100
RCFS10GOLD1,20201207,0.2500,0.2500,0.2100,0.2100,92714
RCFS10SILVE2,20201207,3.0100,3.3300,2.2600,2.2600,635
RCFS2KGH,20201207,2.0300,2.0300,2.0300,2.0300,1500
RCFS3ALR,20201207,19.0200,19.0200,18.7600,19.0200,579
RCFS3ALR1,20201207,2.9800,2.9800,2.8700,2.8700,1367
RCFS3CDPRO,20201207,1.5700,1.9900,1.5700,1.9900,25970
RCFS3CDPRO1,20201207,0.0200,0.0200,0.0200,0.0200,10000
RCFS3COFF,20201207,8.8300,8.8300,8.8300,8.8300,610
RCFS3COFF2,20201207,10.4600,10.4600,10.4600,10.4600,100
RCFS3COPP,20201207,1.1900,1.1900,1.1900,1.1900,4191
RCFS3ENG,20201207,3.7100,3.7200,3.7100,3.7200,1000
RCFS3FDX,20201207,4.4000,4.4000,4.3200,4.3200,800
RCFS3GAMES,20201207,0.9800,0.9800,0.9800,0.9800,1000
RCFS3KGH,20201207,0.0800,0.0800,0.0800,0.0800,1000
RCFS3KGH1,20201207,3.2900,3.5000,3.2900,3.3000,1525
RCFS3LPP,20201207,0.2300,0.2300,0.2300,0.2300,1500
RCFS3OIL4,20201207,5.2200,5.2200,5.2200,5.2200,200
RCFS3PEO,20201207,9.4000,9.4000,9.4000,9.4000,600
RCFS3PGE,20201207,1.0800,1.1600,1.0800,1.1600,1100
RCFS3PKN,20201207,0.1100,0.1100,0.1100,0.1100,20000
RCFS3PKO,20201207,2.6400,2.6400,2.6400,2.6400,1000
RCFS3PLAT2,20201207,2.4900,2.5300,2.4900,2.5300,3594
RCFS3SILVE1,20201207,1.3000,1.3000,1.3000,1.3000,1200
RCFS3SOY,20201207,5.3800,5.4000,5.3800,5.3900,16209
RCFS3W20,20201207,21.0000,21.0000,20.6000,20.6000,1907
RCFS4CDPRO,20201207,0.0100,0.0100,0.0100,0.0100,5200
RCFS4CDPRO1,20201207,0.6600,0.9100,0.6200,0.8900,226731
RCFS4ESX,20201207,0.2700,0.2700,0.2700,0.2700,73200
RCFS4KGH1,20201207,2.0000,2.1700,2.0000,2.0100,35586
RCFS4NAG1,20201207,5.1500,5.1500,5.1500,5.1500,300
RCFS4PGN,20201207,0.7400,0.7400,0.7400,0.7400,17000
RCFS4PKN,20201207,4.0900,4.0900,3.9800,3.9800,4097
RCFS4PKO,20201207,2.8500,2.8500,2.8500,2.8500,264
RCFS5FW20,20201207,2.0400,2.0600,2.0100,2.0600,10027
RCFS5FW202,20201207,1.5500,1.5700,1.5000,1.5700,2050
RCFS5OIL4,20201207,2.9100,2.9100,2.9100,2.9100,100
RCFS5PLAT2,20201207,0.5800,0.5800,0.5400,0.5400,1600
RCFS5SILVE1,20201207,0.1200,0.1200,0.1200,0.1200,49999
RCFS5SOY,20201207,1.8400,1.8400,1.8100,1.8200,984
RCFS5SUGA1,20201207,1.0900,1.1200,1.0800,1.0800,5000
RCFS6COCO1,20201207,1.4300,1.4300,1.4300,1.4300,200
RCFS6COPP1,20201207,1.1100,1.1100,1.1100,1.1100,500
RCFS6CORN,20201207,1.8900,1.8900,1.8900,1.8900,690
RCFS6SUGA,20201207,0.8700,0.8700,0.8700,0.8700,300
RCFS6W201,20201207,1.4200,1.4600,1.4200,1.4300,10188
RCFS7SILVE1,20201207,8.0500,8.0500,8.0500,8.0500,50
RCFS8COPP1,20201207,0.3800,0.3800,0.3800,0.3800,13000
RCGCOMB1120,20201207,1009.0000,1009.0000,1009.0000,1009.0000,9
RCGETNA0321,20201207,1073.5000,1073.5000,1073.5000,1073.5000,5
RCGLDAOPEN,20201207,693.0000,693.0000,693.0000,693.0000,25
RCGOIL1022,20201207,1032.0000,1032.0000,1032.0000,1032.0000,31
RCGSX7E0122,20201207,988.0000,988.0000,988.0000,988.0000,1
RCGSXHC0222,20201207,1152.0000,1152.0000,1152.0000,1152.0000,45
RCLGAMESAOPEN,20201207,330.0000,330.0000,330.0000,330.0000,287
RCLNAGOPEN,20201207,1.2400,1.2400,1.2400,1.2400,2000
RCLOILAOPEN,20201207,15.6000,15.6000,15.6000,15.6000,37
RCNMBAOPEN,20201207,196.0000,196.0000,196.0000,196.0000,7
RCSCEAOPEN,20201207,58.0000,58.0000,58.0000,58.0000,15
RCSILAOPEN,20201207,87.6000,90.0000,87.6000,90.0000,319
RCTSCDPRO2,20201207,13.5000,13.5000,13.5000,13.5000,44
RCTSCOCO06,20201207,30.5500,30.5500,30.5500,30.5500,32
RCTSCOPP2,20201207,0.1200,0.1200,0.1200,0.1200,4166
RCTSJSW2,20201207,1.0200,1.0700,1.0200,1.0700,5000
RCTSKRU1,20201207,3.6000,4.0900,3.6000,4.0900,1400
RCTSLTS1,20201207,1.3700,1.3800,1.3500,1.3500,16000
RCWHTAOPEN,20201207,4.8100,4.8100,4.8100,4.8100,250
REDAN,20201207,0.1860,0.1900,0.1860,0.1900,46027
REINO,20201207,1.4400,1.4400,1.3700,1.4300,72
RELPOL,20201207,5.3600,5.5000,5.3000,5.3000,26338
REMAK,20201207,10.1500,10.1500,10.0000,10.0000,2084
RONSON,20201207,1.3850,1.3850,1.3100,1.3500,25783
ROPCZYCE,20201207,23.7000,24.0000,23.5000,23.9000,1482
RYVU,20201207,49.0000,50.0000,48.0000,48.6000,29933
SANOK,20201207,18.7000,19.6000,18.5500,19.5500,21735
SANPL,20201207,183.4000,184.2000,178.2000,182.0000,58256
SANTANDER,20201207,12.4900,12.6000,12.1000,12.2440,23167
SANWIL,20201207,3.2400,3.2400,2.9000,2.9400,450721
SECOGROUP,20201207,13.7000,13.7000,13.7000,13.7000,617
SEKO,20201207,9.0000,9.4000,8.8000,9.0000,1912
SELENAFM,20201207,16.9000,16.9000,16.6000,16.8000,3991
SELVITA,20201207,48.0000,48.6000,47.5000,48.0000,1084
SERINUS,20201207,0.2400,0.2420,0.2160,0.2240,2390784
SESCOM,20201207,29.2000,29.2000,27.0000,27.0000,1802
SFINKS,20201207,0.3600,0.3600,0.3100,0.3500,107172
SILVAIR-REGS,20201207,7.6500,7.6500,7.2000,7.2000,1823
SILVANO,20201207,7.2800,7.2800,7.2800,7.2800,1
SIMPLE,20201207,12.4000,12.8000,11.9000,12.8000,2059
SKARBIEC,20201207,25.4000,25.4000,24.8000,24.8000,2015
SKOTAN,20201207,1.7600,1.7700,1.7050,1.7150,16763
SKYLINE,20201207,0.6500,0.6500,0.6500,0.6500,20
SNIEZKA,20201207,86.4000,88.0000,85.8000,86.0000,326
SOLAR,20201207,3.9200,4.1200,3.8000,4.0500,14580
SONEL,20201207,9.3500,9.4500,9.2500,9.2500,1122
SOPHARMA,20201207,10.2000,10.3000,9.7500,9.8500,442
STALEXP,20201207,3.2000,3.2100,3.0500,3.2100,135528
STALPROD,20201207,215.0000,215.0000,205.0000,210.5000,1114
STALPROFI,20201207,6.0600,6.4000,6.0000,6.2000,26906
STAPORKOW,20201207,2.5000,2.5000,2.4800,2.4800,2000
STARHEDGE,20201207,0.4220,0.4300,0.4220,0.4300,2480
SUNEX,20201207,4.4800,4.6500,4.4700,4.5500,66051
SUWARY,20201207,16.0000,16.0000,16.0000,16.0000,25
SWISSMED,20201207,6.7400,8.2200,6.7400,8.2200,93295
SYGNITY,20201207,8.2400,8.7400,8.2200,8.4600,51526
SYNEKTIK,20201207,28.0000,28.9000,27.8000,28.2000,12223
TALEX,20201207,11.6000,11.6000,11.6000,11.6000,2
TATRY,20201207,152.0000,152.0000,143.0000,143.0000,42
TAURONPE,20201207,2.1600,2.2200,2.1500,2.1720,4289232
TBULL,20201207,29.3000,31.3000,29.3000,29.8000,17858
TERMOREX,20201207,0.8500,0.8800,0.8400,0.8800,4642
TESGAS,20201207,4.6000,4.8000,4.6000,4.7400,36521
TIM,20201207,17.9500,19.2500,17.9500,18.9000,93437
TORPOL,20201207,12.3000,12.3500,11.8500,11.9000,27359
TOWERINVT,20201207,12.7000,12.7000,12.7000,12.7000,1451
TOYA,20201207,6.1000,6.1000,6.0000,6.0600,49217
TRAKCJA,20201207,1.8500,1.8600,1.8220,1.8340,291180
TRANSPOL,20201207,2.8000,2.8000,2.7600,2.8000,47150
TRIGONPP4,20201207,44.0000,44.0000,44.0000,44.0000,621
TRIGONPP5,20201207,43.8000,43.8000,43.7100,43.7100,110
TRITON,20201207,2.1200,2.1600,2.1200,2.1400,4643
TSGAMES,20201207,544.0000,546.0000,511.0000,525.0000,29860
ULMA,20201207,47.0000,47.0000,45.0000,46.4000,325
ULTGAMES,20201207,31.8000,32.4500,31.0500,31.2000,7941
UNIBEP,20201207,8.0000,8.0000,7.7600,7.9400,5127
UNICREDIT,20201207,36.7000,36.7000,35.6050,35.6050,1373
UNIMA,20201207,3.0400,3.0400,3.0400,3.0400,140
UNIMOT,20201207,30.5000,32.7500,30.5000,31.8000,22096
URSUS,20201207,0.7580,0.7580,0.7250,0.7250,162059
VENTUREIN,20201207,2.0000,2.0000,1.8100,1.9000,2581
VIGOSYS,20201207,560.0000,570.0000,555.0000,565.0000,272
VINDEXUS,20201207,4.6800,4.7400,4.5600,4.6200,19049
VISTAL,20201207,2.6800,2.7400,2.6400,2.7100,23474
VIVID,20201207,1.8620,1.8620,1.7700,1.8080,71162
VOTUM,20201207,12.8000,12.8000,12.6500,12.7000,5058
VOXEL,20201207,40.7000,40.9000,40.6000,40.9000,4993
VRG,20201207,2.4700,2.4700,2.3800,2.4000,70623
WARIMPEX,20201207,5.2000,5.2000,5.2000,5.2000,217
WASKO,20201207,1.2000,1.2200,1.1900,1.2150,95577
WAWEL,20201207,570.0000,570.0000,566.0000,570.0000,101
WIELTON,20201207,5.8300,5.8800,5.7600,5.8700,66338
WIKANA,20201207,2.2400,2.2400,2.1000,2.1400,4199
WIRTUALNA,20201207,82.0000,82.0000,78.8000,82.0000,3740
WITTCHEN,20201207,8.5000,8.5000,8.4200,8.4400,8195
WOJAS,20201207,5.1000,5.1000,4.9000,5.0500,6272
WORKSERV,20201207,1.4800,1.6200,1.4420,1.5800,3339822
XTB,20201207,16.2500,16.3500,15.8500,16.1500,556349
XTPL,20201207,80.2000,80.2000,76.8000,78.6000,1204
ZAMET,20201207,0.8100,0.8100,0.8000,0.8000,3540
ZASTAL,20201207,31.6000,31.6000,28.8000,30.4000,3466
ZEPAK,20201207,9.6400,9.7200,9.6000,9.6200,5899
ZPUE,20201207,148.5000,149.0000,145.5000,145.5000,202
ZREMB,20201207,0.6900,0.6900,0.6700,0.6700,5713
ZUE,20201207,3.6800,3.6800,3.5400,3.6800,1634
ZYWIEC,20201207,498.0000,498.0000,496.0000,498.0000,108
INVESTORMS,20201207,4135.6600,4143.1800,4135.6600,4143.1800,275629.131
MWIG40,20201207,3816.9000,3829.8200,3799.8100,3811.9200,163801.914
MWIG40DVP,20201207,63.1100,63.1100,63.1100,63.1100,163801.914
MWIG40TR,20201207,5055.2800,5071.2400,5036.1900,5048.6900,163801.914
SWIG80,20201207,15228.7400,15270.2300,15175.7000,15270.2300,47443.637
SWIG80DVP,20201207,311.2700,311.2700,311.2700,311.2700,47443.637
SWIG80TR,20201207,19726.8400,19780.5800,19659.4000,19780.5800,47443.637
WIG,20201207,55357.1400,55667.6500,54956.0300,55567.3800,1806892.173
WIG-BANKI,20201207,4656.0800,4705.2400,4575.6200,4668.4600,187805.657
WIG-BUDOW,20201207,3262.0900,3316.9000,3259.9800,3284.3900,10774.522
WIG-CEE,20201207,1179.7300,1194.3500,1179.7300,1194.3500,3126.810
WIG-CHEMIA,20201207,7189.8100,7514.1800,7187.6900,7441.4100,7616.218
WIG-ENERG,20201207,1752.8900,1787.2400,1751.3600,1769.9200,34593.988
WIG-ESG,20201207,9142.9200,9224.0500,9098.5100,9188.9800,1563891.336
WIG-GORNIC,20201207,5379.5100,5453.3900,5287.8300,5453.3900,141411.825
WIG-INFO,20201207,3732.0800,3735.6500,3700.3900,3720.5800,10876.397
WIG-LEKI,20201207,5144.6800,5154.3900,5039.3800,5047.0500,16068.238
WIG-MEDIA,20201207,5517.6500,5517.6500,5368.3700,5503.5900,627.742
WIG-MOTO,20201207,4018.4600,4086.1300,3971.9500,4084.8100,1425.903
WIG-NRCHOM,20201207,2258.2300,2296.4600,2253.0600,2296.4600,2558.379
WIG-ODZIEZ,20201207,4454.9500,4476.7300,4355.8200,4472.3000,61206.297
WIG-PALIWA,20201207,4727.2500,4880.2200,4702.4100,4880.2200,230828.394
WIG-POLAND,20201207,56813.7300,56813.7300,56359.5300,56785.2000,1801918.590
WIG-SPOZYW,20201207,3458.9700,3463.9000,3426.8300,3463.9000,2906.346
WIG-TELKOM,20201207,914.6800,923.8400,905.0000,919.4900,26179.502
WIG-UKRAIN,20201207,438.7700,438.7700,436.5600,438.3200,2490.854
WIG.GAMES,20201207,33882.3600,34366.5400,32249.2900,32983.6000,654441.836
WIG.MS-BAS,20201207,10286.5000,10405.8300,10212.7300,10405.8300,173123.817
WIG.MS-FIN,20201207,6867.0500,6978.3100,6761.1200,6978.3100,250946.141
WIG.MS-PET,20201207,6249.3000,6460.7600,6226.2900,6459.0700,236358.163
WIG20,20201207,1949.6100,1965.9200,1926.8700,1958.5300,1578995.312
WIG20DVP,20201207,10.3700,10.3700,10.3700,10.3700,1578995.312
WIG20LEV,20201207,414.7900,421.7300,405.1200,418.5800,1578995.312
WIG20SHORT,20201207,3663.0700,3705.8800,3632.3300,3646.2800,1578995.312
WIG20TR,20201207,3572.6100,3599.6300,3549.9500,3587.1400,1578995.312
WIG30,20201207,2237.5200,2252.5300,2221.4800,2248.8000,1632599.515
WIG30TR,20201207,4065.2400,4065.2400,4031.0900,4064.5300,1632599.515
WIGDIV,20201207,1037.0400,1045.6500,1036.8500,1045.4000,194750.207
WIGTECH,20201207,14782.4800,14782.4800,14572.4200,14647.1000,0.000
WIGTECHTR,20201207,15157.7600,15203.3600,14944.2000,15033.4000,0.000
