06MAGNA,20201202,1.4900,1.4900,1.4600,1.4800,24014
11BIT,20201202,483.0000,483.0000,468.0000,470.5000,4208
4FUNMEDIA,20201202,4.6500,4.6600,4.6100,4.6600,2764
ABPL,20201202,32.3000,32.3000,31.0000,31.2000,2510
ACAUTOGAZ,20201202,36.8000,36.9000,36.5000,36.5000,568
ACTION,20201202,5.6000,5.6000,5.3200,5.4400,18939
ADIUVO,20201202,5.1400,5.4800,4.9500,5.4800,30327
AGORA,20201202,6.8800,7.1000,6.8800,7.1000,6764
AGROTON,20201202,4.6900,4.6900,4.3800,4.5500,37301
AIGAMES,20201202,16.1000,16.1000,15.5000,15.5000,4975
AILLERON,20201202,7.9600,8.4000,7.9000,8.0600,27676
AIRWAY,20201202,1.7800,1.9400,1.7750,1.8400,703252
ALIOR,20201202,17.0900,17.1950,16.9300,17.1800,279364
ALLEGRO,20201202,74.2000,75.8700,74.0000,75.2000,1106902
ALTA,20201202,1.2400,1.3000,1.2400,1.2500,4075
ALTUSTFI,20201202,0.8140,0.8240,0.8000,0.8200,49332
ALUMETAL,20201202,43.0000,43.8000,42.5000,43.8000,1622
AMBRA,20201202,18.7000,18.9000,18.6500,18.6500,5542
AMICA,20201202,144.8000,147.0000,144.8000,147.0000,1092
AMREST,20201202,25.2000,25.8000,25.0000,25.4000,94269
APATOR,20201202,22.5000,22.5000,22.2000,22.2000,1250
APLISENS,20201202,11.6000,11.6000,11.1000,11.1000,77
APSENERGY,20201202,1.7000,1.7000,1.6350,1.6900,11774
ARCHICOM,20201202,20.0000,20.3000,20.0000,20.1000,1803
ARCTIC,20201202,4.8200,5.2000,4.7000,5.1200,185124
ARTERIA,20201202,4.0800,4.0800,4.0600,4.0600,16
ARTIFEX,20201202,8.5800,8.7200,8.3200,8.4000,13087
ASBIS,20201202,7.2000,7.2000,7.0000,7.0100,211179
ASMGROUP,20201202,1.5600,1.5600,1.5600,1.5600,1000
ASSECOBS,20201202,34.6000,35.4000,34.6000,34.6000,1066
ASSECOPOL,20201202,65.8000,67.6000,65.5000,67.5000,62213
ASSECOSEE,20201202,40.1000,40.3000,39.8000,39.8000,1198
ASTARTA,20201202,24.0000,24.4000,23.2000,23.5000,15589
ATAL,20201202,32.1000,32.1000,31.8000,32.0000,1041
ATENDE,20201202,3.5200,3.5200,3.4000,3.4800,4441
ATLANTAPL,20201202,6.3000,6.3000,6.3000,6.3000,22
ATLANTIS,20201202,0.7560,0.7900,0.7100,0.7860,11801
ATLASEST,20201202,1.3000,1.3000,1.3000,1.3000,1000
ATMGRUPA,20201202,3.9500,3.9800,3.9500,3.9800,903
ATREM,20201202,2.1800,2.2000,2.1200,2.2000,5127
AUGA,20201202,2.2000,2.2000,2.2000,2.2000,3
AUTOPARTN,20201202,7.8000,7.8600,7.5200,7.5200,39856
BAHOLDING,20201202,0.8000,0.8770,0.7610,0.8120,1193410
BBIDEV,20201202,3.4100,3.7500,3.4000,3.6800,12887
BEDZIN,20201202,9.9000,9.9000,9.6000,9.9000,1955
BENEFIT,20201202,733.0000,744.0000,730.0000,735.0000,224
BEST,20201202,17.0000,17.0000,17.0000,17.0000,30
BETACOM,20201202,10.9500,10.9500,10.2500,10.2500,155
BETAM40TR,20201202,51.5400,51.9800,51.5100,51.9000,5834
BETAW20LV,20201202,34.9900,36.6100,34.9900,36.3000,4433
BETAW20ST,20201202,395.1000,396.6000,381.0000,381.0000,4343
BETAW20TR,20201202,31.5700,32.3400,31.5050,32.2500,11574
BIK,20201202,11.9000,11.9000,11.9000,11.9000,5
BIOMEDLUB,20201202,11.2500,13.5500,11.2000,12.8000,4442447
BIOTON,20201202,4.3600,4.4400,4.3600,4.4100,40900
BNPPBNK20622,20201202,1055.5000,1055.5000,1055.5000,1055.5000,30
BNPPBSK1024,20201202,1013.5000,1013.5000,1013.5000,1013.5000,444
BNPPPL,20201202,57.0000,57.2000,52.6000,57.2000,1301
BNPPSX7E0321,20201202,749.0000,752.5000,749.0000,752.5000,45
BNPPSXPP0421,20201202,1012.0000,1012.0000,1012.0000,1012.0000,15
BOGDANKA,20201202,18.2200,18.4600,18.1200,18.1800,6948
BOOMBIT,20201202,17.8800,17.8800,17.4000,17.4600,4875
BORYSZEW,20201202,2.8500,2.9050,2.8500,2.8800,48204
BOS,20201202,5.7000,5.7600,5.6000,5.7600,21005
BOWIM,20201202,2.3800,2.3800,2.3800,2.3800,600
BRASTER,20201202,0.4750,0.4755,0.4425,0.4610,258949
BUDIMEX,20201202,258.0000,268.0000,258.0000,268.0000,5856
BUMECH,20201202,2.0300,2.0600,1.9900,2.0000,20934
CCC,20201202,62.8600,63.5600,61.6000,63.2200,194389
CDPROJEKT,20201202,411.2000,426.0000,404.7000,425.0000,565809
CDRL,20201202,16.6500,18.2000,16.5000,18.0000,7258
CELTIC,20201202,7.1000,7.1000,7.1000,7.1000,10
CEZ,20201202,81.0000,81.0000,78.6000,79.0000,788
CFI,20201202,0.2230,0.2260,0.2200,0.2230,150550
CIECH,20201202,31.0000,31.2000,30.1500,30.4500,126764
CIGAMES,20201202,1.2300,1.2460,1.1720,1.1920,999311
CITYSERV,20201202,7.5500,7.5500,7.5500,7.5500,189
CLNPHARMA,20201202,41.1500,41.7000,40.0000,41.0000,16655
CNT,20201202,13.2000,13.4000,13.1000,13.4000,2923
COALENERG,20201202,0.4800,0.5100,0.4700,0.5100,6298
COGNOR,20201202,1.2300,1.2300,1.2000,1.2250,27205
COMARCH,20201202,194.0000,198.0000,194.0000,198.0000,284
COMP,20201202,50.4000,51.4000,50.0000,51.2000,1535
COMPERIA,20201202,2.8800,3.0000,2.8800,3.0000,3782
CORMAY,20201202,1.2800,1.4200,1.2600,1.4200,1172203
CPGROUP,20201202,6.5800,6.5800,6.5000,6.5400,113
CYFRPLSAT,20201202,26.5200,27.3000,26.3000,27.0000,719785
CZTOREBKA,20201202,0.7800,0.7800,0.7100,0.7800,29106
DATAWALK,20201202,197.0000,201.0000,196.0000,197.0000,1089
DEBICA,20201202,77.4000,77.4000,76.6000,77.4000,367
DECORA,20201202,32.4000,32.4000,30.5000,31.2000,4664
DEKPOL,20201202,27.6000,27.6000,27.0000,27.2000,331
DELKO,20201202,15.8000,16.3000,15.0000,16.3000,20885
DEVELIA,20201202,1.8060,1.8480,1.8060,1.8400,40424
DGA,20201202,5.4000,5.4000,5.3400,5.3400,952
DIGITREE,20201202,5.4500,5.4500,5.4500,5.4500,2100
DINOPL,20201202,252.0000,256.2000,247.2000,253.6000,164228
DOMDEV,20201202,99.0000,100.0000,98.6000,98.6000,523
DROZAPOL,20201202,1.8000,1.8000,1.6800,1.6800,2445
ECHO,20201202,4.0200,4.0300,3.9600,4.0200,20344
EDINVEST,20201202,3.7800,3.8000,3.6400,3.8000,5033
EFEKT,20201202,5.0000,5.1000,4.9400,4.9400,901
EKOEXPORT,20201202,3.2300,3.2850,3.1650,3.2150,26601
ELBUDOWA,20201202,0.9200,0.9200,0.8400,0.8400,67446
ELEKTROTI,20201202,5.5800,5.7200,5.5000,5.5800,13319
ELEMENTAL,20201202,2.4150,2.4200,2.4050,2.4200,105336
ELKOP,20201202,0.2580,0.2690,0.2430,0.2590,180417
ELZAB,20201202,4.3800,4.4000,4.3000,4.4000,13190
EMCINSMED,20201202,13.5000,13.5000,12.2000,12.7000,1492
ENAP,20201202,1.3700,1.3700,1.2700,1.3500,7363
ENEA,20201202,5.3600,5.4700,5.3300,5.4100,287332
ENELMED,20201202,19.5000,19.5000,19.0000,19.0000,350
ENERGA,20201202,7.9950,8.0000,7.8300,7.9450,88649
ENERGOINS,20201202,0.7300,0.7900,0.7240,0.7240,27827
ENTER,20201202,30.0000,30.9000,29.3000,30.9000,9748
ERBUD,20201202,20.8000,21.5000,20.8000,21.0000,9538
ERG,20201202,42.6000,42.6000,39.0000,42.4000,599
ESOTIQ,20201202,15.0000,15.0000,13.6500,14.5000,3098
ETFDAX,20201202,558.0000,562.3000,555.8000,562.3000,105
ETFSP500,20201202,138.3800,139.5000,138.3000,139.5000,2154
ETFW20L,20201202,228.0000,234.0000,228.0000,234.0000,4640
EUCO,20201202,4.3800,4.3800,4.1800,4.3100,3908
EUROCASH,20201202,13.9900,14.1100,13.5100,13.8100,400795
EUROTEL,20201202,24.2000,24.9000,24.2000,24.9000,2345
FAMUR,20201202,1.7340,1.7340,1.6820,1.7000,278653
FASING,20201202,10.6000,10.6000,10.6000,10.6000,144
FEERUM,20201202,11.3000,11.3000,11.2500,11.2500,152
FERRO,20201202,22.1000,26.2000,22.1000,24.3000,29903
FERRUM,20201202,3.4400,3.4400,3.3000,3.4200,6855
FON,20201202,0.1090,0.1090,0.1040,0.1090,151494
FORTE,20201202,36.8500,39.1000,36.8500,38.7000,3088
GAMEOPS,20201202,23.4750,23.5000,22.3700,23.0000,5149
GAMFACTOR,20201202,15.1500,15.2000,14.7920,15.1000,9027
GAMFACTOR-PDA,20201202,14.3520,14.3520,13.6100,14.0000,6314
GETIN,20201202,0.8900,0.9085,0.8750,0.9085,135156
GETINOBLE,20201202,0.2095,0.2095,0.1980,0.2070,945193
GLCOSMED,20201202,4.4000,4.4000,4.0600,4.3800,98440
GPW,20201202,42.5000,43.9500,42.3000,43.8000,69513
GROCLIN,20201202,1.0200,1.0200,1.0000,1.0200,4122
GRODNO,20201202,12.1000,12.5000,11.8000,12.0000,68619
GRUPAAZOTY,20201202,25.4000,25.5000,25.0500,25.3000,45868
GTC,20201202,6.7200,6.8000,6.6800,6.7400,11790
HANDLOWY,20201202,34.8500,34.9500,34.6000,34.8000,6737
HARPER,20201202,12.6000,12.9000,12.1000,12.5000,37349
HELIO,20201202,10.5000,10.5000,9.9500,10.5000,954
HERKULES,20201202,1.2400,1.3200,1.2300,1.3200,30264
HMINWEST,20201202,12.1000,12.1000,12.1000,12.1000,26
HUBSTYLE,20201202,1.2000,1.2000,1.0700,1.1500,1812
HYDROTOR,20201202,29.4000,29.4000,29.4000,29.4000,46
I2DEV,20201202,9.1500,9.1500,9.1500,9.1500,100
IALBGR,20201202,0.2640,0.2640,0.2640,0.2640,1714
IDEABANK,20201202,1.6000,1.6200,1.5800,1.5980,21274
IDMSA,20201202,0.8400,0.9100,0.8400,0.9100,13718
IFCAPITAL,20201202,0.7700,0.7700,0.7700,0.7700,3254
IFIRMA,20201202,4.7800,5.0800,4.7800,5.0800,22137
IIAAV,20201202,71.0500,71.0500,70.1000,70.1000,56
IMCOMPANY,20201202,15.1000,15.6000,15.1000,15.2000,5097
IMMOBILE,20201202,2.3500,2.4600,2.3400,2.4200,17776
IMPEL,20201202,11.9000,11.9000,11.9000,11.9000,300
IMPERA,20201202,1.6400,1.7300,1.6000,1.7300,28415
IMS,20201202,2.6900,2.6900,2.5900,2.6300,3507
INC,20201202,7.4000,7.4600,7.2000,7.3000,39578
INGBSK,20201202,158.0000,159.6000,155.2000,155.2000,4800
INPRO,20201202,4.7600,4.7600,4.5000,4.5000,216
INSTALKRK,20201202,19.8000,19.8000,19.5000,19.5500,784
INTERAOLT,20201202,15.1000,15.4000,15.0000,15.0500,8993
INTERCARS,20201202,240.0000,244.0000,236.0000,238.0000,706
INTERFERI,20201202,4.4000,4.9200,4.4000,4.9000,10648
INTERSPPL,20201202,1.3000,1.3000,1.2000,1.2000,3170
INTLALE35055,20201202,19.2000,19.2000,18.5000,18.5000,1492
INTLALE35063,20201202,23.1500,23.1500,22.9000,22.9000,103
INTLALE35071,20201202,25.2000,25.2000,25.2000,25.2000,2
INTLALE35097,20201202,30.3500,30.3500,30.3500,30.3500,10
INTLALE36046,20201202,13.8200,14.3400,13.8200,13.9000,690
INTLBCO31633,20201202,52.4000,52.4000,52.4000,52.4000,20
INTLBCO31641,20201202,56.0000,56.0000,56.0000,56.0000,15
INTLBCO35238,20201202,45.5000,45.6500,45.5000,45.6500,250
INTLBCO35691,20201202,40.3500,40.3500,40.3500,40.3500,5
INTLBCO35733,20201202,37.0000,37.8000,37.0000,37.8000,400
INTLBCO36152,20201202,23.9000,25.5500,23.1000,25.5500,880
INTLCCC30999,20201202,3.3700,3.3700,3.2700,3.2700,2001
INTLCDR28951,20201202,21.6500,22.7000,21.6500,22.7000,310
INTLCDR29850,20201202,19.6800,19.6800,19.6800,19.6800,24
INTLCDR30478,20201202,15.8800,17.2800,15.7800,17.2800,4598
INTLCDR30486,20201202,17.5200,18.6600,17.5200,18.6600,4782
INTLCDR30494,20201202,18.9600,18.9600,18.9600,18.9600,869
INTLCDR30726,20201202,14.8200,16.1400,14.3000,16.1400,9958
INTLCDR35345,20201202,10.9000,12.2800,10.1800,12.2200,67156
INTLCDR35352,20201202,12.3400,13.4600,11.9200,13.4600,6254
INTLDAX31542,20201202,123.2000,123.2000,123.2000,123.2000,13
INTLDAX31872,20201202,105.8000,105.8000,105.8000,105.8000,29
INTLDAX32193,20201202,95.9000,95.9000,95.9000,95.9000,554
INTLDAX35592,20201202,53.3000,53.3000,53.3000,53.3000,50
INTLDAX35618,20201202,76.6000,77.1000,76.6000,77.1000,29
INTLDAX35923,20201202,33.0000,34.2500,31.4500,33.0000,1638
INTLDAX35931,20201202,45.5000,45.5000,45.5000,45.5000,19
INTLDNP35493,20201202,4.7800,5.0000,4.6200,5.0000,1000
INTLDOW35956,20201202,84.3000,84.3000,82.1000,82.1000,568
INTLEUD29124,20201202,78.3000,78.3000,78.3000,78.3000,8
INTLEUD33837,20201202,29.8000,29.8000,29.8000,29.8000,300
INTLEUD33860,20201202,25.0000,26.5000,25.0000,26.5000,258
INTLEUR24059,20201202,22.7500,22.7500,22.7500,22.7500,275
INTLEUR28324,20201202,12.4400,12.4400,12.4400,12.4400,265
INTLGLD22525,20201202,204.0000,204.0000,204.0000,204.0000,5
INTLGLD23069,20201202,190.4000,190.4000,189.8000,189.8000,8
INTLGLD24166,20201202,144.8000,144.8000,144.0000,144.0000,80
INTLGLD30130,20201202,121.0000,123.6000,121.0000,123.6000,18
INTLGLD30148,20201202,276.5000,278.5000,276.5000,278.5000,25
INTLGLD30866,20201202,102.8000,102.8000,102.2000,102.2000,56
INTLGLD31310,20201202,79.4000,82.0000,79.0000,79.0000,338
INTLGLD33092,20201202,51.5000,58.1000,51.5000,55.7000,1001
INTLGLD33100,20201202,41.0000,47.0000,41.0000,44.0500,5235
INTLHSC36145,20201202,26.1500,26.1500,26.1500,26.1500,8
INTLJSW32136,20201202,11.2000,11.6000,11.2000,11.6000,4000
INTLJSW35386,20201202,9.4900,10.0200,9.4900,10.0200,2848
INTLJSW36020,20201202,7.2900,7.6600,7.2900,7.6600,643
INTLKGH34793,20201202,55.0000,55.0000,55.0000,55.0000,26
INTLKGH35782,20201202,37.7500,43.8500,37.7500,43.8500,3233
INTLKGH35790,20201202,43.3500,48.2500,43.3500,48.2500,38
INTLLTS34702,20201202,12.1000,12.1000,11.5000,11.6200,1465
INTLLTS35360,20201202,14.1000,14.1000,13.7200,13.7200,540
INTLNAG31740,20201202,2.2800,2.2800,2.2800,2.2800,100
INTLNDX34777,20201202,74.3000,74.3000,74.3000,74.3000,1000
INTLNDX35659,20201202,51.0000,51.0000,47.6000,50.0000,2174
INTLNDX35667,20201202,62.8000,62.8000,62.7000,62.7000,281
INTLPEO35824,20201202,14.9800,16.1600,14.9800,16.1600,86
INTLPGE31427,20201202,2.1000,2.1000,2.1000,2.1000,1000
INTLPGE35741,20201202,0.8500,0.8500,0.8500,0.8500,2000
INTLPGN32094,20201202,1.6200,1.6200,1.6200,1.6200,100
INTLPGN32615,20201202,1.2900,1.3400,1.2900,1.3400,8000
INTLPKN04101,20201202,26.0500,26.0500,26.0500,26.0500,200
INTLPKN35840,20201202,16.5400,16.5600,15.7800,16.1200,6042
INTLPKN35873,20201202,21.3000,21.3000,21.3000,21.3000,25
INTLPKO30395,20201202,10.2200,10.2200,10.2200,10.2200,100
INTLPKO30403,20201202,11.2000,11.2000,11.2000,11.2000,200
INTLPKO35808,20201202,6.1800,6.1800,6.1800,6.1800,300
INTLPLA30270,20201202,13.4200,13.4200,13.4200,13.4200,200
INTLPLA35709,20201202,6.9700,6.9700,6.9500,6.9500,1555
INTLPLA36178,20201202,5.5100,5.7700,5.5100,5.7700,580
INTLPZU15610,20201202,7.3300,7.5500,7.1400,7.3400,7850
INTLPZU35766,20201202,5.5500,5.5500,5.5500,5.5500,160
INTLPZU35774,20201202,6.7300,6.7300,6.7300,6.7300,30
INTLPZU35980,20201202,2.7700,3.6000,2.7700,3.6000,1238
INTLPZU35998,20201202,4.2900,4.7000,4.2900,4.7000,15000
INTLSLV29330,20201202,58.6000,58.8000,58.6000,58.8000,50
INTLSLV30890,20201202,38.2500,38.2500,37.5000,37.5000,60
INTLSLV33340,20201202,11.8400,13.4800,11.2800,11.8600,20353
INTLSLV33357,20201202,14.5000,16.2400,14.4000,14.4000,1400
INTLSLV33365,20201202,18.8200,18.8600,18.7200,18.8400,1919
INTLSLV33381,20201202,22.9500,22.9500,22.9500,22.9500,5
INTLSPX33894,20201202,28.0500,28.0500,28.0500,28.0500,160
INTLSPX34785,20201202,23.7000,23.7000,23.7000,23.7000,130
INTLSPX34900,20201202,19.1400,19.1400,18.8400,18.8400,140
INTLSPX35972,20201202,14.5800,14.5800,14.4600,14.4600,272
INTLTNF25320,20201202,71.0000,71.0000,71.0000,71.0000,2
INTLTNF34090,20201202,32.6000,32.6000,32.6000,32.6000,38
INTLUSD20602,20201202,14.7200,16.6000,14.7200,16.6000,613
INTLUSD20610,20201202,21.0500,23.2500,21.0500,22.3000,410
INTLUSD20826,20201202,26.5000,28.1500,26.2500,26.9500,2561
INTLUSD20842,20201202,32.5000,34.3500,32.5000,33.9000,301
INTLUSD21170,20201202,9.8500,12.1600,9.8500,11.5600,2435
INTLW2028613,20201202,9.6700,9.6700,9.6700,9.6700,105
INTLW2029892,20201202,4.5200,4.6500,4.5200,4.6300,3000
INTLW2030585,20201202,4.1200,4.3000,4.1200,4.3000,2217
INTLW2035261,20201202,3.7400,3.9500,3.6900,3.9500,92100
INTLW2035287,20201202,3.8400,3.8400,3.8400,3.8400,1541
INTLW2035550,20201202,2.8500,3.1500,2.8500,3.1500,2500
INTLW2035584,20201202,3.8400,3.8400,3.8400,3.8400,1308
INTLW2035899,20201202,2.1000,2.2000,2.0700,2.2000,8638
INTLW2036079,20201202,1.1500,1.5400,1.1500,1.5400,4820
INTLW2036087,20201202,1.7600,1.7600,1.7600,1.7600,601
INTLW2036095,20201202,1.7300,1.7300,1.7300,1.7300,251
INTLW2036103,20201202,1.9200,1.9200,1.9200,1.9200,5500
INTROL,20201202,3.7000,3.7200,3.6800,3.6800,4454
INTSALE35212,20201202,65.8000,65.8000,65.4000,65.6000,496
INTSBCO28027,20201202,19.1200,19.1200,18.7400,18.8200,129
INTSBCO28043,20201202,31.1000,31.1000,31.1000,31.1000,30
INTSCCC34207,20201202,2.3900,2.3900,2.3900,2.3900,80
INTSCDR34124,20201202,15.0000,15.2600,13.6800,13.6800,1078
INTSCDR34199,20201202,18.4200,18.4200,18.4200,18.4200,100
INTSCDR34249,20201202,10.7400,11.1800,9.5100,9.5200,11214
INTSDAX25783,20201202,22.0000,24.1000,20.6000,22.4500,10608
INTSDAX25825,20201202,34.1000,35.9000,32.9500,35.4000,1847
INTSDAX26591,20201202,46.5000,46.5000,46.3500,46.3500,82
INTSDAX26609,20201202,58.9000,62.5000,58.9000,62.0000,202
INTSDAX36111,20201202,73.3000,74.9000,73.3000,74.8000,852
INTSDOW27128,20201202,67.0000,67.0000,67.0000,67.0000,4
INTSDOW33282,20201202,80.0000,80.0000,80.0000,80.0000,100
INTSDOW33605,20201202,155.0000,156.2000,155.0000,156.2000,110
INTSEUC21154,20201202,32.3500,32.3500,32.3500,32.3500,34
INTSEUD02683,20201202,18.0000,18.0000,17.5800,17.5800,53
INTSEUR29181,20201202,40.9000,40.9000,40.8000,40.8000,400
INTSGBU20107,20201202,45.4500,45.4500,45.4500,45.4500,20
INTSGBU31831,20201202,13.5400,15.6000,13.5400,15.6000,400
INTSGLD31591,20201202,160.4000,160.4000,160.4000,160.4000,985
INTSGLD33324,20201202,142.6000,142.6000,142.2000,142.2000,1383
INTSGLD34496,20201202,101.8000,105.2000,101.8000,105.2000,132
INTSGLD34504,20201202,92.9000,92.9000,88.0000,92.0000,425
INTSLTS34041,20201202,22.7500,22.7500,22.6000,22.6000,34
INTSNDX33233,20201202,29.6000,31.4000,29.6000,30.6500,760
INTSNDX33241,20201202,44.3000,44.3000,44.3000,44.3000,50
INTSNDX33647,20201202,108.2000,108.2000,108.2000,108.2000,12
INTSNKX36137,20201202,158.8000,162.0000,158.8000,162.0000,40
INTSPEO24687,20201202,63.0000,63.0000,63.0000,63.0000,40
INTSPEO32334,20201202,26.1000,26.1000,26.1000,26.1000,273
INTSPGE26229,20201202,5.1900,5.1900,5.1900,5.1900,500
INTSPGE34157,20201202,2.8500,2.8500,2.8500,2.8500,350
INTSPKN34173,20201202,12.8000,12.8000,12.8000,12.8000,24
INTSPKO23630,20201202,20.3000,20.3000,20.3000,20.3000,150
INTSPKO26997,20201202,17.8400,17.8400,16.9200,16.9800,1000
INTSPLA25296,20201202,2.9100,2.9100,2.2900,2.2900,360
INTSPLA25304,20201202,3.8400,3.8400,3.8300,3.8300,162
INTSPLA25544,20201202,5.3900,5.3900,5.3900,5.3900,500
INTSPZU34165,20201202,11.9000,11.9000,11.8600,11.8600,363
INTSSLV34553,20201202,15.3400,15.7800,13.9000,15.1000,3796
INTSSPX34140,20201202,11.0200,11.4400,10.8600,10.8800,1200
INTSSPX34413,20201202,5.3000,5.5800,4.9400,5.0200,9866
INTSUSD32235,20201202,44.2500,44.3500,44.2500,44.3500,2000
INTSUSJ32714,20201202,25.4000,26.0500,25.4000,26.0500,38
INTSW2005892,20201202,5.7500,5.7500,5.7500,5.7500,500
INTSW2026005,20201202,3.7200,3.7200,3.7200,3.7200,1832
INTSW2027078,20201202,3.5800,3.5800,3.5800,3.5800,1667
INTSW2027243,20201202,2.8500,2.8500,2.6300,2.6300,2220
INTSW2027391,20201202,2.3900,2.3900,2.0500,2.0500,12021
INTSW2028464,20201202,0.9500,1.0100,0.6500,0.6500,146019
INTSW2028472,20201202,1.4300,1.4300,1.0100,1.0200,139321
INTSW2028480,20201202,1.9000,1.9000,1.5700,1.5700,5474
INVFIZ,20201202,952.3500,952.3500,952.3500,952.3500,12
INVGLDFIZ,20201202,1725.0100,1725.0100,1725.0100,1725.0100,1
INVISTA,20201202,0.3200,0.3200,0.3200,0.3200,20
IPOPEMA,20201202,3.9800,3.9800,3.9400,3.9600,2740
ITMTRADE,20201202,0.1400,0.1535,0.1400,0.1535,146
IZOBLOK,20201202,36.6000,37.9000,36.6000,37.9000,80
IZOLACJA,20201202,1.8600,1.8900,1.8500,1.8900,3103
IZOSTAL,20201202,2.3000,2.3100,2.2700,2.2900,15182
JSW,20201202,23.6000,24.3000,23.1400,24.3000,511403
JWCONSTR,20201202,3.1000,3.1500,3.0300,3.1500,1949
JWWINVEST,20201202,2.4800,2.4800,2.4800,2.4800,475
K2INTERNT,20201202,21.0000,22.0000,21.0000,22.0000,11101
KCI,20201202,0.6320,0.6660,0.6320,0.6660,36924
KERNEL,20201202,47.0000,47.8500,46.6500,47.2500,29005
KETY,20201202,447.5000,450.0000,445.5000,448.0000,1045
KGHM,20201202,157.0000,164.7500,154.5500,164.6500,708199
KGL,20201202,15.4000,15.4000,15.0000,15.4000,1766
KINOPOL,20201202,8.5000,8.7000,8.2500,8.5000,11036
KOGENERA,20201202,32.6000,33.0000,32.6000,33.0000,521
KOMPAP,20201202,11.8000,11.9000,11.0000,11.4000,2508
KOMPUTRON,20201202,2.1200,2.1200,2.1100,2.1100,1755
KREC,20201202,7.4000,7.7000,7.3800,7.7000,22088
KREDYTIN,20201202,11.2000,11.2000,11.2000,11.2000,6
KRKA,20201202,395.0000,396.0000,392.0000,392.0000,70
KRUK,20201202,138.0000,141.8000,138.0000,141.8000,15027
KRUSZWICA,20201202,54.8000,55.6000,54.8000,55.4000,4593
KRVITAMIN,20201202,18.3000,18.3000,16.6000,17.1500,44321
KSGAGRO,20201202,2.1200,2.4600,2.0600,2.3600,151813
LABOPRINT,20201202,11.0000,11.1500,10.8000,11.1500,61
LARQ,20201202,1.8500,1.8500,1.6900,1.6900,554
LENA,20201202,3.5900,3.6500,3.5800,3.6000,5409
LENTEX,20201202,9.8800,10.1000,9.8400,10.1000,13315
LIBET,20201202,2.1400,2.1400,2.0600,2.0600,24935
LIVECHAT,20201202,96.9000,97.0000,96.0000,96.0000,26703
LMESFIZ,20201202,1150.5000,1151.1000,1143.0000,1143.0000,18
LOKUM,20201202,12.3000,12.3000,12.0000,12.2500,47722
LOTOS,20201202,33.7900,34.1100,33.1800,33.7500,1149464
LPP,20201202,6840.0000,7120.0000,6655.0000,7100.0000,4353
LSISOFT,20201202,12.7000,12.8000,12.7000,12.8000,913
LUBAWA,20201202,1.5600,1.5600,1.5200,1.5350,338527
MABION,20201202,21.1000,22.3500,21.0500,22.1000,20639
MAKARONPL,20201202,5.6000,5.6500,5.5500,5.6500,1800
MANGATA,20201202,55.0000,55.5000,54.0000,55.0000,1018
MARVIPOL,20201202,5.1000,5.1800,5.1000,5.1800,26560
MASTERPHA,20201202,4.1300,4.1300,4.0500,4.0500,520
MAXCOM,20201202,11.7500,11.7500,11.3000,11.7500,3262
MBANK,20201202,155.2000,156.3000,151.6000,154.6000,67119
MBWS,20201202,6.1000,6.1000,5.8200,5.8200,269
MCI,20201202,15.2000,15.2000,15.0000,15.0500,3479
MDIENERGIA,20201202,3.6100,3.7000,3.2700,3.4600,114246
MEDICALG,20201202,21.4000,21.9500,21.3000,21.9500,3631
MENNICA,20201202,19.4000,19.4000,19.2000,19.2000,1415
MERCATOR,20201202,475.0000,490.0000,460.0000,465.0000,60947
MERCOR,20201202,10.2500,10.5000,10.2500,10.5000,11160
MEXPOLSKA,20201202,1.3600,1.4100,1.3500,1.3800,14486
MFO,20201202,22.8000,22.8000,22.0000,22.8000,512
MILKILAND,20201202,0.7380,0.7380,0.6900,0.7000,3418
MILLENNIUM,20201202,2.7740,2.8160,2.7300,2.8140,559400
MIRACULUM,20201202,1.1500,1.1800,1.1500,1.1800,20073
MIRBUD,20201202,2.6300,2.7700,2.6300,2.7700,469671
MLPGROUP,20201202,80.0000,84.0000,80.0000,84.0000,41
MLSYSTEM,20201202,75.4000,79.6000,75.4000,76.2000,12300
MOBRUK,20201202,212.0000,224.0000,212.0000,214.0000,16869
MOJ,20201202,1.1500,1.1500,1.1500,1.1500,1075
MOL,20201202,25.0000,25.3000,25.0000,25.3000,34304
MONNARI,20201202,1.9000,1.9100,1.8600,1.8750,37463
MOSTALPLC,20201202,9.0000,9.0000,8.5000,8.7800,2882
MOSTALWAR,20201202,4.4400,4.4500,4.4400,4.4500,801
MOSTALZAB,20201202,1.0500,1.0950,1.0300,1.0500,306908
MUZA,20201202,3.3000,3.3000,3.1800,3.3000,2428
MWTRADE,20201202,1.7500,1.7500,1.7400,1.7500,2120
NANOGROUP,20201202,4.6000,5.0500,4.6000,4.9000,61007
NANOGROUP-PDA,20201202,4.4000,4.5000,4.3000,4.3600,26014
NETIA,20201202,4.4900,4.5300,4.4800,4.5300,10325
NEUCA,20201202,603.0000,615.0000,603.0000,614.0000,1610
NEWAG,20201202,25.4000,25.5000,25.0000,25.5000,1927
NEXITY,20201202,21.2000,21.8000,20.4000,21.4000,1361
NOVATURAS,20201202,10.0000,10.8000,10.0000,10.8000,170
NOVAVISGR,20201202,1.6200,1.7000,1.6200,1.6600,231
NOVITA,20201202,135.0000,135.0000,130.5000,131.0000,1068
NOWAGALA,20201202,0.9500,0.9640,0.9500,0.9640,151
NTTSYSTEM,20201202,3.4000,3.4000,3.3100,3.3500,5790
OAT,20201202,45.6000,49.2000,45.1000,49.2000,77074
ODLEWNIE,20201202,4.8600,4.9000,4.8400,4.9000,1359
OEX,20201202,15.5000,15.5000,15.4000,15.4000,1000
OPENFIN,20201202,1.0500,1.0500,1.0000,1.0000,26408
OPONEO.PL,20201202,33.2000,33.5000,33.1000,33.5000,961
OPTEAM,20201202,32.0000,32.4000,29.6000,30.6000,98453
ORANGEPL,20201202,6.2850,6.5500,6.2850,6.5300,2189710
ORCOGROUP,20201202,1.3650,1.4000,1.3650,1.4000,3200
ORZBIALY,20201202,11.3000,11.3000,11.0000,11.0000,1095
OTLOG,20201202,4.0800,4.2000,4.0200,4.0200,6713
OVOSTAR,20201202,75.0000,75.0000,74.5000,75.0000,774
PAMAPOL,20201202,1.3900,1.4100,1.3600,1.4100,4177
PANOVA,20201202,10.7000,11.5000,10.7000,11.5000,684
PATENTUS,20201202,1.0450,1.0450,1.0200,1.0450,2748
PCCEXOL,20201202,3.2700,3.4300,3.2200,3.2600,374825
PCCROKITA,20201202,47.3000,47.3000,46.3000,47.0000,2656
PEKABEX,20201202,16.0000,16.8000,16.0000,16.4500,15132
PEKAO,20201202,57.6600,59.1600,56.8400,59.1600,806540
PEMANAGER,20201202,14.8500,14.8500,14.8500,14.8500,2
PEP,20201202,50.0000,51.6000,50.0000,50.8000,18749
PEPEES,20201202,1.3000,1.3000,1.2900,1.3000,15122
PGE,20201202,5.6800,5.6800,5.5500,5.6000,3115208
PGNIG,20201202,4.8370,5.0440,4.8030,5.0440,6451525
PGSSOFT,20201202,13.1000,13.1000,12.7500,13.0000,5392
PHARMENA,20201202,10.5000,11.0000,10.5000,10.8000,11761
PHN,20201202,10.4500,10.4500,10.1000,10.2500,2016
PKNORLEN,20201202,57.2400,57.2400,55.2600,56.3200,1613308
PKOASZEWZ,20201202,98.3000,99.4800,98.3000,99.4800,225
PKOBP,20201202,26.3300,27.2600,26.2000,27.2600,3357578
PKOGD,20201202,107.9900,108.0000,107.0200,107.0200,462
PKOGS,20201202,92.1700,92.1700,92.1700,92.1700,488
PKOSO,20201202,107.5100,107.5100,107.5100,107.5100,1000
PKPCARGO,20201202,11.7000,12.1200,11.4400,12.1000,96235
PLASTBOX,20201202,1.8500,1.8500,1.8500,1.8500,10
PLAY,20201202,38.4200,38.7000,38.3400,38.4000,449535
PLAYWAY,20201202,545.0000,589.0000,542.0000,589.0000,11940
PLAZACNTR,20201202,1.6900,1.7800,1.5300,1.7300,921
PMPG,20201202,1.8000,1.8000,1.7100,1.8000,1748
POLICE,20201202,12.2000,12.4000,12.0000,12.0000,1093
POLIMEXMS,20201202,2.2250,2.3100,2.2000,2.2450,180617
POLNORD,20201202,3.4900,3.5200,3.4750,3.5000,328986
POLWAX,20201202,3.3600,3.4200,3.2200,3.4200,76416
POZBUD,20201202,1.9200,1.9200,1.8600,1.9000,51817
PRAGMAFA,20201202,23.8000,24.0000,23.8000,23.8000,6032
PRAGMAINK,20201202,6.0000,6.1600,6.0000,6.1600,3107
PRAIRIE,20201202,0.5590,0.5690,0.5450,0.5500,131405
PRIMETECH,20201202,1.2500,1.3000,1.2100,1.2500,11483
PROCHEM,20201202,18.2000,18.2500,18.2000,18.2500,786
PROJPRZEM,20201202,16.4000,16.4000,15.4500,15.4500,3
PROTEKTOR,20201202,4.3400,4.3400,4.0800,4.1400,30074
PROVIDENT,20201202,4.4200,4.5600,4.4000,4.5600,19610
PULAWY,20201202,84.6000,85.0000,84.0000,85.0000,122
PUNKPIRAT,20201202,0.7000,0.7150,0.6650,0.6900,43302
PZU,20201202,25.7000,26.5500,25.4000,26.4500,1822399
PZUAKORD,20201202,119.9000,120.9800,119.9000,120.9800,3155
QUERCUS,20201202,3.0900,3.2200,3.0900,3.1300,22041
R22,20201202,32.5000,32.9000,32.1000,32.9000,16776
RADPOL,20201202,2.4000,2.4500,2.3800,2.4500,13182
RAFAKO,20201202,1.0000,1.0100,0.9800,0.9800,104175
RAFAMET,20201202,13.9000,13.9000,13.9000,13.9000,2
RAINBOW,20201202,19.2000,20.2000,19.0000,20.1000,52669
RANKPROGR,20201202,1.7100,1.8000,1.7000,1.8000,27434
RAWLPLUG,20201202,8.7600,8.7600,8.7000,8.7600,252
RCCOCOOPEN,20201202,91.0000,91.0000,91.0000,91.0000,23
RCFL10GOLD,20201202,6.6300,7.3600,6.6300,6.7700,30610
RCFL10GOLD1,20201202,3.2200,3.3500,3.2200,3.3500,2000
RCFL10OIL2,20201202,7.0900,7.8200,7.0900,7.8200,3291
RCFL2GOLD,20201202,88.0000,88.0000,88.0000,88.0000,70
RCFL2GOLD2,20201202,17.5800,17.5800,17.5800,17.5800,100
RCFL2OIL2,20201202,42.3000,42.3000,42.3000,42.3000,25
RCFL2PLAT1,20201202,8.6700,9.0000,8.6700,8.9700,15767
RCFL2SILVE,20201202,30.3000,30.3000,29.1500,29.1500,150
RCFL2TEN,20201202,7.2300,7.2300,7.2300,7.2300,54
RCFL3ALE,20201202,12.0600,12.1200,12.0600,12.1200,192
RCFL3ALR1,20201202,8.5400,8.5400,8.5400,8.5400,232
RCFL3BOSS,20201202,0.2100,0.2100,0.2000,0.2000,3000
RCFL3CCC,20201202,0.0600,0.0600,0.0600,0.0600,5000
RCFL3CDPRO1,20201202,88.1000,88.1000,88.1000,88.1000,5
RCFL3CDPRO2,20201202,8.6800,8.6800,8.6800,8.6800,200
RCFL3COPP,20201202,18.7200,18.7200,18.7200,18.7200,150
RCFL3EUH,20201202,0.7700,0.7700,0.7200,0.7400,32000
RCFL3GOLD,20201202,57.4000,58.2000,57.4000,58.2000,1463
RCFL3GOLD1,20201202,11.1000,11.1000,11.0200,11.0200,299
RCFL3GOLD2,20201202,21.6000,22.0000,21.6000,22.0000,2385
RCFL3JSW,20201202,0.4200,0.4700,0.4200,0.4700,437223
RCFL3JSW1,20201202,14.5000,14.5000,14.5000,14.5000,100
RCFL3KGH,20201202,7.2100,7.7500,7.2100,7.7500,13000
RCFL3LTS1,20201202,0.1700,0.1700,0.1600,0.1700,66001
RCFL3MBK,20201202,0.9000,0.9100,0.8900,0.9100,17500
RCFL3MSFIN,20201202,1.5900,1.6700,1.5900,1.6700,6901
RCFL3MWIG40,20201202,5.8700,5.8700,5.8700,5.8700,125
RCFL3NAG2,20201202,2.8700,2.8700,2.8700,2.8700,1500
RCFL3OIL2,20201202,1.6500,1.6500,1.6500,1.6500,400
RCFL3OPL,20201202,5.1200,5.3600,5.1200,5.3600,600
RCFL3PEO,20201202,1.0200,1.0200,1.0200,1.0200,2000
RCFL3PKO,20201202,4.0400,4.0400,4.0400,4.0400,250
RCFL3PLAT1,20201202,5.6200,5.8600,5.6200,5.8600,860
RCFL3PLAT2,20201202,11.6600,11.8400,11.6600,11.8400,200
RCFL3PLW,20201202,9.8000,10.1600,9.8000,10.1600,1640
RCFL3PZU,20201202,8.8000,9.5200,8.8000,9.5200,715
RCFL3SILVE,20201202,5.6800,5.6800,5.6800,5.6800,450
RCFL3SILVE3,20201202,16.0600,16.1000,16.0600,16.1000,145
RCFL3TEN,20201202,5.6700,5.6700,5.6700,5.6700,42
RCFL3W20,20201202,26.0500,26.3500,26.0500,26.3500,980
RCFL3WHT3,20201202,8.2900,8.2900,8.2900,8.2900,210
RCFL4CDPRO,20201202,42.3500,47.6500,39.8000,47.0000,5600
RCFL4CDPRO1,20201202,7.1900,8.0900,7.0900,8.0900,2785
RCFL4DNP,20201202,22.0000,22.0000,22.0000,22.0000,121
RCFL4GAMES,20201202,58.8000,65.1000,58.8000,65.1000,1135
RCFL4GOLD,20201202,19.1400,19.1400,19.1400,19.1400,200
RCFL4KGH,20201202,7.7800,7.7800,7.7800,7.7800,70
RCFL4KGH1,20201202,124.2000,130.0000,124.2000,130.0000,80
RCFL4PKN1,20201202,2.5000,2.7000,2.5000,2.7000,2493
RCFL4PKO,20201202,0.4500,0.4600,0.4400,0.4600,234537
RCFL4PKO1,20201202,10.0000,10.0000,10.0000,10.0000,500
RCFL4PLAT2,20201202,10.7000,10.7000,10.5000,10.5400,4089
RCFL4PZU,20201202,0.3700,0.3900,0.3700,0.3900,34253
RCFL4SDF,20201202,13.5600,13.5600,13.3000,13.5000,12000
RCFL4SILVE1,20201202,5.1000,5.1000,5.1000,5.1000,290
RCFL4SILVE2,20201202,7.2700,7.8100,7.1800,7.1800,1650
RCFL4TOTF,20201202,0.8200,0.8200,0.8200,0.8200,16
RCFL5ALE,20201202,10.7600,11.2400,10.7600,11.1400,435
RCFL5COPP,20201202,10.7400,10.7400,10.3000,10.3000,250
RCFL5GOLD,20201202,19.0000,19.1600,19.0000,19.1600,2
RCFL5MWIG40,20201202,1.9100,1.9400,1.9100,1.9400,264
RCFL5SBO1,20201202,12.0000,12.4200,12.0000,12.4200,150
RCFL5SILVE,20201202,1.1200,1.1500,0.9700,0.9700,21709
RCFL5SUGA1,20201202,1.2100,1.2100,1.1600,1.1600,4000
RCFL6COFF2,20201202,1.7200,1.7200,1.7200,1.7200,1500
RCFL6COFF3,20201202,5.1000,5.1000,5.0800,5.0800,271
RCFL6FW201,20201202,0.6000,0.6200,0.6000,0.6200,9615
RCFL6GOLD1,20201202,8.7600,8.9700,8.6000,8.9700,930
RCFL6NAG1,20201202,0.0200,0.0200,0.0200,0.0200,10000
RCFL6SILVE,20201202,1.2800,1.2800,1.2800,1.2800,3000
RCFL6SILVE2,20201202,7.5900,7.8300,7.5900,7.8300,2166
RCFL6SUGA,20201202,1.8600,1.9300,1.7900,1.9300,5100
RCFL6W20,20201202,12.3800,13.1400,12.3800,13.1000,2076
RCFL6W201,20201202,0.4300,0.4500,0.4300,0.4500,7110
RCFL7SILVE,20201202,0.2200,0.2200,0.2200,0.2200,1000
RCFL7SILVE1,20201202,0.9000,0.9100,0.8800,0.8800,93000
RCFL8COFF1,20201202,0.4200,0.4200,0.4000,0.4000,23480
RCFODAOPEN,20201202,41.5000,41.5000,41.5000,41.5000,38
RCFS10SILVE2,20201202,3.1100,3.1100,2.7800,2.7800,1240
RCFS2KGH,20201202,2.4500,2.4500,2.4500,2.4500,1000
RCFS2W20,20201202,51.0000,51.0000,51.0000,51.0000,100
RCFS3CDPRO,20201202,2.2400,2.2400,2.0200,2.0200,23100
RCFS3CDPRO2,20201202,0.0700,0.0700,0.0700,0.0700,7200
RCFS3COFF2,20201202,10.1800,10.1800,10.1800,10.1800,300
RCFS3COPP,20201202,1.2000,1.2400,1.2000,1.2300,18002
RCFS3ENA,20201202,7.2300,7.2300,7.2300,7.2300,150
RCFS3ENG,20201202,3.6300,3.6300,3.6300,3.6300,500
RCFS3FDX,20201202,4.2700,4.3000,4.2700,4.2700,600
RCFS3KGH,20201202,0.1000,0.1000,0.1000,0.1000,100
RCFS3KGH1,20201202,4.4500,4.4500,4.1100,4.1100,444
RCFS3LPP,20201202,0.2700,0.2700,0.2700,0.2700,162
RCFS3MRC,20201202,1.2000,1.2000,1.1800,1.1800,199
RCFS3PGE,20201202,1.2400,1.2400,1.2400,1.2400,2000
RCFS3PKO,20201202,3.3000,3.3000,3.3000,3.3000,10000
RCFS3SOY,20201202,5.4000,5.5400,5.4000,5.5000,24609
RCFS3W20,20201202,24.4500,24.4500,22.8000,22.8000,1265
RCFS4CDPRO1,20201202,1.0500,1.1000,0.9100,0.9300,47493
RCFS4COCO,20201202,1.1700,1.1700,1.1700,1.1700,100
RCFS4ESX,20201202,0.2800,0.2800,0.2800,0.2800,1000
RCFS4FW202,20201202,3.6000,3.6000,3.6000,3.6000,285
RCFS4KGH,20201202,0.0400,0.0400,0.0400,0.0400,1419
RCFS4KGH1,20201202,3.2800,3.2800,2.7100,2.7100,4276
RCFS4LPP,20201202,2.4000,2.4000,2.4000,2.4000,500
RCFS4PEO,20201202,7.0400,7.3800,7.0400,7.3800,530
RCFS4PGN,20201202,1.0000,1.0000,0.8900,0.8900,4000
RCFS4PKN,20201202,4.9600,5.2100,4.9600,5.1600,12464
RCFS4PKO,20201202,3.7700,3.7700,3.3400,3.3400,2004
RCFS4PLAT2,20201202,1.6300,1.6300,1.6300,1.6300,1000
RCFS5COFF,20201202,0.9200,0.9200,0.9200,0.9200,193
RCFS5FW20,20201202,2.7000,2.7000,2.5800,2.5800,6490
RCFS5FW202,20201202,1.9300,1.9300,1.7900,1.7900,3328
RCFS5SOY,20201202,1.7800,1.9000,1.7800,1.9000,17520
RCFS5SUGA1,20201202,1.0600,1.1100,1.0600,1.1100,6000
RCFS6COCO1,20201202,1.3300,1.3400,1.3300,1.3400,1500
RCFS6COPP1,20201202,1.1100,1.1700,1.1000,1.1700,31000
RCFS6CORN,20201202,1.8100,1.9400,1.7700,1.7700,1418
RCFS6FW201,20201202,1.9500,1.9500,1.9500,1.9500,1000
RCFS6SILVE2,20201202,8.7800,8.7800,8.7800,8.7800,200
RCFS6W201,20201202,2.0000,2.0100,1.7200,1.7200,30632
RCFS6WHT2,20201202,3.3900,3.3900,3.3900,3.3900,506
RCFS7SILVE1,20201202,7.3600,7.3600,7.3600,7.3600,80
RCFS8COCO,20201202,1.3000,1.3000,1.3000,1.3000,230
RCFS8GOLD2,20201202,13.9800,13.9800,13.9800,13.9800,150
RCFS8SILVE2,20201202,5.9100,5.9100,5.9100,5.9100,1000
RCFS9SILVE1,20201202,3.8700,4.0100,3.8500,3.9600,6590
RCGETNA0321,20201202,1069.5000,1069.5000,1069.5000,1069.5000,10
RCGLDAOPEN,20201202,691.0000,691.0000,691.0000,691.0000,8
RCGNS0422,20201202,1043.0000,1043.0000,1043.0000,1043.0000,280
RCGSD3E0822,20201202,1079.0000,1079.0000,1079.0000,1079.0000,6
RCGSX7E0122,20201202,986.5000,986.5000,986.5000,986.5000,1
RCGSXHC0422,20201202,1131.5000,1131.5000,1131.5000,1131.5000,30
RCLOILAOPEN,20201202,15.7000,15.7000,15.7000,15.7000,57
RCSILAOPEN,20201202,90.0000,91.0000,90.0000,90.0000,93
RCSUGAAOPEN2,20201202,3.8500,3.8500,3.8500,3.8500,350
RCTSCOPP3,20201202,0.2400,0.2400,0.2400,0.2400,11000
RCTSJSW2,20201202,1.3000,1.3000,1.3000,1.3000,3000
RCTSKGH1,20201202,2.3500,2.3500,2.3500,2.3500,200
RCTSKRU1,20201202,4.3600,4.3600,4.2800,4.2800,400
RCTSPKN2,20201202,0.8700,0.8700,0.7800,0.7800,14396
RCTSSUGA19,20201202,0.7400,0.7400,0.7400,0.7400,8800
RCWHTAOPEN1,20201202,14.3200,14.3200,14.3200,14.3200,124
REDAN,20201202,0.2000,0.2000,0.1980,0.1980,15488
REINO,20201202,1.4600,1.4600,1.4600,1.4600,2
RELPOL,20201202,5.4200,5.5000,5.4000,5.4800,6520
REMAK,20201202,10.0000,10.1000,9.9800,9.9800,2840
RONSON,20201202,1.3450,1.3450,1.3150,1.3450,609
ROPCZYCE,20201202,23.2000,23.2000,22.9000,23.2000,1076
RYVU,20201202,50.6000,51.8000,50.2000,50.6000,3068
SANOK,20201202,16.6000,16.9000,16.6000,16.6500,4107
SANPL,20201202,176.0000,179.5000,174.8000,179.5000,110209
SANTANDER,20201202,10.8040,11.8600,10.8040,11.8600,41853
SANWIL,20201202,3.3800,3.3800,3.3000,3.3600,39807
SEKO,20201202,9.2000,9.7500,9.1500,9.7500,3363
SELENAFM,20201202,17.9500,17.9500,17.1500,17.5000,8783
SELVITA,20201202,47.2000,47.9000,46.6000,47.9000,2233
SERINUS,20201202,0.2460,0.2460,0.2320,0.2380,355186
SESCOM,20201202,27.2000,27.2000,27.2000,27.2000,1
SFINKS,20201202,0.3750,0.3750,0.3010,0.3300,213025
SILVAIR-REGS,20201202,7.8790,7.8790,7.5500,7.5500,1100
SILVANO,20201202,6.4000,7.0400,6.0000,7.0000,2875
SIMPLE,20201202,12.0000,12.0000,11.7000,12.0000,285
SKARBIEC,20201202,24.9000,25.9000,24.9000,25.4000,2809
SKOTAN,20201202,1.7900,1.8000,1.7300,1.8000,16531
SKYLINE,20201202,0.6200,0.6200,0.6200,0.6200,20
SNIEZKA,20201202,87.8000,87.8000,86.8000,87.0000,40
SOLAR,20201202,3.9400,3.9400,3.7000,3.9200,7
SONEL,20201202,9.4000,9.4000,9.2500,9.3500,501
SOPHARMA,20201202,10.0000,10.5000,9.2500,10.4000,417
STALEXP,20201202,3.2000,3.2500,3.2000,3.2200,71156
STALPROD,20201202,215.0000,215.0000,213.0000,214.0000,81
STALPROFI,20201202,5.9600,6.0200,5.9600,5.9600,3917
STAPORKOW,20201202,2.5600,2.6200,2.5200,2.5200,12592
STARHEDGE,20201202,0.4600,0.4600,0.4270,0.4270,4102
SUNEX,20201202,4.4000,4.5000,4.3000,4.4000,20159
SUWARY,20201202,16.0000,16.0000,16.0000,16.0000,5
SWISSMED,20201202,4.4500,6.0000,4.4500,6.0000,168896
SYGNITY,20201202,8.0600,8.1800,7.9600,8.1800,4240
SYNEKTIK,20201202,28.9000,29.4000,28.0000,28.6000,7385
TALANX,20201202,135.0000,135.0000,135.0000,135.0000,3
TALEX,20201202,11.6000,11.6000,11.2500,11.6000,432
TAURONPE,20201202,2.1100,2.1400,2.0840,2.1340,2403152
TBULL,20201202,25.5000,27.8000,25.5000,27.4000,13957
TERMOREX,20201202,0.8500,0.8500,0.8500,0.8500,5395
TESGAS,20201202,4.4000,4.4000,4.2800,4.2800,4159
TIM,20201202,16.6000,18.6500,16.4500,17.7500,205534
TORPOL,20201202,11.5000,11.9500,11.3000,11.8000,61619
TOWERINVT,20201202,13.2000,13.2000,13.2000,13.2000,25
TOYA,20201202,6.0200,6.0400,5.9800,6.0400,14726
TRAKCJA,20201202,1.7920,1.8500,1.7920,1.8240,156435
TRANSPOL,20201202,2.8300,2.8300,2.7800,2.8000,14724
TRIGONPP,20201202,45.0000,46.0000,45.0000,46.0000,373
TRIGONPP3,20201202,44.0000,44.0000,44.0000,44.0000,25
TRIGONPP4,20201202,44.0000,44.0000,44.0000,44.0000,24
TRIGONPP5,20201202,44.0000,44.0000,44.0000,44.0000,24
TRIGONPP7,20201202,45.0000,45.9000,45.0000,45.9000,333
TRITON,20201202,2.1700,2.2400,2.1500,2.2400,3511
TSGAMES,20201202,500.0000,527.0000,497.0000,526.0000,73410
UCEXDTEGN0423,20201202,1058.5000,1058.5000,1058.5000,1058.5000,141
UCXXSTOXX0323,20201202,1032.5000,1032.5000,1032.0000,1032.0000,700
ULMA,20201202,44.8000,47.6000,44.0000,47.6000,513
ULTGAMES,20201202,30.9500,30.9500,29.9500,30.4000,9936
UNIBEP,20201202,8.1600,8.2000,7.8400,7.8400,2954
UNICREDIT,20201202,40.7000,40.7000,40.7000,40.7000,40
UNIMA,20201202,2.8600,2.9000,2.8600,2.8600,16716
UNIMOT,20201202,30.3000,30.7000,29.5000,30.4500,13367
URSUS,20201202,0.7290,0.7520,0.7100,0.7500,295273
VENTUREIN,20201202,1.8300,1.9600,1.8300,1.9600,11626
VIGOSYS,20201202,560.0000,565.0000,550.0000,565.0000,142
VINDEXUS,20201202,4.7500,4.7600,4.7500,4.7600,614
VISTAL,20201202,2.9100,3.0000,2.7300,2.7800,42446
VIVID,20201202,1.7480,1.7900,1.7200,1.7780,50847
VOTUM,20201202,12.1000,12.2500,12.0500,12.2500,5947
VOXEL,20201202,40.0000,40.2000,39.5000,40.0000,7016
VRG,20201202,2.4450,2.4450,2.4100,2.4200,17563
WARIMPEX,20201202,5.1000,5.1200,5.1000,5.1200,193
WASKO,20201202,1.1900,1.2000,1.1800,1.2000,4983
WAWEL,20201202,568.0000,570.0000,568.0000,570.0000,295
WIELTON,20201202,5.8000,5.8600,5.7300,5.8000,63473
WIKANA,20201202,2.0800,2.2000,2.0800,2.2000,4850
WIRTUALNA,20201202,83.8000,83.8000,78.0000,80.0000,6060
WITTCHEN,20201202,8.4000,8.4600,8.3000,8.4400,5284
WOJAS,20201202,5.1000,5.2000,5.0500,5.1500,2656
WORKSERV,20201202,1.1900,1.2660,1.1500,1.1820,1181312
XTB,20201202,16.2000,16.7000,16.0500,16.3500,409473
XTPL,20201202,77.2000,78.6000,77.0000,78.4000,2749
ZAMET,20201202,0.8150,0.8150,0.8150,0.8150,2000
ZASTAL,20201202,33.6000,34.0000,28.6000,31.8000,7680
ZEPAK,20201202,9.7400,9.8000,9.6200,9.7800,4314
ZPUE,20201202,149.0000,149.0000,144.0000,148.0000,223
ZREMB,20201202,0.7150,0.7150,0.6750,0.6900,11875
ZUE,20201202,3.6800,3.6800,3.4000,3.5200,6262
ZYWIEC,20201202,494.0000,494.0000,490.0000,494.0000,92
INVESTORMS,20201202,4032.9500,4058.1200,4032.9500,4058.1200,246330.097
MWIG40,20201202,3687.9900,3714.7000,3683.2100,3707.9600,182605.014
MWIG40DVP,20201202,63.1100,63.1100,63.1100,63.1100,182605.014
MWIG40TR,20201202,4884.5400,4914.0500,4878.7400,4911.0000,182605.014
SWIG80,20201202,14907.3900,15060.8000,14907.3900,15059.5400,29913.865
SWIG80DVP,20201202,300.6900,300.6900,300.6900,300.6900,29913.865
SWIG80TR,20201202,19297.0400,19493.9800,19297.0400,19493.9800,29913.865
WIG,20201202,52957.9500,54005.0900,52836.9700,53983.6700,1187693.351
WIG-BANKI,20201202,4414.9600,4515.9700,4397.0800,4515.9700,175531.353
WIG-BUDOW,20201202,3168.2400,3270.4300,3167.5800,3254.6200,7337.991
WIG-CEE,20201202,1185.7400,1187.9600,1185.7400,1187.9600,3661.697
WIG-CHEMIA,20201202,7282.9500,7298.4800,7151.0400,7185.4800,5422.151
WIG-ENERG,20201202,1734.3700,1737.0900,1722.0400,1735.3400,26967.647
WIG-ESG,20201202,8711.6500,8888.1300,8670.1500,8880.8100,1056817.916
WIG-GORNIC,20201202,4822.6700,5076.1800,4774.5900,5074.5300,126013.607
WIG-INFO,20201202,3689.5500,3741.8700,3683.6700,3732.2800,10763.902
WIG-LEKI,20201202,5053.5400,5340.4400,5039.6200,5265.7100,58143.729
WIG-MEDIA,20201202,5572.8600,5578.6700,5296.9400,5410.7900,670.603
WIG-MOTO,20201202,3937.6600,3970.7100,3891.7300,3896.4900,1567.598
WIG-NRCHOM,20201202,2224.8600,2243.2400,2217.5000,2238.2200,1280.056
WIG-ODZIEZ,20201202,4151.1100,4280.0500,4083.9800,4275.3500,44300.358
WIG-PALIWA,20201202,4600.2700,4645.8300,4555.1100,4633.5300,162878.826
WIG-POLAND,20201202,54425.6700,55123.5200,54425.6700,55123.5200,1181956.272
WIG-SPOZYW,20201202,3429.6600,3479.3600,3421.1800,3447.6000,3753.127
WIG-TELKOM,20201202,880.3000,908.7400,877.6600,902.9100,33531.492
WIG-UKRAIN,20201202,424.3200,424.3200,420.2300,420.2300,2388.076
WIG.GAMES,20201202,31705.2200,32692.8200,31552.1400,32688.1300,282552.006
WIG.MS-BAS,20201202,9598.7500,9905.1700,9573.4200,9896.3700,149896.397
WIG.MS-FIN,20201202,6542.0900,6768.8000,6535.1700,6768.8000,209237.901
WIG.MS-PET,20201202,6065.5100,6137.2400,6021.0700,6133.7300,166529.207
WIG20,20201202,1855.3300,1899.3700,1845.4400,1897.9700,958602.050
WIG20DVP,20201202,10.3700,10.3700,10.3700,10.3700,958602.050
WIG20LEV,20201202,376.1900,394.0300,372.1800,393.4600,958602.050
WIG20SHORT,20201202,3854.9700,3875.5600,3763.2700,3766.1900,958602.050
WIG20TR,20201202,3382.2100,3478.8000,3381.4000,3476.2200,958602.050
WIG30,20201202,2126.1200,2174.3500,2120.3400,2173.1200,985821.121
WIG30TR,20201202,3875.7500,3927.7500,3875.7500,3927.7500,985821.121
WIGDIV,20201202,1014.3100,1029.8000,1013.5800,1028.2400,139773.918
WIGTECH,20201202,14388.0100,14591.5800,14388.0100,14591.5800,0.000
WIGTECHTR,20201202,14688.0400,14995.6200,14660.1800,14976.4200,0.000
