06MAGNA,20201029,1.2900,1.4100,1.2100,1.4000,225804
11BIT,20201029,457.0000,478.0000,452.0000,475.0000,7489
4FUNMEDIA,20201029,4.5900,4.5900,4.1500,4.3500,6430
ABPL,20201029,27.0000,27.0000,25.8000,26.9000,1326
ACAUTOGAZ,20201029,35.0000,35.8000,35.0000,35.6000,432
ACTION,20201029,3.9900,4.0900,3.8500,4.0900,24076
ADIUVO,20201029,5.5000,5.8000,5.5000,5.8000,3285
AGORA,20201029,4.5900,4.5900,4.3100,4.4400,15069
AGROTON,20201029,3.7200,3.8800,3.6500,3.8000,9746
AIGAMES,20201029,19.0000,19.0000,16.2000,17.5000,68941
AILLERON,20201029,6.4400,6.6200,6.4400,6.6200,5436
AIRWAY,20201029,2.1800,2.3000,2.0400,2.1300,1013975
ALIOR,20201029,11.8000,11.9950,11.1200,11.7000,584122
ALLEGRO,20201029,88.0000,90.3700,84.6300,85.9400,1854893
ALTA,20201029,1.0200,1.0700,1.0200,1.0700,15810
ALTUSTFI,20201029,0.7240,0.7240,0.6000,0.6980,211424
ALUMETAL,20201029,35.8000,36.4000,35.5000,36.0000,16886
AMBRA,20201029,16.3000,16.9500,15.9500,16.9500,12604
AMICA,20201029,140.0000,140.2000,137.0000,137.0000,3358
AMREST,20201029,14.1600,14.2600,13.4200,13.6000,317940
APATOR,20201029,19.5000,19.8500,19.5000,19.6000,1370
APLISENS,20201029,10.6000,10.6000,10.0000,10.2000,124
APSENERGY,20201029,1.6000,1.7000,1.4800,1.5350,44166
ARCHICOM,20201029,17.7000,17.8000,17.2500,17.5000,8525
ARCTIC,20201029,3.6000,3.7000,3.6000,3.7000,7538
ARTERIA,20201029,4.1400,4.1400,3.9000,3.9200,2274
ARTIFEX,20201029,8.6000,8.6000,8.0000,8.4400,21350
ASBIS,20201029,5.8800,6.2400,5.7200,6.1400,376909
ASSECOBS,20201029,32.6000,33.6000,32.6000,32.8000,1184
ASSECOPOL,20201029,62.0000,64.3000,62.0000,64.0000,86468
ASSECOSEE,20201029,39.3000,40.6000,38.5000,39.3000,2791
ASTARTA,20201029,19.2000,19.4500,18.0000,18.8500,35022
ATAL,20201029,26.2000,27.4000,26.2000,27.4000,727
ATENDE,20201029,2.8400,2.8400,2.7000,2.8000,30529
ATLANTAPL,20201029,6.0000,6.0000,6.0000,6.0000,750
ATLANTIS,20201029,0.5860,0.6500,0.5860,0.6500,1551
ATLASEST,20201029,1.1900,1.1900,1.1900,1.1900,16536
ATMGRUPA,20201029,3.6200,3.9600,3.6200,3.6800,1319
ATREM,20201029,1.9500,2.0500,1.9200,2.0400,8651
AUTOPARTN,20201029,6.6000,6.6600,6.1200,6.3600,101234
BAHOLDING,20201029,0.4850,0.4995,0.4670,0.4980,148322
BBIDEV,20201029,3.3800,3.6700,3.3600,3.6700,1136
BEDZIN,20201029,8.9000,8.9000,8.8000,8.8500,894
BENEFIT,20201029,560.0000,567.0000,516.0000,548.0000,1498
BEST,20201029,16.2000,16.2000,16.2000,16.2000,875
BETACOM,20201029,11.0000,11.0000,10.3500,10.3500,310
BETAM40TR,20201029,45.5000,46.0000,44.9500,46.0000,5721
BETAW20LV,20201029,25.0500,25.0500,24.1600,24.8800,8160
BETAW20ST,20201029,472.9000,482.5000,472.5000,476.9000,3244
BETAW20TR,20201029,26.5500,26.6250,26.0800,26.4000,17045
BIK,20201029,12.3500,12.3500,12.3000,12.3000,10
BIOMEDLUB,20201029,16.5000,17.0500,15.3500,16.0500,1698693
BIOTON,20201029,4.1000,4.3850,4.0500,4.2800,151746
BNPPENDL1023,20201029,1042.5000,1042.5000,1042.5000,1042.5000,75
BNPPPL,20201029,35.0000,36.4000,31.9000,33.5000,4245
BNPPSOGO1021,20201029,1038.5000,1038.5000,1038.5000,1038.5000,10
BNPPSOLE1221,20201029,1007.5000,1007.5000,1007.5000,1007.5000,35
BNPPSPX0422,20201029,1005.0000,1005.0000,1005.0000,1005.0000,30
BNPPSXPP0421,20201029,895.0000,895.0000,895.0000,895.0000,50
BOGDANKA,20201029,15.2000,15.6800,14.6000,15.0000,28825
BOOMBIT,20201029,19.5000,20.2000,19.2000,20.1000,15333
BORYSZEW,20201029,2.7300,2.8300,2.6700,2.6900,73184
BOS,20201029,4.9800,4.9800,4.6000,4.6500,6789
BOWIM,20201029,1.8500,1.9400,1.8500,1.9400,1010
BRASTER,20201029,0.4700,0.4970,0.4230,0.4905,213360
BUDIMEX,20201029,229.0000,236.5000,226.0000,236.5000,2758
BUMECH,20201029,1.7200,1.8400,1.6500,1.8400,68482
CCC,20201029,37.1600,38.0000,36.1000,37.5600,422595
CDPROJEKT,20201029,336.0000,356.5000,334.0000,354.0000,764403
CDRL,20201029,12.5500,12.5500,12.5500,12.5500,410
CELTIC,20201029,6.2000,6.3000,6.1500,6.2500,560
CEZ,20201029,73.8000,75.0000,73.8000,74.8000,34539
CFI,20201029,0.1725,0.1745,0.1560,0.1735,117338
CIECH,20201029,26.2000,26.6000,25.5500,26.4000,51105
CIGAMES,20201029,1.1000,1.1320,1.0400,1.1240,1048850
CITYSERV,20201029,7.9300,7.9300,6.5000,7.3500,1048
CLNPHARMA,20201029,32.6000,34.2000,31.8500,34.2000,53101
CNT,20201029,12.4000,12.8000,12.4000,12.8000,1853
COALENERG,20201029,0.4660,0.5100,0.4400,0.4960,24152
COGNOR,20201029,1.0900,1.1250,1.0850,1.1250,23517
COMARCH,20201029,190.5000,196.5000,183.0000,196.5000,1763
COMP,20201029,54.8000,55.0000,54.8000,55.0000,60
COMPERIA,20201029,2.2800,2.4800,2.2800,2.4800,4450
CORMAY,20201029,1.4800,1.5300,1.3600,1.5000,1537232
CPGROUP,20201029,6.0000,6.1600,6.0000,6.0000,1434
CYFRPLSAT,20201029,25.3600,25.8400,24.8600,24.9200,519807
DATAWALK,20201029,169.0000,172.0000,162.0000,170.5000,5670
DEBICA,20201029,67.0000,70.4000,66.8000,70.0000,651
DECORA,20201029,29.6000,29.6000,28.2000,28.6000,4230
DEKPOL,20201029,20.2000,21.0000,20.0000,21.0000,306
DELKO,20201029,13.1000,14.0000,12.4000,13.9000,28604
DEVELIA,20201029,1.6040,1.6780,1.6000,1.6700,243552
DGA,20201029,4.9800,4.9800,4.6700,4.9700,479
DIGITREE,20201029,5.9500,5.9500,5.8000,5.9500,1445
DINOPL,20201029,217.0000,226.8000,213.0000,213.6000,253319
DOMDEV,20201029,93.8000,96.6000,93.6000,96.4000,3399
DROZAPOL,20201029,1.5600,1.5600,1.5550,1.5600,17796
ECHO,20201029,3.7500,3.8500,3.7500,3.7500,36061
EDINVEST,20201029,3.1000,3.2000,3.1000,3.2000,449
EFEKT,20201029,4.5200,4.5200,4.5200,4.5200,319
EKOEXPORT,20201029,2.7600,2.9500,2.7500,2.8600,39543
ELBUDOWA,20201029,0.6000,0.6490,0.5400,0.6480,36864
ELEKTROTI,20201029,4.9500,5.1000,4.9500,5.0000,1261
ELEMENTAL,20201029,2.3300,2.3850,2.3300,2.3800,101864
ELKOP,20201029,0.2390,0.2390,0.2270,0.2370,40002
ELZAB,20201029,3.4800,3.4800,3.2600,3.4800,2595
EMCINSMED,20201029,15.0000,15.0000,13.5000,13.8000,390
ENAP,20201029,1.1500,1.1800,1.1500,1.1800,2105
ENEA,20201029,4.8000,4.8400,4.7100,4.7300,461821
ENELMED,20201029,15.8000,15.8000,15.8000,15.8000,70
ENERGA,20201029,8.3050,8.3100,8.3050,8.3100,368190
ENTER,20201029,20.5000,20.5000,20.0000,20.1000,18684
ERBUD,20201029,18.5000,19.3000,18.4000,19.3000,330
ERG,20201029,40.0000,40.0000,37.2000,40.0000,106
ESOTIQ,20201029,8.1200,9.4000,8.1200,9.4000,1786
ETFDAX,20201029,500.0000,520.0000,497.5000,503.5000,385
ETFSP500,20201029,130.0000,133.8800,130.0000,133.8000,2241
ETFW20L,20201029,194.0000,194.0000,188.2000,192.9000,3461
EUCO,20201029,3.8600,3.8600,3.3000,3.7500,7516
EUROCASH,20201029,11.7000,11.8100,11.2700,11.5100,480260
EUROTEL,20201029,20.5000,21.2000,20.5000,21.2000,1030
FAMUR,20201029,1.3600,1.4000,1.3400,1.3500,205824
FASING,20201029,9.3800,9.3800,9.0000,9.3800,5872
FEERUM,20201029,11.7500,11.7500,11.2000,11.2000,10
FERRO,20201029,17.0500,17.0500,16.2500,16.3000,7715
FERRUM,20201029,3.5000,3.5000,3.5000,3.5000,204
FON,20201029,0.0950,0.1060,0.0915,0.1040,393197
FORTE,20201029,34.9000,36.5000,34.9000,36.1500,22472
GAMEOPS,20201029,22.1000,22.9000,19.5000,21.7050,9825
GAMFACTOR,20201029,14.2200,14.9780,13.5100,13.9040,9744
GAMFACTOR-PDA,20201029,14.4980,14.8960,13.7500,14.1000,4759
GETIN,20201029,0.6800,0.7100,0.6525,0.7000,150904
GETINOBLE,20201029,0.1582,0.1646,0.1554,0.1640,415771
GLCOSMED,20201029,5.2000,5.9000,5.0000,5.7500,106045
GPW,20201029,43.2000,45.3500,43.0000,45.3500,77392
GROCLIN,20201029,0.9500,0.9500,0.9000,0.9200,13962
GRODNO,20201029,9.0000,9.3600,8.8400,9.2400,95863
GRUPAAZOTY,20201029,20.6000,20.9500,20.0500,20.8500,59031
GTC,20201029,5.3400,5.4800,5.2800,5.4000,392032
HANDLOWY,20201029,28.1000,28.5500,27.3000,27.9000,11083
HARPER,20201029,16.5500,17.0000,15.5000,16.6000,115623
HELIO,20201029,10.5000,10.5000,9.6500,10.0000,52
HERKULES,20201029,1.1950,1.2150,1.1250,1.2150,37215
HUBSTYLE,20201029,0.9600,0.9900,0.8600,0.9700,760
HYDROTOR,20201029,26.6000,27.6000,26.6000,27.6000,344
I2DEV,20201029,9.9000,9.9000,9.4500,9.9000,741
IALBGR,20201029,0.2300,0.2400,0.2300,0.2400,11805
IDEABANK,20201029,1.3680,1.3680,1.3140,1.3680,5152
IDMSA,20201029,0.8100,0.8150,0.8100,0.8150,6506
IFIRMA,20201029,4.0500,4.1000,3.9700,4.0500,5323
IMCOMPANY,20201029,11.6000,12.5000,11.5500,12.3000,2145
IMMOBILE,20201029,2.4400,2.4400,2.2300,2.3000,917
IMPEL,20201029,11.5000,12.0000,11.5000,11.9500,1834
IMPERA,20201029,1.0300,1.1000,1.0300,1.0500,12854
IMS,20201029,1.9800,1.9800,1.9500,1.9700,3854
INC,20201029,6.4000,6.7000,6.2400,6.5600,99233
INGBSK,20201029,102.0000,106.0000,99.5000,102.8000,17757
INPRO,20201029,4.6000,4.6000,4.2200,4.3000,6327
INSTALKRK,20201029,18.5000,18.5000,18.2000,18.4500,1655
INTERAOLT,20201029,14.1000,14.6000,14.1000,14.6000,8340
INTERCARS,20201029,201.0000,206.0000,200.0000,202.0000,1871
INTERSPPL,20201029,0.8500,0.8500,0.8400,0.8400,3137
INTLALE35055,20201029,32.6000,32.6000,28.7000,31.0500,766
INTLBCO31294,20201029,96.6000,96.6000,96.6000,96.6000,7
INTLBCO31641,20201029,24.0000,24.0000,24.0000,24.0000,80
INTLBCO31658,20201029,28.1500,28.1500,27.0000,27.0500,4028
INTLBCO31666,20201029,29.5000,30.9000,27.7500,30.9000,1220
INTLBCO31674,20201029,31.0000,31.0500,31.0000,31.0500,200
INTLBCO31682,20201029,35.7000,35.7000,35.0000,35.0000,225
INTLBCO31716,20201029,50.3000,50.3000,50.3000,50.3000,50
INTLBCO31989,20201029,13.5800,13.5800,10.0000,10.0000,2200
INTLBCO31997,20201029,18.0000,18.0000,9.5000,12.6600,9522
INTLBCO32896,20201029,9.5800,9.5800,7.5700,7.5700,350
INTLCDR22277,20201029,25.9500,25.9500,25.9500,25.9500,100
INTLCDR22848,20201029,18.6600,18.6600,18.6600,18.6600,250
INTLCDR23200,20201029,17.2000,17.2000,16.7800,16.7800,200
INTLCDR28951,20201029,14.4000,14.4000,14.4000,14.4000,200
INTLCDR28969,20201029,17.0000,17.0000,17.0000,17.0000,100
INTLCDR29850,20201029,12.2000,12.2000,12.2000,12.2000,65
INTLCDR30478,20201029,9.1800,10.6000,8.7600,10.6000,3668
INTLCDR30486,20201029,10.1800,11.6600,10.1800,11.6600,1300
INTLCDR30494,20201029,12.9600,12.9600,12.9600,12.9600,80
INTLCDR30726,20201029,7.8500,9.5200,7.5700,9.5200,17683
INTLDAX12872,20201029,154.4000,165.0000,154.4000,165.0000,14
INTLDAX13169,20201029,167.8000,170.8000,166.8000,170.8000,20
INTLDAX29967,20201029,130.4000,130.6000,126.8000,130.6000,45
INTLDAX29975,20201029,139.0000,139.0000,139.0000,139.0000,30
INTLDAX30601,20201029,96.0000,96.0000,96.0000,96.0000,10
INTLDAX30783,20201029,68.2000,72.0000,68.2000,72.0000,45
INTLDAX31542,20201029,52.2000,52.2000,49.7000,51.5000,79
INTLDAX31559,20201029,55.1000,63.4000,55.1000,62.0000,465
INTLDAX31872,20201029,33.2500,34.0500,24.7500,31.6000,8268
INTLDAX31880,20201029,40.0000,43.5000,40.0000,42.7000,13380
INTLDAX32193,20201029,23.4500,25.5000,14.7600,22.0000,22522
INTLDNP32110,20201029,7.1100,7.1100,7.1100,7.1100,200
INTLDNP32789,20201029,5.5300,5.5300,5.5300,5.5300,1632
INTLDNP34710,20201029,4.0800,4.6800,4.0800,4.2800,35000
INTLDOW33126,20201029,82.2000,82.2000,82.2000,82.2000,8
INTLESX30817,20201029,20.7500,20.7500,20.7500,20.7500,600
INTLEUD33837,20201029,19.7200,19.7200,19.7200,19.7200,20
INTLEUD33860,20201029,15.4400,15.4400,13.8800,13.8800,864
INTLEUR24059,20201029,38.6500,38.6500,38.6500,38.6500,7
INTLEUR27599,20201029,34.1500,34.5500,32.4500,32.4500,280
INTLEUR34603,20201029,26.9000,27.8000,24.6000,24.6000,1254
INTLGBP34645,20201029,40.6000,40.6000,40.6000,40.6000,60
INTLGBU34850,20201029,19.5000,19.5000,19.5000,19.5000,43
INTLGLD22525,20201029,243.5000,243.5000,243.5000,243.5000,4
INTLGLD30130,20201029,151.4000,151.4000,151.4000,151.4000,6
INTLGLD30148,20201029,318.0000,318.0000,313.0000,313.0000,72
INTLGLD31310,20201029,107.2000,107.2000,104.0000,104.0000,121
INTLGLD33092,20201029,79.0000,80.6000,79.0000,80.6000,12
INTLGLD33100,20201029,70.1000,70.2000,64.4000,67.8000,53
INTLGLD33456,20201029,29.1000,29.6500,22.0000,25.6500,5226
INTLGLD33464,20201029,44.2500,44.2500,40.0000,41.7500,430
INTLGLD33472,20201029,58.2000,58.2000,54.0000,54.0000,130
INTLJSW28993,20201029,6.7000,6.7000,6.6000,6.6000,5100
INTLJSW30569,20201029,7.5800,7.5800,7.2300,7.2300,410
INTLJSW32136,20201029,4.2000,4.2000,3.4500,3.4500,11700
INTLJSW32144,20201029,4.7900,4.7900,4.7900,4.7900,5
INTLKGH33936,20201029,23.7000,23.7000,23.7000,23.7000,40
INTLKGH33951,20201029,34.0000,34.0000,29.7500,29.7500,250
INTLKGH34793,20201029,18.2800,18.2800,18.2800,18.2800,35
INTLLTS34702,20201029,6.0400,6.0400,6.0400,6.0400,170
INTLNDX34777,20201029,32.8500,36.0000,32.8500,35.0000,206
INTLNDX34892,20201029,21.3500,21.6000,17.7800,21.6000,1035
INTLPEO29421,20201029,4.0300,4.2600,3.8000,4.2600,2850
INTLPEO29439,20201029,9.5600,9.5700,8.5000,8.5000,1930
INTLPGE32029,20201029,0.6700,0.6700,0.6700,0.6700,700
INTLPGE32037,20201029,0.7900,0.7900,0.7900,0.7900,500
INTLPKN04101,20201029,7.6300,7.6300,7.4900,7.4900,736
INTLPKN04119,20201029,10.3600,10.3600,9.6700,9.6700,1840
INTLPKN05496,20201029,5.9000,6.0500,5.0400,6.0500,4411
INTLPKO29405,20201029,3.6700,3.9600,3.4700,3.9600,2375
INTLPKO29413,20201029,5.9000,5.9000,5.1600,5.2800,6118
INTLPKO30387,20201029,1.5000,1.5000,1.5000,1.5000,400
INTLPKO30395,20201029,2.3700,2.3900,1.5200,2.3700,10396
INTLPKO30403,20201029,3.2600,3.2600,2.4700,3.1200,6900
INTLPLA31757,20201029,4.6000,4.6000,4.6000,4.6000,200
INTLPLA31765,20201029,5.6000,5.6000,5.6000,5.6000,140
INTLPLA33084,20201029,3.5800,3.5800,3.1700,3.1700,230
INTLPLA34579,20201029,2.7600,2.7600,2.1500,2.1500,1335
INTLPZU15610,20201029,1.9100,1.9200,1.8000,1.9200,2500
INTLSLV29322,20201029,57.8000,57.8000,57.8000,57.8000,16
INTLSLV29330,20201029,58.6000,58.6000,58.6000,58.6000,250
INTLSLV29702,20201029,40.9500,40.9500,40.9500,40.9500,231
INTLSLV33043,20201029,24.8000,24.8000,24.8000,24.8000,10
INTLSLV33340,20201029,10.4800,11.2000,8.6000,11.2000,661
INTLSLV33357,20201029,13.9000,13.9000,13.8400,13.8400,200
INTLSLV33365,20201029,16.7200,16.7200,16.7200,16.7200,57
INTLSLV33381,20201029,21.4000,21.4000,21.4000,21.4000,50
INTLSLV34967,20201029,7.3400,7.3900,4.9000,4.9000,387
INTLSPX30031,20201029,44.9500,45.2500,44.9500,45.2500,279
INTLSPX33894,20201029,16.0000,16.0000,15.4000,15.4000,190
INTLSPX34900,20201029,6.4500,6.6400,5.3100,6.5900,1651
INTLTNF25320,20201029,88.7000,88.7000,88.7000,88.7000,24
INTLUSD20602,20201029,41.7000,43.6500,41.4000,43.3500,1180
INTLUSD20610,20201029,47.6500,47.6500,47.6500,47.6500,15
INTLUSD20842,20201029,57.8000,59.4000,57.8000,59.4000,1059
INTLUSD21170,20201029,37.1500,38.5000,36.7000,36.9000,1893
INTLUSD34256,20201029,33.0500,33.0500,33.0500,33.0500,145
INTLUSD34637,20201029,25.7500,27.8000,25.6500,27.5000,5857
INTLW2028571,20201029,4.7000,4.7000,4.7000,4.7000,1000
INTLW2028647,20201029,8.2300,8.2300,8.2300,8.2300,100
INTLW2028688,20201029,2.3000,2.3000,2.3000,2.3000,300
INTLW2029892,20201029,1.4500,1.4500,1.4500,1.4500,1260
INTLW2029900,20201029,1.8000,1.8000,1.8000,1.8000,903
INTLW2030577,20201029,0.8400,0.9500,0.7300,0.9500,2949
INTLW2030585,20201029,1.1900,1.1900,0.9600,1.0900,24030
INTLW2030775,20201029,0.8900,0.8900,0.5600,0.5600,1300
INTROL,20201029,2.8800,2.9600,2.7400,2.9000,33746
INTSBCO28027,20201029,56.0000,58.7000,56.0000,58.7000,150
INTSBCO28050,20201029,81.7000,81.7000,81.7000,81.7000,10
INTSBCO28308,20201029,49.2000,49.2500,49.2000,49.2500,2270
INTSBCO34447,20201029,31.1500,39.6500,31.1500,36.6000,5704
INTSBCO34454,20201029,44.0000,44.0000,44.0000,44.0000,37
INTSCCC34207,20201029,4.9000,5.1100,4.8600,4.9700,3408
INTSCDR34124,20201029,21.5500,21.5500,20.5000,20.5000,275
INTSCDR34199,20201029,25.2000,25.2000,25.2000,25.2000,100
INTSCDR34249,20201029,18.1200,18.1200,16.5000,16.5000,1829
INTSCDR34801,20201029,14.6200,14.8400,12.8800,12.8800,13585
INTSDAX25783,20201029,103.0000,106.0000,100.2000,102.0000,705
INTSDAX25825,20201029,116.2000,116.2000,115.4000,115.4000,106
INTSDAX26591,20201029,129.4000,135.8000,128.8000,128.8000,84
INTSDAX26609,20201029,143.0000,149.8000,142.0000,142.8000,207
INTSDAX34330,20201029,90.1000,94.2000,88.5000,89.5000,365
INTSDAX35022,20201029,77.4000,86.4000,75.1000,79.5000,17924
INTSDNP34074,20201029,6.8300,7.0600,5.8700,6.6500,1815
INTSDNP34082,20201029,9.0700,9.1500,7.8500,8.9900,8345
INTSDOW24067,20201029,135.0000,149.6000,135.0000,145.0000,4194
INTSDOW27128,20201029,195.4000,195.4000,195.4000,195.4000,20
INTSDOW33274,20201029,172.6000,172.6000,172.6000,172.6000,10
INTSDOW33282,20201029,216.5000,217.0000,216.5000,217.0000,20
INTSESX28878,20201029,28.4500,28.4500,27.3500,27.6000,409
INTSEUC21154,20201029,41.1500,41.1500,41.1500,41.1500,80
INTSEUD02683,20201029,33.4000,35.4000,33.4000,35.4000,400
INTSEUD21246,20201029,21.2000,24.0000,21.2000,24.0000,1451
INTSEUR29165,20201029,17.8400,19.0800,16.7400,19.0800,10116
INTSEUR29173,20201029,22.3000,22.3500,21.3500,22.3500,676
INTSEUR29181,20201029,27.0000,27.5000,27.0000,27.5000,816
INTSEUR29686,20201029,32.1000,32.5000,32.1000,32.5000,80
INTSEUR34611,20201029,39.4500,39.4500,38.7500,38.7500,90
INTSGBU31831,20201029,29.2500,32.6500,28.9000,32.6500,88
INTSGLD33480,20201029,176.2000,176.2000,176.2000,176.2000,35
INTSGLD34504,20201029,77.1000,84.4000,77.1000,79.4000,237
INTSHSC30650,20201029,17.3800,17.3800,17.3800,17.3800,500
INTSLTS34041,20201029,30.0500,30.0500,30.0500,30.0500,8
INTSNAG24851,20201029,6.5000,6.5000,6.5000,6.5000,160
INTSNAG27797,20201029,3.5000,3.5000,3.2900,3.2900,5819
INTSNDX33225,20201029,64.7000,68.4000,62.4000,64.1000,4341
INTSNDX33233,20201029,80.1000,81.8000,78.5000,78.5000,34
INTSNDX33241,20201029,96.6000,96.6000,96.6000,96.6000,4
INTSNDX33258,20201029,110.0000,110.0000,110.0000,110.0000,10
INTSNDX33639,20201029,149.0000,149.0000,149.0000,149.0000,285
INTSNDX33647,20201029,164.0000,164.0000,164.0000,164.0000,120
INTSNKX27086,20201029,92.5000,92.5000,92.5000,92.5000,20
INTSPEO32326,20201029,31.1500,31.1500,31.1500,31.1500,1000
INTSPGE34157,20201029,3.7500,3.8200,3.7500,3.8200,1201
INTSPGN34033,20201029,1.9800,1.9800,1.9800,1.9800,1
INTSPKN34173,20201029,30.7500,30.7500,29.6000,29.6000,594
INTSPKO32300,20201029,11.5000,12.5200,11.5000,11.8600,4381
INTSPLA34488,20201029,7.5000,7.5000,7.5000,7.5000,300
INTSPLA34587,20201029,5.5000,5.7500,5.5000,5.7500,190
INTSSLV33704,20201029,37.0500,37.0500,37.0500,37.0500,100
INTSSLV35030,20201029,14.9600,16.4000,13.1400,14.3800,1996
INTSSPX34140,20201029,27.1000,27.6000,26.5000,26.5000,1732
INTSSPX34215,20201029,39.2000,40.5500,39.2000,39.5500,434
INTSSPX34413,20201029,20.1000,22.0000,20.0500,20.8000,6701
INTSUSD33589,20201029,9.3600,9.9000,7.8100,8.3300,3650
INTSUSJ32714,20201029,29.3000,29.3000,29.2500,29.2500,80
INTSW2005892,20201029,9.1000,9.1000,9.1000,9.1000,100
INTSW2020875,20201029,8.4400,8.4400,8.4400,8.4400,140
INTSW2026328,20201029,7.0400,7.0400,7.0400,7.0400,50
INTSW2027391,20201029,5.6600,5.7200,5.6000,5.6000,1005
INTSW2028464,20201029,4.0300,4.2100,4.0000,4.0000,9290
INTSW2028472,20201029,4.6400,4.6400,4.5200,4.5200,450
INTSW2028480,20201029,5.1800,5.1800,5.1200,5.1200,3499
INTSW2034264,20201029,2.7800,3.0800,2.7800,2.9100,19119
INTSW2034272,20201029,3.0100,3.3100,3.0100,3.3100,3295
INTSW2034280,20201029,3.3600,3.5300,3.3600,3.5300,580
INTSW2034298,20201029,3.4300,3.6800,3.4300,3.6800,2420
INTSW2034306,20201029,3.9200,3.9600,3.8000,3.8000,4247
INTSW2034991,20201029,2.1000,2.4200,2.0600,2.2000,172417
INTSW2035006,20201029,2.3700,2.5700,2.3700,2.4400,14376
INTSW2035014,20201029,2.5500,2.8000,2.5500,2.8000,4614
INVCEEFIZ,20201029,456.1000,456.1000,456.1000,456.1000,7
INVFIZ,20201029,936.1000,936.1000,935.0000,935.0000,11
INVISTA,20201029,0.3300,0.3300,0.3300,0.3300,40
IPOPEMA,20201029,3.5200,3.5200,3.2600,3.4600,20651
ITMTRADE,20201029,0.1265,0.1395,0.1245,0.1395,3630
IZOBLOK,20201029,28.1000,28.1000,28.1000,28.1000,300
IZOLACJA,20201029,1.4700,1.4700,1.4700,1.4700,14
IZOSTAL,20201029,2.0000,2.1200,1.9100,2.1200,30147
JSW,20201029,16.0500,16.6800,15.3550,15.5600,1530147
JWCONSTR,20201029,2.9000,2.9000,2.8000,2.8200,2996
K2INTERNT,20201029,16.5000,17.0000,16.5000,17.0000,618
KCI,20201029,0.6660,0.6660,0.6000,0.6500,37589
KERNEL,20201029,38.5000,38.7000,38.2500,38.7000,46201
KETY,20201029,425.0000,425.0000,417.0000,421.5000,6305
KGHM,20201029,123.3000,124.7500,117.8500,117.8500,849696
KGL,20201029,15.0000,15.0000,14.8500,14.8500,867
KINOPOL,20201029,6.1500,6.2500,6.0500,6.1000,3971
KOGENERA,20201029,31.0000,31.4000,30.5000,31.4000,2248
KOMPAP,20201029,7.5000,7.5000,7.5000,7.5000,1
KOMPUTRON,20201029,1.4500,1.7900,1.4500,1.7900,39157
KPPD,20201029,26.2000,26.2000,25.2000,26.0000,369
KREC,20201029,6.3000,6.5800,6.2800,6.5800,4394
KREDYTIN,20201029,11.2000,11.2000,10.4000,11.2000,8
KRKA,20201029,356.0000,365.0000,356.0000,360.0000,50
KRUK,20201029,120.6000,123.9000,111.0000,121.0000,28742
KRUSZWICA,20201029,52.6000,53.4000,50.6000,51.8000,3310
KRVITAMIN,20201029,21.3000,22.4000,20.1000,22.3000,40157
KSGAGRO,20201029,1.1400,1.1400,1.0800,1.1000,4901
LABOPRINT,20201029,10.3500,10.3500,9.6400,9.6400,505
LARQ,20201029,2.0500,2.0500,1.7400,1.7500,5433
LENA,20201029,3.2500,3.3800,3.2100,3.3000,13371
LENTEX,20201029,9.1200,9.2400,9.0400,9.2400,13323
LIBET,20201029,2.1500,2.1500,1.9600,1.9600,9621
LIVECHAT,20201029,96.1000,100.8000,96.0000,99.4000,21165
LOKUM,20201029,10.1000,11.4500,10.1000,11.4500,683
LOTOS,20201029,27.2700,27.9000,26.2500,27.3800,848296
LPP,20201029,5380.0000,5530.0000,5275.0000,5460.0000,3681
LSISOFT,20201029,11.7000,11.7000,11.3000,11.5000,12617
LUBAWA,20201029,1.3050,1.3400,1.2500,1.3200,602653
MABION,20201029,22.7000,23.6000,21.3000,23.6000,34674
MAKARONPL,20201029,5.5000,5.6000,5.4500,5.6000,5906
MANGATA,20201029,42.6000,44.0000,40.8000,41.0000,575
MARVIPOL,20201029,4.6700,4.6700,4.5500,4.6600,7356
MASTERPHA,20201029,3.9700,3.9700,3.9700,3.9700,2000
MAXCOM,20201029,9.9400,9.9400,9.5000,9.9000,2734
MBANK,20201029,127.2000,129.7000,118.0000,120.0000,102563
MBWS,20201029,5.8600,5.8600,5.8600,5.8600,2
MCI,20201029,13.3000,13.7000,13.1000,13.6000,8378
MDIENERGIA,20201029,3.7400,3.8000,3.5900,3.8000,27470
MEDIACAP,20201029,1.9500,1.9500,1.9000,1.9000,6681
MEDICALG,20201029,19.9200,20.5000,19.5000,20.0500,3739
MENNICA,20201029,17.1000,17.4000,16.5000,17.1000,9162
MERCATOR,20201029,560.0000,584.0000,536.0000,552.0000,111046
MERCOR,20201029,9.0400,9.2800,8.8000,9.1800,18405
MEXPOLSKA,20201029,1.0100,1.1100,1.0100,1.1100,502
MFO,20201029,18.0000,18.0000,17.1000,17.1000,803
MILKILAND,20201029,0.5700,0.6280,0.5700,0.6280,15272
MILLENNIUM,20201029,2.2400,2.2400,2.0800,2.1400,2306829
MIRACULUM,20201029,1.0400,1.0950,1.0250,1.0700,18621
MIRBUD,20201029,1.7800,1.8400,1.7250,1.8300,302827
MLPGROUP,20201029,78.0000,89.0000,77.0000,78.5000,1448
MLSYSTEM,20201029,61.6000,63.0000,58.2000,63.0000,27394
MOBRUK,20201029,342.0000,394.0000,332.0000,368.0000,576
MOJ,20201029,1.3100,1.3500,1.3100,1.3200,47419
MOL,20201029,19.5600,19.7500,19.0000,19.0000,3246
MONNARI,20201029,1.4300,1.4500,1.4100,1.4100,8757
MOSTALPLC,20201029,8.1600,8.2800,7.9000,8.1600,9543
MOSTALWAR,20201029,3.8300,3.9300,3.7600,3.9000,2566
MOSTALZAB,20201029,0.8180,0.8280,0.7980,0.8280,247217
MUZA,20201029,2.3600,2.3600,2.3600,2.3600,414
MWTRADE,20201029,1.5400,1.5400,1.3900,1.5300,17614
NANOGROUP,20201029,5.9000,6.3500,5.3500,5.9500,60481
NETIA,20201029,4.4900,4.5200,4.4200,4.5000,57227
NEUCA,20201029,531.0000,540.0000,525.0000,539.0000,2822
NEWAG,20201029,21.6000,22.6000,21.6000,22.6000,1882
NEXITY,20201029,17.4000,17.4000,15.2000,17.0000,1284
NOVATURAS,20201029,7.6000,7.6000,7.4000,7.4000,312
NOVAVISGR,20201029,1.4600,1.6000,1.4600,1.5500,11641
NOVITA,20201029,117.5000,122.0000,117.5000,119.0000,241
NTTSYSTEM,20201029,2.6500,2.6500,2.4900,2.6500,6080
OAT,20201029,15.2500,16.5000,14.7000,15.9500,24170
ODLEWNIE,20201029,3.9900,3.9900,3.8000,3.9400,4841
OEX,20201029,14.8000,15.0000,14.5000,15.0000,1882
OPENFIN,20201029,0.7600,0.7600,0.7000,0.7600,1231
OPONEO.PL,20201029,30.6000,31.2000,30.4000,31.0000,8478
OPTEAM,20201029,25.4000,25.6000,24.6000,25.4000,1577
ORANGEPL,20201029,6.0600,6.2850,6.0600,6.1550,1964972
ORCOGROUP,20201029,1.0000,1.0000,1.0000,1.0000,100
ORZBIALY,20201029,9.6200,10.3000,9.6200,10.0000,2381
OTLOG,20201029,4.3000,4.5000,4.3000,4.5000,2793
OTMUCHOW,20201029,1.3000,1.3000,1.2100,1.2200,11970
PAMAPOL,20201029,1.2300,1.3000,1.2100,1.3000,16528
PANOVA,20201029,9.7600,9.8000,9.5000,9.8000,1101
PATENTUS,20201029,0.9360,0.9360,0.9000,0.9240,15118
PBKM,20201029,75.0000,76.0000,75.0000,75.0000,536
PCCEXOL,20201029,3.2900,3.5000,3.1200,3.3800,541993
PCCROKITA,20201029,41.6000,41.9000,40.9000,41.9000,3260
PEKABEX,20201029,13.3500,13.8500,13.3500,13.8000,4179
PEKAO,20201029,43.0500,43.1900,40.8000,42.1100,1892621
PEMANAGER,20201029,12.9000,13.6500,12.7000,13.6000,189
PEP,20201029,43.0000,43.0000,40.2000,42.6000,6738
PEPEES,20201029,1.3000,1.3600,1.3000,1.3600,599
PGE,20201029,4.7000,4.7380,4.4600,4.4960,3483059
PGNIG,20201029,4.4000,4.4260,4.1560,4.1680,5873954
PGSSOFT,20201029,9.9000,10.5500,9.5000,10.5500,4791
PHARMENA,20201029,14.3000,15.0000,13.5000,14.4000,25055
PHN,20201029,9.1600,9.1600,8.8000,8.9600,7780
PKNORLEN,20201029,39.7000,39.7400,37.7400,38.9900,1931251
PKOBP,20201029,19.4350,19.4700,18.2100,18.9000,6443010
PKPCARGO,20201029,9.5700,9.7600,9.0800,9.3000,115924
PLASTBOX,20201029,1.7450,1.7500,1.7300,1.7500,21670
PLAY,20201029,38.8000,38.9000,38.7800,38.8400,1139219
PLAYWAY,20201029,530.0000,541.0000,523.0000,537.0000,11388
PLAZACNTR,20201029,1.7000,1.7000,1.5300,1.6500,3863
PMPG,20201029,1.8000,1.8000,1.8000,1.8000,689
POLICE,20201029,10.6000,11.2000,10.5000,10.7000,1812
POLIMEXMS,20201029,1.6640,1.7280,1.6400,1.7000,242739
POLNORD,20201029,2.9000,3.0200,2.8800,2.9950,29015
POLWAX,20201029,2.7000,2.7000,2.5900,2.6100,7653
POLWAX-PDA,20201029,2.6500,2.6500,2.5500,2.5700,20748
POZBUD,20201029,1.8150,1.9000,1.8150,1.8800,61534
PRAGMAFA,20201029,17.5000,17.9000,16.0000,17.0000,6410
PRAGMAINK,20201029,7.3600,7.4800,7.0000,7.4800,4476
PRAIRIE,20201029,0.4630,0.5420,0.4600,0.5360,193062
PRIMETECH,20201029,1.2000,1.2500,1.1500,1.1500,7198
PROCHEM,20201029,17.2000,17.8000,17.2000,17.8000,58
PROJPRZEM,20201029,15.7500,15.7500,15.0000,15.4500,1434
PROTEKTOR,20201029,3.7000,4.0600,3.7000,3.9800,46744
PROVIDENT,20201029,2.9150,3.0500,2.9100,3.0100,22304
PULAWY,20201029,73.6000,74.4000,72.0000,72.0000,5057
PUNKPIRAT,20201029,0.5200,0.5200,0.4780,0.5150,30267
PZU,20201029,20.6200,21.1500,20.3000,21.0900,2840135
QUERCUS,20201029,2.8000,2.8000,2.7000,2.8000,48598
R22,20201029,30.5000,32.0000,30.2000,31.9000,11001
RADPOL,20201029,2.2900,2.3400,2.2300,2.3400,56160
RAFAKO,20201029,0.5800,0.6990,0.5650,0.6400,847790
RAFAMET,20201029,14.0000,14.0000,14.0000,14.0000,3
RAINBOW,20201029,10.3000,10.5000,10.0000,10.3500,8629
RANKPROGR,20201029,1.2550,1.2700,1.2050,1.2500,83985
RAWLPLUG,20201029,7.8000,7.8000,7.7000,7.7000,8
RCBMWIG401121,20201029,965.5000,965.5000,965.5000,965.5000,102
RCCOFFAOPEN1,20201029,2.6600,2.6600,2.6600,2.6600,2000
RCESXPP0924,20201029,1012.5000,1012.5000,1012.5000,1012.5000,97
RCFL10GOLD,20201029,13.2800,13.2800,13.0000,13.0000,1510
RCFL10GOLD1,20201029,6.1600,6.1600,6.1100,6.1100,5200
RCFL10OIL2,20201029,1.6900,1.6900,1.5600,1.5600,500
RCFL2OIL,20201029,1.9800,1.9800,1.9800,1.9800,200
RCFL2OIL3,20201029,0.9200,0.9200,0.9200,0.9200,10000
RCFL3ALR,20201029,0.1100,0.1100,0.1100,0.1100,1260
RCFL3BOSS,20201029,0.1100,0.1100,0.1100,0.1100,100000
RCFL3CDPRO1,20201029,55.1000,62.3000,55.1000,62.3000,875
RCFL3COFF3,20201029,5.4700,5.4700,5.4700,5.4700,73
RCFL3EUH,20201029,0.4900,0.4900,0.4700,0.4700,20000
RCFL3GASO2,20201029,4.3200,4.3200,4.0600,4.0600,800
RCFL3GOLD1,20201029,13.1400,13.1400,13.1400,13.1400,150
RCFL3JSW,20201029,0.1900,0.2000,0.1600,0.1700,2597349
RCFL3JSW1,20201029,6.2100,6.3800,5.4500,5.7100,4090
RCFL3LPP1,20201029,4.7000,4.8200,4.7000,4.8200,207
RCFL3LTS1,20201029,0.1000,0.1000,0.1000,0.1000,154252
RCFL3MBK,20201029,0.5400,0.5400,0.5200,0.5400,6000
RCFL3MSFIN,20201029,0.6900,0.7000,0.6400,0.7000,27230
RCFL3MWIG40,20201029,3.9700,4.0800,3.8800,4.0800,2300
RCFL3OIL2,20201029,0.9900,0.9900,0.9900,0.9900,107
RCFL3PALL3,20201029,1.0200,1.0300,1.0200,1.0300,3000
RCFL3PEO,20201029,0.4200,0.4400,0.3900,0.4300,56463
RCFL3PGE,20201029,0.0700,0.0700,0.0700,0.0700,18000
RCFL3PGN1,20201029,0.9800,0.9800,0.9200,0.9200,3700
RCFL3PKN,20201029,4.4000,4.5000,4.3300,4.5000,2490
RCFL3PKO,20201029,1.5600,1.5600,1.3900,1.5600,4339
RCFL3PLAT2,20201029,8.0200,8.0200,7.8900,7.8900,400
RCFL3PZU,20201029,4.7800,5.1000,4.7800,5.1000,600
RCFL3RDGB,20201029,0.3300,0.3300,0.3300,0.3300,5000
RCFL3SILVE,20201029,5.6900,5.6900,5.4900,5.4900,3170
RCFL3SILVE2,20201029,10.4800,10.4800,10.4800,10.4800,150
RCFL3SILVE3,20201029,15.1800,16.5200,15.1800,16.5200,150
RCFL3TPE,20201029,3.2000,3.2000,3.2000,3.2000,300
RCFL3W20,20201029,14.9000,15.0000,14.9000,15.0000,1748
RCFL4CDPRO,20201029,22.8000,26.9000,21.2500,26.9000,10706
RCFL4CDPRO1,20201029,3.9000,4.0600,3.9000,4.0600,2000
RCFL4ESX,20201029,99.0000,99.0000,99.0000,99.0000,100
RCFL4GAMES,20201029,64.3000,65.0000,64.0000,64.0000,500
RCFL4KGH,20201029,3.4900,3.4900,3.1500,3.1500,1800
RCFL4LPP,20201029,3.6300,3.6500,3.6300,3.6500,2600
RCFL4PEO1,20201029,1.8200,2.0500,1.8200,2.0500,9200
RCFL4PGE,20201029,2.3700,2.3700,2.1000,2.1000,1000
RCFL4PKN1,20201029,0.7200,0.7500,0.7200,0.7300,16300
RCFL4PKO,20201029,0.1300,0.1300,0.1100,0.1300,400010
RCFL4PKO1,20201029,3.0100,3.0500,2.5800,3.0500,6050
RCFL4PZU,20201029,0.1700,0.1900,0.1700,0.1900,130500
RCFL4PZU1,20201029,2.8200,2.8200,2.8200,2.8200,1000
RCFL4SILVE1,20201029,5.6900,5.6900,5.6900,5.6900,23
RCFL4SILVE2,20201029,7.3300,8.3000,7.3300,8.3000,800
RCFL5ALE,20201029,38.7000,42.2500,33.9000,42.2500,1176
RCFL5CORN,20201029,2.9200,2.9900,2.9200,2.9900,1500
RCFL5FW20,20201029,0.2800,0.2800,0.2800,0.2800,4000
RCFL5SILVE,20201029,1.2000,1.2000,1.2000,1.2000,1
RCFL5SILVE2,20201029,14.0200,14.0200,14.0200,14.0200,22
RCFL5SUGA1,20201029,1.3700,1.3700,1.3700,1.3700,1000
RCFL6COPP1,20201029,7.1700,7.1700,7.1700,7.1700,200
RCFL6PLAT2,20201029,3.0500,3.0500,3.0500,3.0500,120
RCFL6SILVE,20201029,1.4300,1.4800,1.4300,1.4800,8996
RCFL6W201,20201029,0.1600,0.1600,0.1500,0.1600,51000
RCFL7SILVE,20201029,0.2600,0.2600,0.2600,0.2600,14000
RCFL8COFF1,20201029,0.2800,0.2800,0.2800,0.2800,20000
RCFS10SILVE2,20201029,14.5800,16.8200,14.3800,14.3800,1050
RCFS2CCC1,20201029,15.8000,15.8000,15.8000,15.8000,450
RCFS2CPS,20201029,28.4000,28.4000,28.4000,28.4000,4
RCFS2KGH,20201029,4.7500,4.8400,4.7500,4.8400,720
RCFS2LPP,20201029,8.6100,8.6100,8.6100,8.6100,200
RCFS2PKN,20201029,7.8200,7.8200,7.7000,7.7000,1500
RCFS2SILVE2,20201029,2.4900,2.5600,2.4800,2.5300,4400
RCFS2W20,20201029,77.9000,79.5000,77.4000,78.1000,107
RCFS3CCC,20201029,0.3500,0.3500,0.3100,0.3100,1296917
RCFS3CCC1,20201029,17.2000,17.2000,16.1000,16.1000,270
RCFS3CDPRO,20201029,4.8000,4.8000,4.2600,4.3700,25420
RCFS3CORN,20201029,11.1000,11.4000,11.1000,11.4000,4300
RCFS3EAD,20201029,0.9400,0.9400,0.9400,0.9400,745
RCFS3FDX,20201029,6.9900,7.1800,6.8700,6.9700,14712
RCFS3GAMES,20201029,1.4300,1.4300,1.2500,1.2600,30858
RCFS3KGH,20201029,0.2200,0.2500,0.2200,0.2400,389132
RCFS3LPP,20201029,1.0200,1.0900,1.0200,1.0900,4000
RCFS3MWIG40,20201029,12.3000,12.3000,12.1200,12.1200,1169
RCFS3NAG2,20201029,2.9000,2.9100,2.9000,2.9100,200
RCFS3PGE,20201029,3.0000,3.2000,3.0000,3.1600,5720
RCFS3PGN,20201029,7.8000,8.2400,7.8000,8.2400,165
RCFS3PKO,20201029,11.6200,11.6200,10.7600,10.7600,1000
RCFS3SILVE1,20201029,1.6700,1.6700,1.6700,1.6700,1550
RCFS3TPE,20201029,1.3400,1.5900,1.3400,1.5000,47214
RCFS3W20,20201029,43.2500,45.4500,43.2500,44.2000,927
RCFS4CDPRO1,20201029,3.2200,3.3000,2.4000,2.4200,10682
RCFS4FW203,20201029,13.3200,13.3200,13.3200,13.3200,74
RCFS4KGH1,20201029,12.5800,14.3200,12.4400,14.3000,860
RCFS4LPP,20201029,19.0000,19.0000,19.0000,19.0000,300
RCFS4PEO,20201029,37.2500,37.2500,36.8500,36.8500,40
RCFS4PGE,20201029,4.0600,4.0600,4.0600,4.0600,62
RCFS4PGN,20201029,2.3300,2.4100,2.2800,2.4100,1691
RCFS4PKN,20201029,45.6000,49.7500,44.5500,44.5500,120
RCFS4PKO,20201029,19.4600,21.0500,19.4600,21.0500,200
RCFS5COPP,20201029,2.0400,2.0400,2.0400,2.0400,215
RCFS5CORN,20201029,4.2100,4.2100,4.2100,4.2100,150
RCFS5FW20,20201029,7.5800,8.2400,7.5800,7.9000,23051
RCFS5NAG1,20201029,1.0000,1.0100,1.0000,1.0100,2267
RCFS5OIL4,20201029,11.6000,12.2200,11.6000,12.2200,440
RCFS5SOY,20201029,3.1900,3.1900,3.1900,3.1900,32
RCFS6CORN,20201029,2.6100,2.6100,2.6100,2.6100,60
RCFS6FW201,20201029,8.5800,8.5800,8.5800,8.5800,200
RCFS6W201,20201029,6.7300,7.5000,6.7300,7.0200,37595
RCFS8COPP1,20201029,1.1000,1.1000,1.1000,1.1000,400
RCGBSK0721,20201029,1051.5000,1051.5000,1051.5000,1051.5000,99
RCGCOMB0221,20201029,1018.5000,1018.5000,1018.5000,1018.5000,3
RCGETNA0722,20201029,986.5000,986.5000,986.5000,986.5000,800
RCGKOMP1222,20201029,1121.5000,1121.5000,1121.5000,1121.5000,101
RCGLDAOPEN,20201029,736.0000,736.0000,736.0000,736.0000,4
RCGOIL1022,20201029,1033.5000,1033.5000,1033.5000,1033.5000,101
RCGOIL1122,20201029,1029.5000,1029.5000,1029.5000,1029.5000,70
RCLMSFINAOPEN,20201029,48.4500,48.4500,48.4500,48.4500,33
RCLNAGOPEN,20201029,1.8800,1.8800,1.8800,1.8800,170
RCLOILAOPEN,20201029,13.3000,13.3000,13.0000,13.0000,4700
RCLOILAOPEN1,20201029,151.0000,151.0000,144.0000,144.0000,56
RCNDXAOPEN,20201029,449.0000,449.0000,449.0000,449.0000,2
RCRBSPX1122,20201029,740.5000,740.5000,740.5000,740.5000,322
RCSILAOPEN,20201029,92.0000,92.0000,89.8000,91.0000,228
RCSUGAAOPEN2,20201029,4.1700,4.1700,4.0900,4.0900,1250
RCTSJSW,20201029,1.7200,1.7200,1.7200,1.7200,1414
RCTSKRU1,20201029,7.1400,7.1400,6.7300,6.7300,500
RCTSSOY05,20201029,6.8700,6.8700,6.8700,6.8700,1000
RCWHTAOPEN,20201029,5.4100,5.4100,5.4100,5.4100,400
REDAN,20201029,0.1420,0.1600,0.1400,0.1400,45235
REINO,20201029,1.4800,1.4800,1.3700,1.4800,1200
RELPOL,20201029,4.8000,4.9500,4.6700,4.8500,8390
REMAK,20201029,9.5400,10.0000,9.5400,10.0000,1982
RONSON,20201029,1.2650,1.3600,1.2600,1.3550,27047
ROPCZYCE,20201029,20.0000,20.0000,19.4000,19.4500,1396
RYVU,20201029,51.6000,51.6000,48.0000,49.9000,9429
SANOK,20201029,12.0500,12.3500,12.0000,12.2000,1448
SANPL,20201029,126.9000,128.6000,123.3000,125.0000,105528
SANTANDER,20201029,7.6300,7.8300,7.5100,7.7200,12644
SANWIL,20201029,4.1800,4.4800,4.1400,4.4800,151904
SEKO,20201029,8.4000,8.4000,8.2500,8.2500,1184
SELENAFM,20201029,14.0000,14.9500,14.0000,14.5000,287
SELVITA,20201029,40.0000,41.0000,39.5000,41.0000,3706
SERINUS,20201029,0.3100,0.3300,0.3020,0.3300,147735
SESCOM,20201029,26.2000,26.2000,26.2000,26.2000,80
SFINKS,20201029,0.2400,0.2400,0.2220,0.2220,15472
SILVAIR-REGS,20201029,8.7500,8.7500,8.3000,8.3000,1908
SILVANO,20201029,6.3400,6.3400,6.3400,6.3400,306
SIMPLE,20201029,10.9000,10.9000,10.9000,10.9000,5
SKARBIEC,20201029,22.6000,22.6000,20.6000,22.5000,2669
SKOTAN,20201029,1.7000,1.7900,1.6400,1.7200,30595
SKYLINE,20201029,0.7200,0.7200,0.7200,0.7200,20
SLEEPZAG,20201029,0.4380,0.4380,0.4280,0.4280,4680
SNIEZKA,20201029,86.0000,86.0000,81.0000,85.0000,212
SOLAR,20201029,3.0100,3.2700,2.7000,2.8100,61950
SONEL,20201029,9.1000,9.5000,8.9000,9.2500,2904
SOPHARMA,20201029,11.8000,12.0000,11.0000,12.0000,3406
STALEXP,20201029,2.7000,2.7200,2.6500,2.7200,120284
STALPROD,20201029,165.0000,165.0000,160.2000,163.6000,792
STALPROFI,20201029,4.5800,4.7000,4.4200,4.7000,24715
STARHEDGE,20201029,0.3800,0.4210,0.3800,0.4210,6555
SUNEX,20201029,3.6000,3.6000,3.3300,3.5400,34199
SUWARY,20201029,16.7000,16.7000,16.7000,16.7000,5
SWISSMED,20201029,3.2500,3.5000,3.2500,3.4000,2280
SYGNITY,20201029,6.5200,6.8000,6.5000,6.5800,26029
SYNEKTIK,20201029,22.6000,23.5000,22.0000,23.2000,7071
TALEX,20201029,10.8500,10.8500,10.5000,10.8000,1443
TATRY,20201029,154.0000,154.0000,150.0000,150.0000,62
TAURONPE,20201029,1.8510,1.8740,1.7600,1.7970,3665474
TBULL,20201029,22.0000,22.9000,20.2000,21.9000,8643
TERMOREX,20201029,0.9400,0.9400,0.9100,0.9400,3050
TESGAS,20201029,3.6800,3.7000,3.5000,3.6600,8513
TIM,20201029,13.3500,13.6000,13.2500,13.5000,26197
TORPOL,20201029,9.2000,9.3000,8.8000,9.3000,84710
TOWERINVT,20201029,13.5000,13.5000,13.4000,13.4000,1125
TOYA,20201029,6.6000,6.7200,6.2200,6.7200,62400
TRAKCJA,20201029,1.2300,1.2380,1.2000,1.2380,100888
TRANSPOL,20201029,2.6900,2.6900,2.6500,2.6500,9405
TRITON,20201029,2.2000,2.2000,2.2000,2.2000,7047
TSGAMES,20201029,614.0000,645.0000,614.0000,645.0000,17396
ULMA,20201029,46.0000,46.0000,44.0000,46.0000,928
ULTGAMES,20201029,26.4500,27.6000,25.4000,27.6000,20648
UNIBEP,20201029,6.9000,6.9800,6.8800,6.9800,750
UNICREDIT,20201029,30.9000,30.9000,28.5000,29.2950,67
UNIMA,20201029,2.7600,2.9000,2.7600,2.9000,331
UNIMOT,20201029,24.6500,25.6500,24.1000,25.2000,18824
URSUS,20201029,0.6200,0.8000,0.6000,0.8000,5958466
VENTUREIN,20201029,1.6500,1.6500,1.5500,1.5500,16229
VIGOSYS,20201029,520.0000,545.0000,500.0000,505.0000,1027
VINDEXUS,20201029,4.3000,4.4900,4.2100,4.3000,11109
VISTAL,20201029,2.6000,2.6000,2.1700,2.3850,69671
VIVID,20201029,1.7500,1.7500,1.6700,1.7280,16333
VOTUM,20201029,11.0000,11.0000,10.2500,10.7000,15008
VOXEL,20201029,41.5000,41.9000,38.5000,41.9000,7609
VRG,20201029,2.1250,2.1250,2.1100,2.1100,55580
WARIMPEX,20201029,4.7000,4.7000,4.5500,4.5500,940
WASKO,20201029,1.1000,1.1600,1.0300,1.1450,18564
WAWEL,20201029,526.0000,534.0000,520.0000,524.0000,54
WIELTON,20201029,3.4050,3.5000,3.3300,3.4850,99084
WIRTUALNA,20201029,71.2000,73.2000,71.0000,73.0000,7296
WITTCHEN,20201029,6.0000,6.0000,5.7200,5.9000,4187
WOJAS,20201029,3.8000,3.8000,3.6600,3.8000,1501
WORKSERV,20201029,0.7990,0.7990,0.7200,0.7470,229491
XTB,20201029,16.7500,16.8500,15.8500,16.5000,665304
XTPL,20201029,68.8000,69.0000,67.0000,69.0000,2485
ZAMET,20201029,0.8400,0.8700,0.8400,0.8700,20632
ZASTAL,20201029,16.3000,19.8000,16.3000,18.1000,3728
ZEPAK,20201029,9.2800,9.3000,9.0000,9.3000,18671
ZPUE,20201029,132.0000,132.0000,125.0000,125.0000,277
ZREMB,20201029,0.7000,0.7350,0.6700,0.7150,12697
ZUE,20201029,3.1400,3.1400,2.9400,3.1200,368
ZYWIEC,20201029,466.0000,470.0000,460.0000,468.0000,124
INVESTORMS,20201029,3560.5600,3586.5600,3560.5600,3586.5600,259049.770
MWIG40,20201029,3231.8300,3262.9600,3203.8500,3262.9600,189299.291
MWIG40DVP,20201029,63.1100,63.1100,63.1100,63.1100,189299.291
MWIG40TR,20201029,4280.3800,4321.6200,4244.0900,4321.6200,189299.291
SWIG80,20201029,12892.3400,13026.4500,12816.3800,12999.9400,29351.998
SWIG80DVP,20201029,270.7600,270.7600,270.7600,270.7600,29351.998
SWIG80TR,20201029,16655.0100,16823.6000,16563.0000,16794.0200,29351.998
WIG,20201029,45139.7700,45291.7300,44375.0300,44840.6000,1368666.595
WIG-BANKI,20201029,3234.3400,3241.4500,3084.4200,3164.0500,239743.575
WIG-BUDOW,20201029,2749.7900,2807.8800,2745.1700,2807.8800,4074.443
WIG-CEE,20201029,1032.5800,1034.0700,1030.7500,1034.0700,5573.254
WIG-CHEMIA,20201029,6058.7400,6109.5400,5920.8400,6099.4900,2708.939
WIG-ENERG,20201029,1512.2700,1521.0200,1460.0600,1477.4500,32620.279
WIG-ESG,20201029,7166.7900,7176.8800,7060.9300,7143.5200,1154213.728
WIG-GORNIC,20201029,3790.4500,3822.2100,3618.3700,3618.3700,128119.459
WIG-INFO,20201029,3505.3500,3591.9100,3505.3500,3587.4600,9615.403
WIG-LEKI,20201029,5246.5000,5390.2800,5121.3700,5390.2800,33071.797
WIG-MEDIA,20201029,4659.0700,4738.9800,4621.0100,4729.2700,696.630
WIG-MOTO,20201029,3286.2100,3343.9400,3277.9200,3298.5200,1189.653
WIG-NRCHOM,20201029,1964.5400,2024.4000,1957.0400,1998.2400,3613.010
WIG-ODZIEZ,20201029,3142.3000,3216.5000,3088.1600,3184.1100,39976.183
WIG-PALIWA,20201029,3554.0600,3554.0600,3420.3900,3457.6000,122859.175
WIG-POLAND,20201029,45754.0500,45795.3800,45516.5700,45795.3800,1360695.760
WIG-SPOZYW,20201029,2884.9900,2913.0100,2880.1700,2912.6000,3847.141
WIG-TELKOM,20201029,864.2000,877.5100,861.5100,861.5100,69783.271
WIG-UKRAIN,20201029,342.1100,342.2500,341.8900,341.8900,2514.831
WIG.GAMES,20201029,31003.8300,32441.2700,30947.0100,32398.4000,286721.769
WIG.MS-BAS,20201029,7829.3800,7889.0100,7525.1300,7526.6400,152246.803
WIG.MS-FIN,20201029,4956.0900,4978.7200,4753.3800,4903.9600,278673.095
WIG.MS-PET,20201029,4828.3000,4841.8500,4651.4400,4702.3100,124767.826
WIG20,20201029,1557.4700,1567.7200,1529.1500,1542.7600,1136521.997
WIG20DVP,20201029,10.3700,10.3700,10.3700,10.3700,1136521.997
WIG20LEV,20201029,267.1300,270.6300,257.4700,262.1100,1136521.997
WIG20SHORT,20201029,4628.4100,4713.3000,4597.6500,4672.5700,1136521.997
WIG20TR,20201029,2860.3200,2863.4900,2802.9600,2825.6500,1136521.997
WIG30,20201029,1779.5100,1790.6500,1743.9300,1760.1800,1179677.307
WIG30TR,20201029,3186.8500,3186.8500,3167.2000,3181.4000,1179677.307
WIGDIV,20201029,905.2900,907.1100,896.1400,907.1100,120807.514
WIGTECH,20201029,13770.6200,14009.5700,13723.5400,13978.0200,0.000
