06MAGNA,20201208,1.4900,1.5100,1.4000,1.5100,146222
11BIT,20201208,488.0000,488.0000,475.0000,481.5000,5203
4FUNMEDIA,20201208,4.8700,4.8700,4.6000,4.7400,3565
ABPL,20201208,33.0000,33.7000,32.6000,33.6000,3940
ACAUTOGAZ,20201208,36.4000,36.5000,36.0000,36.2000,633
ACTION,20201208,5.1600,5.2800,5.0000,5.1400,23160
ADIUVO,20201208,5.3400,5.4000,5.3400,5.3600,2911
AGORA,20201208,7.0000,7.0600,6.9000,6.9000,14063
AGROTON,20201208,4.7300,4.7800,4.4500,4.6400,8193
AIGAMES,20201208,15.3500,15.5000,14.9000,15.0000,14164
AILLERON,20201208,8.9200,9.5200,8.8600,8.9400,74785
AIRWAY,20201208,1.7250,1.8450,1.7250,1.7550,289591
ALIOR,20201208,17.5500,17.6900,17.4100,17.5200,313639
ALLEGRO,20201208,75.0000,78.2600,73.9100,78.2600,1242364
ALTA,20201208,1.3300,1.3300,1.2600,1.3100,3393
ALTUSTFI,20201208,0.8300,0.8380,0.8100,0.8380,42376
ALUMETAL,20201208,44.5000,44.7000,44.2000,44.5000,486
AMBRA,20201208,18.8000,18.9000,18.7000,18.8000,3704
AMICA,20201208,148.4000,149.6000,147.8000,147.8000,3269
AMREST,20201208,26.0000,27.1500,25.8000,27.1500,255990
APATOR,20201208,22.4000,22.4000,22.2000,22.2000,3756
APLISENS,20201208,11.6000,11.6000,10.7000,11.1000,272
APSENERGY,20201208,1.7000,1.7000,1.6500,1.6950,6657
ARCHICOM,20201208,20.1000,20.7000,20.1000,20.5000,11995
ARCTIC,20201208,5.2400,5.4800,5.2000,5.4800,92053
ARTERIA,20201208,4.0600,4.0600,4.0600,4.0600,10
ARTIFEX,20201208,8.3000,8.6600,8.3000,8.5600,15476
ASBIS,20201208,6.9000,7.1300,6.5600,7.0300,241148
ASMGROUP,20201208,1.5400,1.5400,1.5400,1.5400,100
ASSECOBS,20201208,34.6000,35.4000,34.2000,35.4000,1807
ASSECOPOL,20201208,66.8000,67.0000,65.8000,66.6000,66362
ASSECOSEE,20201208,39.6000,39.6000,39.1000,39.2000,32070
ASTARTA,20201208,25.2000,25.2000,24.6000,25.0000,10208
ATAL,20201208,30.9000,31.5000,30.6000,31.5000,897
ATENDE,20201208,3.5000,3.5400,3.4200,3.5200,18036
ATLANTAPL,20201208,6.1200,6.2000,6.1200,6.2000,544
ATLANTIS,20201208,0.6920,0.7320,0.6920,0.7320,9145
ATMGRUPA,20201208,4.0900,4.1500,3.9600,3.9900,5272
ATREM,20201208,2.2200,2.2200,2.1400,2.1400,5364
AUTOPARTN,20201208,7.8200,7.9000,7.6400,7.7000,28417
BAHOLDING,20201208,0.7120,0.8500,0.6990,0.8360,3876673
BBIDEV,20201208,3.8200,3.8700,3.8100,3.8700,5954
BEDZIN,20201208,9.9500,9.9500,9.7500,9.9500,1400
BENEFIT,20201208,790.0000,815.0000,790.0000,810.0000,479
BEST,20201208,16.3000,17.1000,16.3000,17.1000,61
BETACOM,20201208,10.5000,10.5000,10.5000,10.5000,5
BETAM40TR,20201208,53.4000,54.0000,53.2000,54.0000,2311
BETAW20LV,20201208,38.5900,39.5000,38.1900,39.5000,7388
BETAW20ST,20201208,375.8000,377.2000,371.6000,371.6000,4316
BETAW20TR,20201208,33.2300,33.5000,33.0500,33.5000,9452
BIK,20201208,12.0000,12.0000,12.0000,12.0000,5
BIOMEDLUB,20201208,10.8500,11.4500,10.4000,11.1000,1505771
BIOTON,20201208,4.5000,4.5100,4.4200,4.4650,43809
BNPPBSK1124,20201208,1012.5000,1012.5000,1012.5000,1012.5000,200
BNPPENDL0422,20201208,994.0000,994.0000,994.0000,994.0000,100
BNPPENDL1023,20201208,1045.5000,1045.5000,1045.5000,1045.5000,106
BNPPGOLD1222,20201208,1003.0000,1003.0000,1003.0000,1003.0000,75
BNPPPL,20201208,55.2000,56.2000,54.6000,56.0000,2332
BNPPSOGO1021,20201208,1052.0000,1052.0000,1052.0000,1052.0000,20
BNPPSXPP0221,20201208,1024.5000,1024.5000,1022.5000,1022.5000,350
BNPPSXPP0421,20201208,1043.5000,1046.5000,1043.0000,1046.5000,760
BOGDANKA,20201208,19.4400,19.4400,18.8400,19.0800,35301
BOOMBIT,20201208,17.2000,17.2000,16.6600,17.0200,5065
BORYSZEW,20201208,2.8700,3.1500,2.8600,3.0550,292483
BOS,20201208,6.0400,6.0400,5.9200,6.0000,7698
BOWIM,20201208,2.3000,2.3600,2.2600,2.3400,49156
BRASTER,20201208,0.4700,0.4700,0.4525,0.4550,66368
BUDIMEX,20201208,268.0000,282.0000,268.0000,282.0000,4648
BUMECH,20201208,1.9550,1.9900,1.9200,1.9500,13173
CCC,20201208,71.5000,72.8800,71.0000,72.7600,458066
CDPROJEKT,20201208,400.0000,410.4000,385.0000,395.0000,1871186
CDRL,20201208,17.7000,17.7000,16.2000,17.1000,3104
CELTIC,20201208,6.7500,7.0000,6.7500,7.0000,201
CEZ,20201208,81.0000,81.0000,79.0000,79.6000,2347
CFI,20201208,0.2480,0.2560,0.2390,0.2430,250480
CIECH,20201208,30.3000,31.6000,30.2500,31.5000,83080
CIGAMES,20201208,1.2880,1.3180,1.2620,1.3020,800105
CITYSERV,20201208,7.7000,7.7490,7.5000,7.7490,278
CLNPHARMA,20201208,41.0000,42.4000,40.9000,42.4000,13616
CNT,20201208,13.5000,13.6000,13.0000,13.3000,3045
COALENERG,20201208,0.4800,0.4900,0.4700,0.4800,22878
COGNOR,20201208,1.2500,1.2500,1.2350,1.2500,40200
COMARCH,20201208,196.0000,196.0000,193.5000,195.0000,374
COMP,20201208,53.0000,53.8000,53.0000,53.8000,670
COMPERIA,20201208,2.9200,3.0000,2.9200,3.0000,205
CORMAY,20201208,1.3200,1.3350,1.2800,1.3200,351926
CPGROUP,20201208,6.8200,7.0000,6.7800,7.0000,3063
CYFRPLSAT,20201208,28.0000,28.4800,27.6000,28.3200,838211
CZTOREBKA,20201208,0.7300,0.7950,0.7300,0.7700,11372
DATAWALK,20201208,192.0000,196.0000,189.0000,196.0000,1752
DEBICA,20201208,76.4000,77.4000,76.4000,76.8000,335
DECORA,20201208,30.5000,30.9000,30.3000,30.7000,3187
DEKPOL,20201208,27.2000,27.4000,26.8000,27.4000,7684
DELKO,20201208,15.3000,15.6000,14.3000,15.4000,22641
DEVELIA,20201208,1.9160,1.9160,1.8820,1.8940,26851
DGA,20201208,5.2200,5.2200,4.9600,4.9600,1566
DIGITREE,20201208,5.5000,5.6000,5.4000,5.4000,6859
DINOPL,20201208,269.8000,278.8000,267.4000,270.8000,159301
DOMDEV,20201208,108.0000,110.0000,107.5000,109.0000,12595
DROZAPOL,20201208,1.6700,1.8350,1.6700,1.8000,803
ECHO,20201208,4.1800,4.2000,4.1600,4.1800,20434
EDINVEST,20201208,3.8000,3.9800,3.8000,3.8600,3157
EFEKT,20201208,5.1000,5.1000,5.0500,5.0500,4852
EKOEXPORT,20201208,3.3900,3.4800,3.3000,3.3100,44326
ELBUDOWA,20201208,0.8000,0.8100,0.7460,0.8000,18571
ELEKTROTI,20201208,6.1000,6.1000,5.9800,6.1000,3506
ELEMENTAL,20201208,2.4200,2.4200,2.4050,2.4150,21752
ELKOP,20201208,0.2600,0.2680,0.2540,0.2640,74145
ELZAB,20201208,4.8000,5.1000,4.7600,5.1000,15485
EMCINSMED,20201208,12.4000,16.0000,12.4000,16.0000,7208
ENAP,20201208,1.4500,1.4500,1.3600,1.4200,6643
ENEA,20201208,5.6500,5.8500,5.5900,5.8500,718523
ENELMED,20201208,20.4000,22.4000,20.4000,22.4000,890
ENERGA,20201208,7.7800,7.9800,7.7800,7.8750,112527
ENERGOINS,20201208,0.7200,0.7500,0.7020,0.7480,16010
ENTER,20201208,34.2000,34.8000,34.2000,34.7000,8287
ERBUD,20201208,21.8000,21.8000,21.5000,21.5000,362
ERG,20201208,42.4000,42.4000,40.4000,42.0000,49
ESOTIQ,20201208,14.0000,14.0000,13.6500,13.6500,4938
ETFDAX,20201208,557.2000,559.8000,554.0000,554.5000,173
ETFSP500,20201208,140.0000,140.0000,139.0000,139.4600,1978
ETFW20L,20201208,240.0000,243.1000,239.2000,241.5000,1775
EUCO,20201208,4.2500,4.2500,4.1800,4.2500,16525
EUROCASH,20201208,14.7000,14.9200,14.5000,14.6400,214817
EUROTEL,20201208,26.9000,27.0000,26.0000,27.0000,4244
FAMUR,20201208,1.9300,1.9400,1.8760,1.8800,569497
FASING,20201208,10.4000,10.5500,10.2500,10.5500,605
FEERUM,20201208,10.4500,11.0000,10.2000,10.4500,1205
FERRO,20201208,24.5000,24.8000,23.2000,23.9000,2095
FERRUM,20201208,3.1600,3.2000,3.1000,3.2000,16119
FON,20201208,0.1120,0.1140,0.1090,0.1120,282403
FORTE,20201208,39.0000,39.9000,39.0000,39.4000,4716
GAMEOPS,20201208,23.4000,23.5000,22.8000,23.0600,1555
GAMFACTOR,20201208,14.9900,14.9900,14.6500,14.6520,2727
GAMFACTOR-PDA,20201208,13.7800,14.2000,13.3100,14.2000,15382
GETIN,20201208,0.9250,0.9330,0.9080,0.9240,312735
GETINOBLE,20201208,0.2350,0.2500,0.2300,0.2390,6116779
GLCOSMED,20201208,4.1000,4.4600,4.0800,4.3200,115114
GPW,20201208,43.4000,43.8500,43.0000,43.1500,43951
GROCLIN,20201208,1.0600,1.1150,1.0400,1.0800,50044
GRODNO,20201208,12.1000,12.1000,11.7500,11.9500,37971
GRUPAAZOTY,20201208,26.9000,27.9000,26.5000,27.7500,151229
GTC,20201208,6.7000,6.8400,6.7000,6.7000,198490
HANDLOWY,20201208,36.4500,36.5000,36.2000,36.5000,13993
HARPER,20201208,12.8000,13.9000,12.7000,13.2000,54128
HELIO,20201208,10.5000,10.5000,10.5000,10.5000,2
HERKULES,20201208,1.3500,1.3500,1.2750,1.3100,68725
HMINWEST,20201208,11.9000,11.9000,11.9000,11.9000,17
HUBSTYLE,20201208,1.0800,1.1400,0.9750,1.0500,93917
HYDROTOR,20201208,29.0000,29.0000,27.6000,28.8000,3054
I2DEV,20201208,9.0500,9.1000,9.0500,9.1000,212
IALBGR,20201208,0.2600,0.2620,0.2600,0.2620,2200
IDEABANK,20201208,1.6800,1.7000,1.6600,1.6800,83848
IDMSA,20201208,0.9800,0.9800,0.9800,0.9800,1379
IFCAPITAL,20201208,0.7000,0.7500,0.7000,0.7500,2139
IFIRMA,20201208,5.0200,5.4400,4.9800,5.4000,13335
IMCOMPANY,20201208,16.1000,16.5000,16.1000,16.5000,21941
IMMOBILE,20201208,2.5700,2.5700,2.4100,2.4100,3007
IMPEL,20201208,12.2500,12.2500,12.2500,12.2500,406
IMPERA,20201208,2.0200,2.0800,1.9400,2.0200,60818
IMS,20201208,2.7000,2.7600,2.7000,2.7600,600
INC,20201208,7.3800,7.4400,7.0600,7.2000,39317
INGBSK,20201208,167.8000,167.8000,162.0000,163.4000,6812
INPRO,20201208,4.7000,4.7000,4.6200,4.6200,72
INSTALKRK,20201208,19.6500,19.6500,19.4000,19.6500,1551
INTERAOLT,20201208,15.1500,15.3500,15.1000,15.3500,7289
INTERCARS,20201208,247.0000,247.0000,243.0000,245.0000,22290
INTERFERI,20201208,4.3000,4.6000,4.1000,4.6000,5098
INTERSPPL,20201208,1.3200,1.3600,1.3200,1.3600,2608
INTLALE35055,20201208,18.4800,21.3000,18.4800,21.3000,463
INTLALE35063,20201208,25.0000,25.0000,25.0000,25.0000,60
INTLALE35071,20201208,24.9500,24.9500,24.9500,24.9500,47
INTLALE35097,20201208,30.1000,32.9000,30.1000,32.9000,10
INTLALE36046,20201208,14.1800,16.5000,14.1800,16.3400,1214
INTLBCO31203,20201208,107.2000,107.2000,107.2000,107.2000,53
INTLBCO31641,20201208,59.0000,59.8000,59.0000,59.8000,5277
INTLBCO31666,20201208,65.3000,65.3000,65.3000,65.3000,447
INTLBCO35246,20201208,52.0000,54.1000,52.0000,52.9000,1091
INTLBCO35691,20201208,44.3000,45.1000,44.3000,45.1000,1138
INTLBCO35725,20201208,36.7500,36.7500,36.7500,36.7500,2040
INTLBCO36152,20201208,28.5000,28.5000,27.7000,27.7000,121
INTLBCO36160,20201208,32.6000,32.6000,32.6000,32.6000,2311
INTLCCC28977,20201208,5.2900,5.2900,5.2900,5.2900,100
INTLCCC30734,20201208,4.9000,4.9000,4.9000,4.9000,20
INTLCCC30999,20201208,4.1300,4.2500,4.1200,4.2400,1370
INTLCDR22277,20201208,31.2500,31.5500,29.4500,30.4000,416
INTLCDR22517,20201208,26.4000,26.4000,26.4000,26.4000,30
INTLCDR22848,20201208,24.5000,24.5000,24.5000,24.5000,10
INTLCDR29850,20201208,18.6600,18.6600,18.1400,18.1400,120
INTLCDR30478,20201208,15.6800,15.7200,14.5600,14.8600,2990
INTLCDR30486,20201208,16.9000,16.9000,15.6000,15.6000,20441
INTLCDR30718,20201208,12.5400,13.1200,11.9400,12.2000,111743
INTLCDR30726,20201208,14.7600,14.7600,12.5600,13.1600,65709
INTLCDR35345,20201208,10.6200,10.6200,8.3500,9.0200,26161
INTLCDR35352,20201208,12.0600,12.0600,10.2200,10.6000,10689
INTLCDR36277,20201208,9.1100,9.2000,7.4800,7.6100,57717
INTLDAX29967,20201208,199.4000,199.4000,196.2000,196.2000,30
INTLDAX31542,20201208,120.6000,121.8000,119.6000,121.8000,120
INTLDAX31872,20201208,100.8000,100.8000,100.8000,100.8000,39
INTLDAX35618,20201208,72.1000,72.1000,72.1000,72.1000,9
INTLDAX35923,20201208,28.3500,30.6500,28.3500,30.6500,18005
INTLDAX36186,20201208,20.3000,20.3000,16.8000,19.9400,6438
INTLDNP32128,20201208,13.7600,13.7600,13.5800,13.5800,160
INTLDNP34710,20201208,9.2300,9.2300,9.2300,9.2300,50
INTLDNP35493,20201208,6.5300,6.7300,6.2700,6.7300,8584
INTLDOW34348,20201208,170.4000,170.4000,170.4000,170.4000,30
INTLDOW35956,20201208,94.0000,95.7000,90.2000,90.2000,458
INTLEUD33860,20201208,26.3500,26.3500,26.3500,26.3500,350
INTLEUR24059,20201208,21.0500,21.0500,20.4000,20.4000,75
INTLEUR28324,20201208,10.9000,11.0800,10.9000,11.0800,640
INTLGBP32722,20201208,31.7000,31.7000,31.7000,31.7000,20
INTLGBU31815,20201208,81.8000,81.8000,81.8000,81.8000,548
INTLGBU34850,20201208,29.2500,31.0000,28.6000,29.8500,4168
INTLGLD09746,20201208,237.0000,239.5000,237.0000,239.0000,78
INTLGLD23903,20201208,178.2000,178.2000,178.2000,178.2000,62
INTLGLD30130,20201208,137.6000,139.8000,137.6000,139.8000,9
INTLGLD30866,20201208,116.6000,118.0000,114.2000,118.0000,48
INTLGLD33092,20201208,69.2000,71.7000,69.2000,70.1000,2136
INTLGLD33100,20201208,58.2000,62.0000,57.4000,59.9000,2768
INTLJSW36020,20201208,9.3800,9.4400,9.3800,9.4400,410
INTLKGH35782,20201208,55.4000,63.0000,55.4000,63.0000,126
INTLKGH35790,20201208,65.2000,65.2000,65.2000,65.2000,29
INTLKGH36228,20201208,48.0000,53.6000,48.0000,53.6000,77
INTLLTS34702,20201208,17.1800,17.7800,16.2800,17.6000,6741
INTLLTS35360,20201208,19.1200,19.8600,19.1200,19.8600,157
INTLNAG34462,20201208,3.9900,4.1000,3.8900,3.9700,9673
INTLNDX35659,20201208,53.8000,53.8000,53.8000,53.8000,17
INTLNKX30825,20201208,334.0000,334.0000,334.0000,334.0000,5
INTLPEO35832,20201208,20.6500,20.6500,20.6500,20.6500,250
INTLPEO36251,20201208,12.4200,12.9800,12.4200,12.9800,1790
INTLPEO36269,20201208,14.9000,15.2600,14.9000,15.2600,682
INTLPGE31427,20201208,2.3600,2.3600,2.3600,2.3600,1000
INTLPGE35337,20201208,1.7900,1.9700,1.7900,1.9700,4108
INTLPGE35741,20201208,0.9700,1.1800,0.9700,1.1800,9121
INTLPGE35758,20201208,1.3000,1.3000,1.3000,1.3000,65
INTLPKN04101,20201208,28.4500,29.1500,28.4500,28.8000,501
INTLPKN04119,20201208,30.5500,31.5000,30.5500,31.5000,120
INTLPKN05496,20201208,26.8000,26.8000,26.7000,26.7000,112
INTLPKN35840,20201208,19.0000,20.2500,19.0000,19.4000,3231
INTLPKN35857,20201208,20.7500,21.8000,20.7500,21.8000,290
INTLPKO30395,20201208,11.5000,11.5000,11.5000,11.5000,250
INTLPKO35808,20201208,7.7900,7.7900,7.7700,7.7700,400
INTLPKO36236,20201208,5.8100,5.8100,5.8100,5.8100,400
INTLPLA29751,20201208,15.2400,15.2400,15.2400,15.2400,1
INTLPLA30270,20201208,13.9000,13.9000,13.9000,13.9000,500
INTLPLA31138,20201208,12.2400,12.4000,12.2400,12.4000,550
INTLPLA36178,20201208,5.8200,6.5100,5.8200,6.3000,4260
INTLPZU15610,20201208,8.7300,9.0400,8.6600,9.0400,2881
INTLPZU15800,20201208,9.9000,10.4200,9.8900,10.4200,850
INTLPZU35766,20201208,6.8500,7.0900,6.8500,6.9200,1031
INTLPZU35774,20201208,8.3300,8.3300,7.8300,7.8300,214
INTLPZU35980,20201208,4.6000,4.9200,4.6000,4.9200,6410
INTLPZU35998,20201208,5.7600,5.7600,5.7600,5.7600,100
INTLSLV29702,20201208,45.1500,45.1500,45.1500,45.1500,50
INTLSLV31625,20201208,37.3500,37.4000,37.3000,37.4000,1000
INTLSLV33043,20201208,29.0000,29.0000,29.0000,29.0000,271
INTLSLV33340,20201208,14.2800,14.6600,14.2200,14.2400,4407
INTLSLV33357,20201208,17.2000,18.0000,17.1600,17.7800,3639
INTLSLV33365,20201208,20.5500,20.8500,20.2500,20.5000,350
INTLSLV33373,20201208,22.8000,23.0000,22.8000,22.8000,86
INTLSPX34900,20201208,19.5600,19.5600,19.5600,19.5600,51
INTLSPX35972,20201208,14.9800,15.5000,14.9800,15.5000,161
INTLTNF25320,20201208,73.3000,73.3000,73.3000,73.3000,10
INTLUSD20602,20201208,16.3000,16.3000,13.7800,13.7800,1700
INTLUSD20610,20201208,20.6000,20.6000,19.7200,19.7200,65
INTLUSD20826,20201208,25.1500,25.1500,25.1500,25.1500,25
INTLUSD20842,20201208,32.5500,32.5500,31.4000,31.4000,156
INTLUSD21170,20201208,11.0800,11.3800,8.4000,8.5500,8507
INTLW2029892,20201208,5.4900,5.4900,5.4900,5.4900,500
INTLW2030585,20201208,5.0200,5.0200,5.0200,5.0200,41
INTLW2035543,20201208,3.5000,3.5000,3.5000,3.5000,1000
INTLW2035550,20201208,3.8300,3.9000,3.8300,3.9000,1935
INTLW2035568,20201208,3.8500,3.8500,3.8500,3.8500,1446
INTLW2035907,20201208,3.2400,3.2400,3.2400,3.2400,400
INTLW2036079,20201208,2.0500,2.2400,1.9900,2.2400,12911
INTLW2036087,20201208,2.1400,2.2100,2.1400,2.2100,321
INTLW2036095,20201208,2.4200,2.4200,2.4200,2.4200,400
INTROL,20201208,3.8800,3.9200,3.8400,3.8800,8281
INTSALE35212,20201208,65.4000,65.4000,62.8000,63.1000,485
INTSALE35220,20201208,74.9000,74.9000,74.9000,74.9000,1
INTSALE36285,20201208,49.6000,49.6000,49.3000,49.3000,85
INTSBCO28035,20201208,22.0000,22.0000,21.3000,21.3000,315
INTSBCO28043,20201208,29.2000,29.2000,28.0000,28.0000,60
INTSCCC23978,20201208,14.9400,14.9400,14.9400,14.9400,50
INTSCCC27698,20201208,3.4000,3.5400,3.4000,3.4400,820
INTSCCC34207,20201208,1.4400,1.4500,1.4400,1.4500,5000
INTSCDR34124,20201208,14.9800,17.0400,14.8000,16.4600,18420
INTSCDR34199,20201208,18.8000,20.6000,18.8000,20.4500,16512
INTSDAX25783,20201208,24.4000,26.9000,23.3500,23.6500,5999
INTSDAX25825,20201208,38.4500,38.9000,38.4500,38.9000,650
INTSDAX26609,20201208,62.3000,62.3000,62.3000,62.3000,160
INTSDOW27128,20201208,59.0000,59.0000,52.3000,52.3000,100
INTSDOW33605,20201208,147.2000,147.2000,147.2000,147.2000,10
INTSEUD02683,20201208,15.6000,16.1200,15.6000,16.1200,210
INTSEUD03764,20201208,27.9000,27.9000,26.9000,27.6500,45
INTSEUD05033,20201208,40.0500,40.0500,39.5000,39.5000,31
INTSEUR29181,20201208,43.0000,43.0000,43.0000,43.0000,400
INTSEUR36053,20201208,13.2200,13.2200,13.2200,13.2200,150
INTSGBU26971,20201208,30.1500,30.1500,28.7000,29.6000,1449
INTSGLD30882,20201208,111.0000,111.0000,111.0000,111.0000,5
INTSGLD34504,20201208,76.1000,76.1000,76.1000,76.1000,730
INTSGLD36301,20201208,37.5000,37.5000,32.9000,34.2500,1233
INTSLTS34041,20201208,17.0000,17.7600,16.7600,17.2600,4884
INTSNAG27797,20201208,6.2800,6.2800,6.2800,6.2800,1000
INTSNDX33233,20201208,24.3000,25.8000,24.3000,25.6500,1141
INTSNDX33241,20201208,40.3000,40.3000,40.3000,40.3000,3
INTSPGE34157,20201208,2.6000,2.6000,2.5500,2.5500,1440
INTSPGN34033,20201208,1.0200,1.0700,1.0000,1.0000,49000
INTSPKN27300,20201208,37.7000,37.7000,37.7000,37.7000,220
INTSPKN27649,20201208,18.7600,19.2000,18.7600,19.2000,515
INTSPKN34173,20201208,7.6100,8.3300,7.6100,8.3300,356
INTSPKO26997,20201208,15.8400,15.8400,15.8000,15.8000,512
INTSPLA25544,20201208,5.3000,5.3200,4.6000,4.7500,15284
INTSPZU34165,20201208,10.4000,10.4000,10.4000,10.4000,26
INTSSLV34538,20201208,16.9200,16.9200,16.9200,16.9200,14
INTSSLV34553,20201208,12.4600,12.8200,12.3200,12.3200,949
INTSSLV36343,20201208,6.2500,6.6600,5.1800,5.1800,12696
INTSSLV36350,20201208,8.9700,8.9700,8.9700,8.9700,100
INTSSPX34140,20201208,9.9000,10.3800,9.6000,9.6000,31224
INTSSPX34439,20201208,35.0000,35.0000,34.7000,34.7000,294
INTSW2005892,20201208,5.0000,5.0000,5.0000,5.0000,180
INTSW2019596,20201208,6.3700,6.3700,6.3700,6.3700,500
INTSW2019976,20201208,8.8900,8.8900,8.6600,8.6600,405
INTSW2020859,20201208,3.7200,3.7800,3.6800,3.6800,7860
INTSW2020867,20201208,3.9300,3.9300,3.9300,3.9300,1424
INTSW2027060,20201208,2.3900,2.4400,2.3900,2.4200,25000
INTSW2027078,20201208,2.7000,2.7000,2.5200,2.5200,5484
INTSW2027243,20201208,1.9900,1.9900,1.9900,1.9900,225
INTSW2027391,20201208,1.6000,1.6000,1.4800,1.4900,800
INTSW2027409,20201208,1.9200,1.9200,1.9200,1.9200,600
INTSW2028480,20201208,1.1100,1.1100,0.8500,0.8500,4600
INVFIZ,20201208,949.1000,950.0000,949.1000,950.0000,6
INVGLDFIZ,20201208,1790.9000,1799.9000,1790.9000,1799.9000,10
INVISTA,20201208,0.3200,0.3200,0.3200,0.3200,20
INVPEFIZ,20201208,858.8900,858.8900,839.0100,841.1100,10
IPOPEMA,20201208,3.9000,3.9400,3.9000,3.9400,1353
ITMTRADE,20201208,0.1400,0.1495,0.1370,0.1400,41485
IZOBLOK,20201208,37.3000,38.0000,37.3000,37.9000,1270
IZOLACJA,20201208,1.8500,1.8500,1.7600,1.8000,3972
IZOSTAL,20201208,2.3600,2.4000,2.3500,2.3800,43531
JSW,20201208,25.5000,25.9800,25.3000,25.5500,851782
JWCONSTR,20201208,3.1500,3.1500,3.0400,3.0400,137
K2INTERNT,20201208,24.6000,25.0000,24.2000,24.8000,5351
KCI,20201208,0.6500,0.6600,0.6400,0.6500,16691
KERNEL,20201208,46.6500,47.1500,46.2500,46.9000,75527
KETY,20201208,450.0000,459.0000,449.0000,459.0000,4403
KGHM,20201208,175.0000,184.0000,173.0000,184.0000,830241
KGL,20201208,15.7500,15.8000,15.6000,15.7500,736
KINOPOL,20201208,8.1000,8.2500,7.9000,8.2500,19091
KOGENERA,20201208,32.7000,32.8000,32.3000,32.7000,1569
KOMPAP,20201208,10.7000,12.0000,10.7000,12.0000,1339
KOMPUTRON,20201208,2.1200,2.1600,2.1200,2.1600,25068
KPPD,20201208,29.2000,29.2000,29.2000,29.2000,1
KREC,20201208,7.7400,7.8000,7.6000,7.7800,727
KREDYTIN,20201208,10.9000,10.9000,10.2000,10.9000,277
KRKA,20201208,411.0000,412.0000,400.0000,411.0000,38
KRUK,20201208,143.2000,143.7000,138.4000,139.9000,37870
KRUSZWICA,20201208,56.6000,56.8000,55.2000,56.0000,1317
KRVITAMIN,20201208,19.3000,20.5000,19.1000,20.1000,34211
KSGAGRO,20201208,2.4800,2.6600,2.4200,2.5800,29611
LABOPRINT,20201208,11.9000,11.9000,11.4500,11.4500,508
LARQ,20201208,1.8450,1.8450,1.8450,1.8450,10
LENA,20201208,3.6700,3.9000,3.6700,3.8800,24708
LENTEX,20201208,10.2500,10.5000,10.2500,10.5000,17028
LIBET,20201208,2.0900,2.1400,2.0700,2.1000,129400
LIVECHAT,20201208,99.2000,99.2000,98.0000,98.8000,6602
LMDSFIZ,20201208,1163.1000,1173.0000,1162.4000,1173.0000,26
LOKUM,20201208,12.5000,12.5000,12.1000,12.3500,551
LOTOS,20201208,37.2000,39.8500,37.0300,39.5000,1946022
LPP,20201208,7350.0000,7355.0000,7040.0000,7170.0000,2971
LSISOFT,20201208,12.6500,12.6500,12.4000,12.4000,4160
LUBAWA,20201208,1.5250,1.5250,1.4850,1.4900,159209
MABION,20201208,22.8000,22.9000,22.4500,22.7500,14615
MAKARONPL,20201208,5.5500,5.6500,5.5500,5.6500,1420
MANGATA,20201208,54.0000,54.0000,53.0000,54.0000,64
MARVIPOL,20201208,5.1400,5.2000,5.1200,5.1200,17090
MASTERPHA,20201208,3.9700,3.9800,3.9500,3.9800,20746
MAXCOM,20201208,11.9500,12.5000,11.6000,12.4500,9176
MBANK,20201208,175.0000,178.9000,172.0000,176.0000,82365
MBWS,20201208,6.0800,6.0800,6.0800,6.0800,60
MCI,20201208,15.0000,15.0000,14.7500,14.9500,2679
MDIENERGIA,20201208,3.4000,3.5100,3.1400,3.2900,33330
MEDIACAP,20201208,1.7600,1.7600,1.7600,1.7600,30
MEDICALG,20201208,21.0500,21.7000,21.0500,21.5000,4676
MENNICA,20201208,19.5000,19.7000,19.5000,19.7000,1434
MERCATOR,20201208,469.0000,526.0000,467.0000,526.0000,128447
MERCOR,20201208,10.5000,10.5000,10.1500,10.1500,576
MEXPOLSKA,20201208,1.4000,1.4000,1.3800,1.3800,1205
MFO,20201208,22.0000,22.6000,22.0000,22.6000,12622
MILKILAND,20201208,0.6750,0.6999,0.6600,0.6999,41404
MILLENNIUM,20201208,3.1300,3.1400,3.0620,3.1200,1353988
MIRACULUM,20201208,1.1750,1.1750,1.1400,1.1400,17782
MIRBUD,20201208,3.1600,3.2100,3.1200,3.1700,682519
MLPGROUP,20201208,84.0000,84.0000,83.0000,83.0000,25
MLSYSTEM,20201208,81.4000,82.0000,79.2000,81.0000,13404
MOBRUK,20201208,212.0000,214.0000,210.0000,214.0000,5492
MOJ,20201208,1.2000,1.2100,1.1300,1.2100,14148
MOL,20201208,25.0000,25.0000,24.6000,24.9600,2393
MONNARI,20201208,2.1900,2.2000,2.1000,2.1000,50643
MOSTALPLC,20201208,8.8000,8.8000,8.4400,8.7400,253
MOSTALWAR,20201208,4.3000,4.3500,4.2600,4.2600,690
MOSTALZAB,20201208,1.0200,1.0200,0.9820,1.0200,69764
MUZA,20201208,3.2800,3.3800,3.2800,3.3800,765
MWTRADE,20201208,1.8200,1.8500,1.8200,1.8500,3660
NANOGROUP,20201208,4.3000,5.8000,4.2000,5.8000,82277
NANOGROUP-PDA,20201208,4.1000,4.9400,4.1000,4.8000,262583
NETIA,20201208,4.4300,4.5400,4.4300,4.5200,17924
NEUCA,20201208,648.0000,666.0000,641.0000,658.0000,2163
NEWAG,20201208,25.4000,25.8000,25.0000,25.1000,5451
NEXITY,20201208,21.4000,21.4000,20.0000,21.0000,1142
NOVATURAS,20201208,13.7000,14.9000,13.6000,14.9000,1495
NOVAVISGR,20201208,1.6200,1.6700,1.5800,1.6600,6804
NOVITA,20201208,141.5000,141.5000,135.0000,136.0000,286
NOWAGALA,20201208,0.9700,0.9700,0.9700,0.9700,32235
NTTSYSTEM,20201208,3.7500,4.0000,3.7500,4.0000,66902
OAT,20201208,47.5000,48.4000,45.5000,48.0000,58959
ODLEWNIE,20201208,4.9300,4.9400,4.8600,4.8600,3768
OEX,20201208,15.3000,15.5000,15.1000,15.1000,2647
OPENFIN,20201208,1.0200,1.0600,1.0000,1.0500,20607
OPONEO.PL,20201208,36.0000,37.9000,35.4000,37.6000,33375
OPTEAM,20201208,31.2000,32.6000,31.2000,32.0000,39768
ORANGEPL,20201208,6.5200,6.6500,6.4400,6.5300,1177306
ORCOGROUP,20201208,1.3100,1.3500,1.3000,1.3500,7570
ORZBIALY,20201208,11.2000,11.2000,11.2000,11.2000,611
OTLOG,20201208,4.0000,4.0000,3.9000,4.0000,1245
OTMUCHOW,20201208,1.6000,1.7500,1.6000,1.6500,20785
OVOSTAR,20201208,76.0000,83.0000,76.0000,83.0000,22
PAMAPOL,20201208,1.3700,1.4000,1.3500,1.3900,16944
PANOVA,20201208,11.0000,11.0000,10.5500,10.5500,1318
PATENTUS,20201208,1.0450,1.0450,1.0450,1.0450,50
PBKM,20201208,80.0000,80.0000,79.0000,79.0000,52
PCCEXOL,20201208,3.3500,3.5400,3.3000,3.5300,349416
PCCROKITA,20201208,52.0000,52.8000,51.8000,52.4000,3215
PEKABEX,20201208,16.2500,16.3000,16.0000,16.2500,18073
PEKAO,20201208,59.3000,59.8000,58.7200,59.7000,676245
PEMANAGER,20201208,14.8500,14.9500,14.8000,14.9500,1937
PEP,20201208,50.2000,51.0000,50.2000,50.2000,14727
PEPEES,20201208,1.3100,1.3100,1.2000,1.3100,39523
PGE,20201208,5.7660,5.9400,5.7200,5.9100,3532526
PGNIG,20201208,5.2060,5.2480,5.1500,5.2440,3356110
PGO,20201208,1.2400,1.2400,1.1600,1.2300,5210
PGSSOFT,20201208,12.6500,12.9000,12.5000,12.6000,3175
PHARMENA,20201208,9.9600,10.3000,9.8000,10.2500,8532
PHN,20201208,10.1500,10.3000,10.1000,10.2000,5358
PKNORLEN,20201208,59.5000,60.6800,58.8000,60.0000,2126961
PKOBP,20201208,28.2400,28.4400,28.0500,28.3300,3091096
PKPCARGO,20201208,13.1000,13.2000,13.0000,13.1600,96085
PLASTBOX,20201208,1.8700,1.8850,1.8600,1.8850,12400
PLAY,20201208,38.5000,38.6000,38.4400,38.5600,64055
PLAYWAY,20201208,598.0000,605.0000,584.0000,605.0000,3290
PLAZACNTR,20201208,1.6500,1.6900,1.6000,1.6900,2261
PMPG,20201208,1.9000,1.9000,1.9000,1.9000,1654
POLICE,20201208,12.1000,12.2000,12.0000,12.2000,2727
POLIMEXMS,20201208,2.2300,2.2400,2.1950,2.2400,226029
POLNORD,20201208,3.4900,3.5000,3.4900,3.5000,63537
POLWAX,20201208,3.4100,3.4100,3.3800,3.3800,5466
POZBUD,20201208,1.9400,2.3100,1.9350,2.3100,531647
PRAGMAFA,20201208,24.0000,24.0000,24.0000,24.0000,3477
PRAGMAINK,20201208,6.0200,6.2400,6.0000,6.2400,2317
PRAIRIE,20201208,0.5630,0.5690,0.5460,0.5460,428208
PRIMETECH,20201208,1.2400,1.2400,1.1400,1.1450,1067
PROCHEM,20201208,18.7000,18.7000,17.7000,18.3000,1449
PROJPRZEM,20201208,16.5000,16.5000,16.2000,16.5000,22
PROTEKTOR,20201208,4.0600,4.0800,3.8800,4.0000,77772
PROVIDENT,20201208,4.8250,4.8250,4.6200,4.6950,27662
PULAWY,20201208,87.0000,87.6000,87.0000,87.6000,520
PUNKPIRAT,20201208,0.6700,0.6850,0.6400,0.6850,35221
PZU,20201208,27.8000,28.0700,27.4000,28.0000,2957611
PZUAKORD,20201208,120.8200,120.8200,120.8200,120.8200,125
QUERCUS,20201208,3.4000,3.4200,3.3200,3.4200,28417
R22,20201208,34.1000,35.0000,34.0000,35.0000,8833
RADPOL,20201208,2.3900,2.3900,2.3700,2.3800,6105
RAFAKO,20201208,1.0280,1.0380,1.0000,1.0100,644374
RAFAMET,20201208,13.9000,14.0000,13.9000,14.0000,504
RAINBOW,20201208,23.0000,23.6000,22.4000,23.4000,20378
RANKPROGR,20201208,1.8500,1.8700,1.8000,1.8650,74745
RAWLPLUG,20201208,8.7800,8.7800,8.6000,8.7600,1222
RCCOFFAOPEN1,20201208,2.7900,2.7900,2.7600,2.7600,30250
RCESXPP0823,20201208,1103.5000,1103.5000,1103.5000,1103.5000,121
RCESXPP08232,20201208,991.0000,991.0000,991.0000,991.0000,279
RCFL10GOLD,20201208,8.6100,8.8000,8.3900,8.6700,2025
RCFL10GOLD1,20201208,4.0000,4.0900,4.0000,4.0900,1000
RCFL10SILVE2,20201208,0.1200,0.1200,0.1200,0.1200,4000
RCFL2NAG,20201208,0.5800,0.5800,0.5800,0.5800,500
RCFL2NAG2,20201208,3.6200,3.6200,3.6200,3.6200,1250
RCFL2PKN1,20201208,7.6000,7.6000,7.4700,7.4700,5379
RCFL2PLAT1,20201208,9.1700,9.2200,9.1700,9.2200,4650
RCFL2PZU1,20201208,8.3900,8.3900,8.3900,8.3900,210
RCFL2SILVE,20201208,31.0000,31.0000,31.0000,31.0000,50
RCFL2SILVE2,20201208,17.9800,17.9800,17.9800,17.9800,100
RCFL3CCC,20201208,0.0900,0.0900,0.0900,0.0900,12000
RCFL3CCC1,20201208,19.7600,19.7600,19.1600,19.1600,800
RCFL3CDPRO1,20201208,85.0000,85.0000,74.8000,78.4000,86
RCFL3CDPRO2,20201208,7.4500,7.4500,7.3000,7.3000,501
RCFL3CORN2,20201208,13.5600,13.5600,13.5600,13.5600,70
RCFL3ENA,20201208,3.3100,3.3100,3.3100,3.3100,500
RCFL3ENIMI,20201208,1.2600,1.2600,1.2600,1.2600,54
RCFL3EUH,20201208,0.9000,0.9000,0.9000,0.9000,2803
RCFL3GOLD2,20201208,23.2000,23.3000,22.9500,23.3000,206
RCFL3JSW,20201208,0.5600,0.5700,0.5400,0.5400,955791
RCFL3JSW1,20201208,19.1200,19.1200,19.1200,19.1200,200
RCFL3KGH,20201208,9.3300,10.4000,9.3300,10.4000,331
RCFL3LTS1,20201208,0.2400,0.2700,0.2400,0.2700,221332
RCFL3MBK,20201208,1.3200,1.3400,1.2500,1.3200,29500
RCFL3NAG2,20201208,1.6700,1.6700,1.6300,1.6300,640
RCFL3OPL,20201208,5.5700,5.5700,5.5700,5.5700,400
RCFL3PALL3,20201208,1.0700,1.0700,1.0300,1.0300,2800
RCFL3PEO,20201208,1.0900,1.0900,1.0900,1.0900,1000
RCFL3PGE1,20201208,9.0800,9.1600,9.0800,9.1600,1150
RCFL3PKN,20201208,14.1800,14.2000,13.9400,13.9600,4571
RCFL3PKO,20201208,4.7500,4.7500,4.7500,4.7500,240
RCFL3PLAT1,20201208,6.0600,6.0600,6.0200,6.0400,4455
RCFL3PZU,20201208,10.6200,11.1800,10.6200,10.9000,8653
RCFL3SILVE,20201208,5.9500,5.9500,5.9500,5.9500,4321
RCFL3SILVE3,20201208,16.8000,17.1000,16.8000,17.1000,34
RCFL3TEN,20201208,5.5100,5.6600,5.3500,5.6100,5700
RCFL3TPE,20201208,5.4000,6.1800,5.4000,6.1800,3406
RCFL3W20,20201208,29.8000,29.8000,29.8000,29.8000,52
RCFL3WHT3,20201208,8.0300,8.0300,8.0300,8.0300,250
RCFL4CDPRO,20201208,38.2000,39.9000,29.9500,33.2000,26190
RCFL4CDPRO1,20201208,6.5000,6.7200,5.1200,5.5800,36616
RCFL4DNP,20201208,33.2000,33.2000,33.2000,33.2000,350
RCFL4GAMES,20201208,59.9000,61.9000,57.6000,60.1000,1540
RCFL4GOLD,20201208,21.1500,21.2500,21.1500,21.2500,114
RCFL4KGH1,20201208,171.0000,171.0000,171.0000,171.0000,20
RCFL4PALL2,20201208,1.0500,1.0500,1.0500,1.0500,1000
RCFL4PGN1,20201208,24.4500,24.4500,24.4500,24.4500,138
RCFL4PGN2,20201208,7.3100,7.3100,7.2600,7.2600,1720
RCFL4PKN,20201208,0.1500,0.1500,0.1400,0.1500,39672
RCFL4PKN1,20201208,3.3100,3.3100,3.2600,3.3000,13366
RCFL4PKO,20201208,0.5300,0.5300,0.5200,0.5300,202020
RCFL4PLAT2,20201208,11.3800,11.3800,11.3800,11.3800,2000
RCFL4PZU,20201208,0.4900,0.5200,0.4900,0.5000,70350
RCFL4PZU1,20201208,7.7100,7.7100,7.7100,7.7100,1300
RCFL4SILVE1,20201208,5.8300,5.8300,5.7200,5.7200,411
RCFL4SILVE2,20201208,8.3700,8.3700,8.1400,8.1400,1600
RCFL4SILVE3,20201208,17.7400,17.7400,17.7400,17.7400,25
RCFL5ALE,20201208,10.6000,12.3800,10.5800,12.3800,2980
RCFL5COFF4,20201208,6.0600,6.4800,6.0600,6.4800,110
RCFL5COPP,20201208,10.6600,10.6600,10.6600,10.6600,100
RCFL5GOLD,20201208,21.1000,21.6000,21.1000,21.1500,157
RCFL5MWIG40,20201208,2.3500,2.3500,2.3500,2.3500,300
RCFL5NAG4,20201208,1.0000,1.0000,0.9800,0.9900,18663
RCFL5SILVE,20201208,1.2100,1.2300,1.2100,1.2300,1000
RCFL5SILVE1,20201208,2.9700,2.9700,2.9700,2.9700,70
RCFL5SUGA1,20201208,1.1700,1.1700,1.1700,1.1700,1000
RCFL6COPP1,20201208,13.3400,13.3400,13.3400,13.3400,100
RCFL6GOLD1,20201208,10.1800,10.2400,10.0000,10.2400,1250
RCFL6PALL,20201208,0.0800,0.0800,0.0800,0.0800,2300
RCFL6SILVE,20201208,1.3600,1.4000,1.3600,1.4000,15011
RCFL6W20,20201208,15.5000,16.9600,15.5000,16.9600,1399
RCFL6W201,20201208,0.5600,0.5600,0.5600,0.5600,200
RCFL7NAG,20201208,0.1400,0.1400,0.1400,0.1400,34161
RCFL8COCO,20201208,0.9100,0.9100,0.9100,0.9100,3074
RCFL8OIL2,20201208,11.9600,11.9600,11.9600,11.9600,200
RCFODAOPEN,20201208,40.6000,40.6000,40.6000,40.6000,100
RCFS10SILVE2,20201208,2.2700,2.2700,2.1900,2.1900,1023
RCFS2COPP,20201208,2.7000,2.7000,2.7000,2.7000,500
RCFS2KGH,20201208,2.0000,2.0200,1.8300,1.8300,5000
RCFS2W20,20201208,46.9000,47.2000,46.9000,47.2000,400
RCFS3CDPRO,20201208,2.2300,2.4600,2.2300,2.4600,4100
RCFS3COPP,20201208,1.2000,1.2100,1.2000,1.2100,10001
RCFS3FDX,20201208,4.3300,4.3300,4.3300,4.3300,104
RCFS3KGH,20201208,0.0700,0.0700,0.0700,0.0700,90100
RCFS3KGH1,20201208,3.3100,3.3900,2.8700,2.8700,12034
RCFS3LPP,20201208,0.2400,0.2400,0.2400,0.2400,1200
RCFS3PGE,20201208,1.1200,1.1200,1.1200,1.1200,100
RCFS3PKO,20201208,2.6500,2.6700,2.6500,2.6700,1000
RCFS3TPE,20201208,0.7100,0.7100,0.6500,0.6500,51
RCFS4CDPRO,20201208,0.0300,0.0300,0.0300,0.0300,100
RCFS4CDPRO1,20201208,1.0400,1.1700,0.9900,1.1100,258095
RCFS4DNP,20201208,2.2600,2.2600,2.1800,2.1800,4600
RCFS4KGH,20201208,0.0300,0.0300,0.0200,0.0300,81000
RCFS4KGH1,20201208,2.0800,2.0800,1.6100,1.6600,28226
RCFS4PKN,20201208,3.7300,3.8300,3.7300,3.8300,14350
RCFS4PKO,20201208,2.8800,2.8800,2.8800,2.8800,17000
RCFS5COFF1,20201208,3.2900,3.2900,3.2900,3.2900,30
RCFS5FW20,20201208,2.0000,2.0000,1.9800,1.9800,5077
RCFS5OIL4,20201208,2.9800,2.9800,2.9800,2.9800,50
RCFS6COCO1,20201208,1.5000,1.5700,1.5000,1.5700,900
RCFS6COCO2,20201208,9.2800,9.2800,9.2800,9.2800,1000
RCFS6COPP1,20201208,1.0900,1.1200,1.0900,1.1200,1285
RCFS6W201,20201208,1.4200,1.4200,1.3300,1.3500,24064
RCGBSH0522,20201208,1046.0000,1046.0000,1046.0000,1046.0000,150
RCGBSK0721,20201208,1052.0000,1052.0000,1052.0000,1052.0000,60
RCGLDAOPEN,20201208,696.0000,696.0000,696.0000,696.0000,5
RCGSDGP0921,20201208,1013.0000,1013.0000,1013.0000,1013.0000,101
RCGSXHC0122,20201208,1151.5000,1151.5000,1151.5000,1151.5000,50
RCLCOFFAOPEN,20201208,4.1300,4.1300,4.1300,4.1300,400
RCLGAMESAOPEN,20201208,323.5000,323.5000,323.5000,323.5000,11
RCRPGN1021,20201208,978.0000,978.0000,978.0000,978.0000,1
RCSILAOPEN,20201208,94.0000,96.0000,94.0000,96.0000,58
RCTSCDPRO2,20201208,15.5600,15.5600,15.5600,15.5600,44
RCTSJSW2,20201208,1.0800,1.0800,1.0800,1.0800,3999
RCTSKRU1,20201208,4.2300,4.3900,4.2200,4.3900,3600
RCTSLTS,20201208,0.9500,0.9900,0.9100,0.9900,6000
RCW20AOPEN,20201208,19.3400,19.3400,19.3400,19.3400,150
REDAN,20201208,0.1900,0.1900,0.1840,0.1840,35417
REINO,20201208,1.4400,1.4400,1.4400,1.4400,2
RELPOL,20201208,5.3000,5.4800,5.3000,5.4800,6599
REMAK,20201208,10.1500,10.1500,9.9800,9.9800,4440
RONSON,20201208,1.3500,1.3850,1.3350,1.3600,26998
ROPCZYCE,20201208,23.6000,24.0000,23.5000,23.5000,475
RYVU,20201208,48.4000,50.2000,48.4000,49.9000,9662
SANOK,20201208,19.5500,19.6000,18.8500,19.1000,15674
SANPL,20201208,183.0000,184.9000,180.7000,184.7000,61575
SANTANDER,20201208,12.4000,12.5380,12.1000,12.3000,16513
SANWIL,20201208,2.9000,3.1400,2.7200,3.1400,314774
SECOGROUP,20201208,13.7000,13.9000,13.5000,13.9000,207
SEKO,20201208,8.8500,8.8500,8.8000,8.8000,770
SELENAFM,20201208,17.1000,17.1000,16.7000,16.7000,2716
SELVITA,20201208,48.0000,48.5000,47.4000,48.5000,961
SERINUS,20201208,0.2240,0.2260,0.2120,0.2180,1006502
SESCOM,20201208,27.8000,29.0000,27.8000,29.0000,547
SFINKS,20201208,0.3500,0.3500,0.3300,0.3390,27188
SILVANO,20201208,7.2800,7.4600,7.2800,7.3800,542
SIMPLE,20201208,12.7000,12.8000,12.0000,12.8000,261
SKARBIEC,20201208,25.1000,25.4000,25.0000,25.3000,4161
SKOTAN,20201208,1.7200,1.7600,1.7100,1.7100,9420
SKYLINE,20201208,0.6500,0.6500,0.6500,0.6500,838
SNIEZKA,20201208,88.0000,89.0000,84.2000,85.6000,1283
SOLAR,20201208,4.0500,4.0700,4.0200,4.0200,143
SONEL,20201208,9.3000,9.3000,9.3000,9.3000,565
SOPHARMA,20201208,10.1000,10.2000,9.3500,9.5500,2872
STALEXP,20201208,3.1700,3.2100,3.1700,3.2100,71910
STALPROD,20201208,210.5000,224.5000,209.0000,223.0000,2733
STALPROFI,20201208,6.4600,6.4600,6.1600,6.4200,31108
STAPORKOW,20201208,2.4800,2.5200,2.4600,2.4800,6405
STARHEDGE,20201208,0.4300,0.4400,0.4230,0.4300,8907
SUNEX,20201208,4.5500,4.6400,4.5200,4.6000,24200
SUWARY,20201208,15.2000,15.2000,15.2000,15.2000,2
SWISSMED,20201208,8.4400,10.5000,8.1000,10.5000,197620
SYGNITY,20201208,8.5000,8.5000,8.2600,8.3800,5792
SYNEKTIK,20201208,27.9000,29.4000,27.8000,28.5000,11618
TALEX,20201208,11.3000,11.3000,11.3000,11.3000,22
TAURONPE,20201208,2.1800,2.3020,2.1560,2.3020,7925551
TBULL,20201208,30.0000,30.2000,29.3000,29.8000,9588
TERMOREX,20201208,0.8600,0.8600,0.8600,0.8600,700
TESGAS,20201208,4.7800,4.7800,4.5800,4.6600,31497
TIM,20201208,19.0000,19.5000,19.0000,19.4000,41146
TORPOL,20201208,11.8000,11.8000,11.4500,11.7000,47767
TOWERINVT,20201208,12.7000,13.0000,12.7000,13.0000,721
TOYA,20201208,6.0800,6.0800,5.9800,6.0000,56054
TRAKCJA,20201208,1.8240,1.8400,1.8100,1.8120,154975
TRANSPOL,20201208,2.8000,2.8100,2.7800,2.8100,11857
TRIGONPP,20201208,46.0000,48.2000,46.0000,48.2000,297
TRITON,20201208,2.1700,2.1700,2.0800,2.1600,1411
TSGAMES,20201208,519.0000,529.0000,513.0000,526.0000,18595
ULMA,20201208,46.4000,46.4000,45.0000,45.4000,94
ULTGAMES,20201208,32.2000,32.4500,31.5000,32.0000,23963
UNIBEP,20201208,7.9400,8.0400,7.8600,8.0400,688
UNICREDIT,20201208,36.7000,36.7000,35.2000,35.5500,602
UNIMA,20201208,3.0400,3.0400,2.9800,3.0000,1950
UNIMOT,20201208,32.0000,32.2000,31.3500,31.5000,16522
URSUS,20201208,0.7250,0.7600,0.7100,0.7500,307112
VENTUREIN,20201208,1.9000,1.9100,1.8100,1.9100,1940
VIGOSYS,20201208,565.0000,570.0000,560.0000,570.0000,117
VINDEXUS,20201208,4.7000,4.7600,4.5100,4.6000,11769
VISTAL,20201208,2.6500,2.7150,2.5750,2.7100,46451
VIVID,20201208,1.8080,1.8280,1.7760,1.7900,23484
VOTUM,20201208,12.8000,12.8000,12.3000,12.3000,8819
VOXEL,20201208,40.9000,40.9000,40.5000,40.9000,3334
VRG,20201208,2.4200,2.4350,2.3800,2.4300,18503
WARIMPEX,20201208,5.0800,5.0800,5.0800,5.0800,246
WASKO,20201208,1.2200,1.2400,1.2000,1.2000,33103
WAWEL,20201208,570.0000,570.0000,568.0000,570.0000,216
WIELTON,20201208,5.8800,5.8800,5.7500,5.8400,64082
WIKANA,20201208,2.1400,2.2000,2.1000,2.1600,11784
WIRTUALNA,20201208,82.2000,82.2000,80.0000,81.6000,203
WITTCHEN,20201208,8.4800,8.5000,8.3400,8.5000,5912
WOJAS,20201208,5.0500,5.1000,4.9400,4.9800,1225
WORKSERV,20201208,1.5980,1.6400,1.4500,1.5480,1778245
XTB,20201208,16.0500,16.8000,16.0000,16.7500,507245
XTPL,20201208,78.4000,79.0000,77.0000,78.0000,2351
ZAMET,20201208,0.7800,0.8000,0.7800,0.8000,38412
ZASTAL,20201208,30.8000,30.8000,29.4000,30.0000,715
ZEPAK,20201208,9.7400,9.7400,9.4600,9.4600,13730
ZPUE,20201208,146.0000,146.0000,145.0000,145.5000,303
ZREMB,20201208,0.6650,0.6650,0.6050,0.6450,47267
ZUE,20201208,3.6400,3.6800,3.5200,3.6600,1891
ZYWIEC,20201208,500.0000,500.0000,494.0000,500.0000,95
INVESTORMS,20201208,4151.3500,4186.9000,4151.3500,4186.9000,275560.116
MWIG40,20201208,3815.8800,3859.0100,3806.9700,3857.0500,175643.786
MWIG40DVP,20201208,63.1100,63.1100,63.1100,63.1100,175643.786
MWIG40TR,20201208,5053.9400,5108.4500,5043.9200,5108.4500,175643.786
SWIG80,20201208,15287.4200,15365.5500,15272.8300,15365.5500,30177.599
SWIG80DVP,20201208,311.2700,311.2700,311.2700,311.2700,30177.599
SWIG80TR,20201208,19802.8500,19904.0600,19785.7800,19904.0600,30177.599
WIG,20201208,55289.1800,56011.8900,55147.1800,56011.8900,1855917.724
WIG-BANKI,20201208,4667.8200,4683.7300,4643.7700,4680.3900,166970.741
WIG-BUDOW,20201208,3270.6700,3348.0000,3267.9900,3348.0000,8241.917
WIG-CEE,20201208,1192.7700,1197.3800,1189.4300,1197.3800,4911.468
WIG-CHEMIA,20201208,7457.7800,7675.6100,7399.8700,7675.6100,6884.698
WIG-ENERG,20201208,1771.4000,1827.1800,1769.5500,1824.7900,44646.300
WIG-ESG,20201208,9137.7000,9218.7000,9109.8500,9218.7000,1710720.182
WIG-GORNIC,20201208,5383.6800,5649.0700,5332.2100,5649.0700,172124.165
WIG-INFO,20201208,3728.0100,3728.6000,3700.6600,3728.6000,9437.001
WIG-LEKI,20201208,5028.9500,5136.3500,4979.9400,5136.3500,18234.335
WIG-MEDIA,20201208,5517.0500,5520.8700,5402.9200,5471.4900,320.878
WIG-MOTO,20201208,4078.1900,4080.1900,4028.9300,4044.7600,8830.365
WIG-NRCHOM,20201208,2309.1800,2321.4600,2296.0000,2296.5400,3584.469
WIG-ODZIEZ,20201208,4503.6500,4506.6700,4386.4800,4445.4800,57306.404
WIG-PALIWA,20201208,4869.3400,4959.8800,4865.2800,4940.4600,221776.533
WIG-POLAND,20201208,56595.4300,57252.0800,56595.4300,57252.0800,1848721.259
WIG-SPOZYW,20201208,3459.9300,3481.4500,3438.3000,3472.7300,5343.590
WIG-TELKOM,20201208,922.7800,937.7500,911.2300,929.9800,31281.968
WIG-UKRAIN,20201208,437.5600,438.9400,437.0400,438.9400,4275.511
WIG.GAMES,20201208,31725.3300,32341.9500,31625.5000,32059.3800,760483.697
WIG.MS-BAS,20201208,10325.4400,10772.4400,10303.2500,10772.4400,213530.085
WIG.MS-FIN,20201208,6982.8600,7020.7300,6928.9300,7020.7300,226445.541
WIG.MS-PET,20201208,6447.8200,6563.4700,6423.5200,6563.1900,227623.857
WIG20,20201208,1941.1400,1970.2700,1933.6800,1970.2700,1630780.997
WIG20DVP,20201208,10.3700,10.3700,10.3700,10.3700,1630780.997
WIG20LEV,20201208,411.1500,423.6000,407.9600,423.6000,1630780.997
WIG20SHORT,20201208,3678.6700,3692.5600,3624.4400,3624.4400,1630780.997
WIG20TR,20201208,3555.2900,3608.6500,3547.2900,3608.6500,1630780.997
WIG30,20201208,2234.7100,2267.5300,2228.3400,2267.5300,1679637.175
WIG30TR,20201208,4047.9400,4098.3900,4047.9400,4098.3900,1679637.175
WIGDIV,20201208,1045.8100,1055.8100,1043.9300,1055.8100,166394.956
WIGTECH,20201208,14541.0300,14604.3400,14541.0300,14604.3400,0.000
WIGTECHTR,20201208,14893.5400,14989.6100,14861.4500,14989.6100,0.000
