06MAGNA,20201102,1.3600,1.4800,1.2700,1.4300,222173
11BIT,20201102,481.0000,492.0000,474.0000,488.5000,8618
4FUNMEDIA,20201102,4.3000,4.5100,4.3000,4.4200,5304
ABPL,20201102,26.6000,26.6000,24.8000,25.9000,3007
ACAUTOGAZ,20201102,37.0000,37.0000,36.0000,36.9000,563
ACTION,20201102,3.9900,4.1400,3.9900,4.1400,12137
ADIUVO,20201102,5.7000,5.8000,5.5600,5.8000,1358
AGORA,20201102,4.4400,4.7800,4.4400,4.6100,40987
AGROTON,20201102,3.7900,3.8500,3.7900,3.8300,2254
AIGAMES,20201102,15.6000,18.7500,15.6000,18.7500,113496
AILLERON,20201102,6.8000,7.0000,6.8000,6.9800,4830
AIRWAY,20201102,2.0700,2.2500,2.0300,2.2100,969795
ALIOR,20201102,11.5000,11.9900,11.3600,11.7750,451688
ALLEGRO,20201102,81.2000,85.4400,81.1800,84.1700,2942285
ALTA,20201102,1.0500,1.1000,1.0500,1.1000,24710
ALTUSTFI,20201102,0.7060,0.7700,0.7060,0.7680,19326
ALUMETAL,20201102,36.0000,36.4000,35.7000,36.0000,2886
AMBRA,20201102,16.4000,17.2500,16.4000,17.1500,615
AMICA,20201102,140.0000,143.4000,137.2000,143.2000,1692
AMREST,20201102,13.9600,15.1000,13.6400,14.9000,227566
APATOR,20201102,18.9000,19.6000,18.9000,19.6000,57945
APLISENS,20201102,10.7000,10.7000,10.7000,10.7000,2
APSENERGY,20201102,1.5500,1.7000,1.5500,1.7000,5516
ARCHICOM,20201102,18.3500,19.0000,18.2500,18.5000,2640
ARCTIC,20201102,3.7300,3.8800,3.7300,3.8200,13241
ARTIFEX,20201102,8.1000,8.9000,8.1000,8.8000,8909
ASBIS,20201102,6.2500,6.7900,6.2500,6.7800,511383
ASMGROUP,20201102,2.0000,2.0000,2.0000,2.0000,3750
ASSECOBS,20201102,35.0000,35.0000,32.6000,32.8000,3229
ASSECOPOL,20201102,64.6000,64.7000,63.5000,63.6000,83832
ASSECOSEE,20201102,38.3000,41.0000,38.0000,39.8000,9133
ASTARTA,20201102,18.2500,19.1500,18.2000,19.1000,12044
ATAL,20201102,28.3000,29.8000,28.3000,29.8000,824
ATENDE,20201102,2.8600,2.9400,2.8600,2.9400,8517
ATLANTAPL,20201102,5.8000,6.2000,5.8000,6.2000,2000
ATLANTIS,20201102,0.6500,0.6500,0.6500,0.6500,3980
ATMGRUPA,20201102,3.4200,3.6700,3.4100,3.6500,4183
ATREM,20201102,1.9150,2.0900,1.9150,2.0900,8732
AUTOCALLSX7E,20201102,559.0000,562.0000,559.0000,562.0000,65
AUTOPARTN,20201102,6.5000,6.9600,6.5000,6.6000,162871
BAHOLDING,20201102,0.5990,0.6640,0.5990,0.6400,288045
BBIDEV,20201102,3.3600,3.6300,3.3600,3.6300,214
BEDZIN,20201102,8.9000,8.9000,8.9000,8.9000,1829
BENEFIT,20201102,559.0000,565.0000,534.0000,536.0000,693
BEST,20201102,16.0000,16.0000,16.0000,16.0000,6
BETACOM,20201102,10.0500,10.3500,10.0000,10.0000,218
BETAM40TR,20201102,45.2800,45.8000,45.2000,45.5200,11632
BETAW20LV,20201102,23.9900,25.1300,23.9900,24.8000,9486
BETAW20ST,20201102,483.1000,483.1000,472.0000,475.9000,2244
BETAW20TR,20201102,26.1700,26.6300,26.1550,26.5100,9029
BIK,20201102,12.8000,12.8000,11.7000,12.8000,938
BIOMEDLUB,20201102,16.0000,16.7000,15.3000,16.2500,687513
BIOTON,20201102,4.1550,4.4850,4.1550,4.3300,104847
BNPPENDL0622,20201102,993.0000,993.0000,993.0000,993.0000,20
BNPPGOLD0223,20201102,997.5000,997.5000,997.5000,997.5000,60
BNPPPL,20201102,34.3000,34.3000,33.5000,33.5000,696
BNPPSOHU0923,20201102,973.0000,973.0000,973.0000,973.0000,10
BNPPSX7E0321,20201102,585.5000,585.5000,585.5000,585.5000,100
BNPPSXPP0221,20201102,916.0000,916.0000,916.0000,916.0000,60
BOGDANKA,20201102,14.8200,15.4000,14.8200,15.4000,24333
BOOMBIT,20201102,20.0000,20.5000,19.5200,20.1000,6424
BORYSZEW,20201102,2.6600,2.7100,2.6600,2.7000,101944
BOS,20201102,4.6000,4.8000,4.6000,4.6400,4909
BOWIM,20201102,1.8600,1.9600,1.8600,1.9000,7204
BRASTER,20201102,0.4920,0.5150,0.4710,0.5050,99371
BUDIMEX,20201102,227.5000,238.0000,227.5000,236.0000,1273
BUMECH,20201102,1.8800,1.8800,1.8050,1.8700,8542
CCC,20201102,39.3000,39.7000,38.0000,38.8000,161966
CDPROJEKT,20201102,343.6000,348.8000,341.4000,342.7000,463670
CDRL,20201102,12.5500,12.7000,12.5500,12.7000,594
CEZ,20201102,74.0000,75.9000,74.0000,75.9000,228
CFI,20201102,0.1690,0.1700,0.1650,0.1690,46727
CIECH,20201102,26.0000,27.7000,25.7000,27.0000,138707
CIGAMES,20201102,1.0820,1.1320,1.0820,1.1140,593911
CLNPHARMA,20201102,35.2000,36.0000,34.3000,34.5000,25201
CNT,20201102,12.2000,12.8000,12.2000,12.4000,138
COALENERG,20201102,0.5200,0.6250,0.5150,0.6200,136797
COGNOR,20201102,1.1200,1.1650,1.1200,1.1450,50900
COMARCH,20201102,190.0000,198.0000,190.0000,198.0000,794
COMP,20201102,53.4000,53.6000,52.0000,52.8000,4640
COMPERIA,20201102,2.3200,2.3200,2.3200,2.3200,222
CORMAY,20201102,1.5500,1.5900,1.5000,1.5500,475933
CPGROUP,20201102,6.0400,6.0400,5.8600,6.0000,215
CYFRPLSAT,20201102,24.7200,25.9400,24.7200,25.1800,350046
DATAWALK,20201102,170.0000,176.0000,170.0000,174.0000,1674
DEBICA,20201102,69.0000,72.0000,69.0000,71.4000,556
DECORA,20201102,28.8000,29.7000,28.8000,29.7000,1641
DEKPOL,20201102,20.0000,21.4000,19.8000,21.4000,966
DELKO,20201102,14.2000,15.3000,14.2000,15.3000,20732
DEVELIA,20201102,1.6000,1.6760,1.6000,1.6500,1660741
DGA,20201102,4.4800,4.7400,4.4800,4.7400,967
DIGITREE,20201102,5.3500,5.5000,5.3500,5.5000,217
DINOPL,20201102,218.8000,230.0000,218.2000,226.6000,151000
DOMDEV,20201102,96.4000,96.4000,96.0000,96.4000,521
DROZAPOL,20201102,1.5500,1.7000,1.5500,1.7000,357
ECHO,20201102,3.7400,3.8600,3.7400,3.8500,16893
EDINVEST,20201102,3.1000,3.1000,3.1000,3.1000,133
EKOEXPORT,20201102,2.9250,3.0550,2.8500,3.0550,32111
ELBUDOWA,20201102,0.5860,0.6380,0.5700,0.6330,95349
ELEKTROTI,20201102,4.9700,4.9900,4.9100,4.9800,254
ELEMENTAL,20201102,2.3850,2.3850,2.3650,2.3850,16914
ELKOP,20201102,0.2280,0.2470,0.2280,0.2470,22443
ELZAB,20201102,3.2000,3.6400,3.2000,3.4200,3538
EMCINSMED,20201102,13.8000,16.6000,13.8000,16.5000,1734
ENAP,20201102,1.2900,1.3000,1.2700,1.3000,5989
ENEA,20201102,4.6000,4.7300,4.4600,4.6280,1052697
ENERGA,20201102,8.3050,8.3100,8.3050,8.3050,284116
ENERGOINS,20201102,0.7400,0.7400,0.7100,0.7380,12327
ENTER,20201102,20.2000,20.2000,18.6000,19.8500,8033
ERBUD,20201102,19.3500,19.3500,18.2000,19.0000,1159
ERG,20201102,40.0000,40.0000,40.0000,40.0000,1
ESOTIQ,20201102,9.4400,9.4400,8.7400,8.7400,2317
ETFDAX,20201102,502.8000,511.2000,501.0000,508.9000,255
ETFSP500,20201102,133.0200,134.8400,132.9200,134.0400,1712
ETFW20L,20201102,190.0000,194.1000,189.9000,193.1000,3041
EUCO,20201102,3.7700,4.0700,3.7000,4.0000,5294
EUROCASH,20201102,11.6500,11.8500,11.5600,11.5900,321828
EUROHOLD,20201102,3.5000,3.5000,3.3000,3.5000,484
EUROTEL,20201102,21.0000,21.7000,20.6000,21.7000,1603
FAMUR,20201102,1.3680,1.4680,1.3680,1.4360,155725
FASING,20201102,9.0200,9.4400,9.0200,9.4400,2742
FEERUM,20201102,11.6000,11.6000,11.2000,11.2000,10
FERRO,20201102,16.7000,17.6500,16.7000,17.5000,1979
FERRUM,20201102,3.5000,3.5000,3.5000,3.5000,224
FON,20201102,0.0960,0.1040,0.0960,0.0970,260081
FORTE,20201102,35.5000,36.0000,32.3000,34.0000,18258
GAMEOPS,20201102,20.2800,22.3050,20.1000,22.1000,3802
GAMFACTOR,20201102,14.8500,14.8500,13.4980,13.8980,4430
GAMFACTOR-PDA,20201102,13.5000,14.4740,13.5000,13.5000,2183
GETIN,20201102,0.7100,0.7100,0.6805,0.7100,101836
GETINOBLE,20201102,0.1636,0.1638,0.1564,0.1626,414272
GLCOSMED,20201102,5.8000,6.3500,5.6000,6.3500,106274
GPW,20201102,43.5000,44.0000,42.8500,43.0000,51709
GROCLIN,20201102,0.9080,0.9180,0.8560,0.9180,7201
GRODNO,20201102,9.0000,10.0000,9.0000,9.8400,99796
GRUPAAZOTY,20201102,20.6000,22.0000,20.6000,21.6000,62419
GTC,20201102,5.4200,5.7000,5.4200,5.7000,29042
HANDLOWY,20201102,27.9500,28.3500,27.5500,27.7500,17813
HARPER,20201102,14.7000,17.0000,14.7000,16.8500,134274
HELIO,20201102,11.0000,11.0000,11.0000,11.0000,10
HERKULES,20201102,1.1950,1.2100,1.1200,1.2100,10085
HUBSTYLE,20201102,0.9500,0.9500,0.9000,0.9500,15323
HYDROTOR,20201102,27.2000,27.2000,26.6000,26.6000,302
IALBGR,20201102,0.2580,0.2580,0.2440,0.2440,6390
IDEABANK,20201102,1.4280,1.4280,1.3680,1.3720,70812
IDMSA,20201102,0.8100,0.8500,0.8100,0.8150,10368
IFCAPITAL,20201102,0.6900,0.6900,0.6900,0.6900,5000
IFIRMA,20201102,4.0500,4.2000,4.0300,4.2000,3491
IMCOMPANY,20201102,11.6500,12.2000,11.6500,12.2000,656
IMMOBILE,20201102,2.3400,2.3400,2.3000,2.3400,1532
IMPEL,20201102,11.5000,11.9500,11.5000,11.9500,60
IMPERA,20201102,1.0400,1.1000,1.0400,1.0400,1027
IMS,20201102,1.9500,2.0000,1.9500,2.0000,5475
INC,20201102,6.0800,6.6600,6.0800,6.3600,137694
INGBSK,20201102,104.0000,104.4000,103.0000,104.4000,37111
INPRO,20201102,4.6000,4.6000,4.3000,4.4400,752
INSTALKRK,20201102,18.3000,19.0000,18.3000,19.0000,800
INTERAOLT,20201102,14.0000,14.8500,13.8500,14.8000,16356
INTERCARS,20201102,200.0000,210.0000,200.0000,205.0000,3862
INTERSPPL,20201102,0.8300,0.8600,0.8300,0.8600,224
INTLALE35055,20201102,26.2000,28.5000,26.2000,27.0500,1748
INTLALE35170,20201102,18.1800,19.6800,17.5600,17.5600,2491
INTLBCO31179,20201102,61.0000,61.0000,61.0000,61.0000,130
INTLBCO31294,20201102,88.3000,90.2000,88.3000,90.2000,700
INTLBCO31633,20201102,13.8400,20.6500,13.8400,19.0000,1700
INTLBCO31666,20201102,25.0000,28.9000,25.0000,28.9000,10
INTLBCO31682,20201102,32.9000,37.3500,32.9000,37.3500,302
INTLBCO31690,20201102,34.6500,34.6500,34.6500,34.6500,20
INTLBND00497,20201102,154.4000,154.4000,154.4000,154.4000,6
INTLCCC31005,20201102,1.1600,1.1600,1.1600,1.1600,6000
INTLCDR23200,20201102,17.5200,17.5200,17.5200,17.5200,60
INTLCDR30478,20201102,9.5000,9.7800,9.5000,9.7800,300
INTLCDR30486,20201102,10.7600,10.8600,10.4800,10.8400,887
INTLCDR30494,20201102,12.0200,12.1000,12.0200,12.1000,1000
INTLCDR30726,20201102,8.3200,8.7300,8.1700,8.7300,3102
INTLDAX13169,20201102,168.0000,174.8000,168.0000,174.8000,14
INTLDAX29934,20201102,111.0000,111.0000,111.0000,111.0000,20
INTLDAX30601,20201102,104.0000,104.0000,104.0000,104.0000,10
INTLDAX30783,20201102,75.1000,76.0000,75.1000,76.0000,189
INTLDAX30791,20201102,86.2000,86.2000,86.2000,86.2000,10
INTLDAX31542,20201102,51.0000,58.7000,51.0000,58.3000,1234
INTLDAX31559,20201102,60.5000,65.8000,60.5000,65.8000,77
INTLDAX31872,20201102,37.3500,39.7500,36.6000,38.7000,1812
INTLDAX31880,20201102,40.8500,49.9500,40.8500,49.9500,466
INTLDAX32193,20201102,21.3500,31.3000,18.4400,29.0000,16741
INTLDNP32789,20201102,5.8300,5.8300,5.8300,5.8300,87
INTLDNP34710,20201102,4.4300,4.4300,4.2900,4.2900,17000
INTLDOW34348,20201102,58.0000,61.9000,54.0000,61.9000,876
INTLESX30817,20201102,22.0000,22.0000,22.0000,22.0000,1450
INTLESX32201,20201102,17.5000,17.5600,17.5000,17.5600,12
INTLESX32524,20201102,12.2000,12.2000,12.2000,12.2000,13
INTLEUD33860,20201102,11.6200,11.6200,11.4400,11.4400,40
INTLEUR27599,20201102,31.1000,31.1000,31.1000,31.1000,100
INTLEUR34603,20201102,24.7000,24.7000,24.7000,24.7000,200
INTLEUR35196,20201102,19.4600,19.4600,19.4600,19.4600,150
INTLGBU34850,20201102,14.8000,16.5000,14.8000,16.5000,40
INTLGBU34868,20201102,31.3000,31.3000,31.3000,31.3000,30
INTLGLD22525,20201102,247.5000,248.5000,247.5000,248.5000,9
INTLGLD30130,20201102,160.2000,160.2000,160.2000,160.2000,6
INTLGLD33100,20201102,73.1000,75.6000,73.1000,75.6000,17
INTLGLD33456,20201102,34.0000,34.6000,32.5000,34.6000,565
INTLGLD33464,20201102,46.9000,49.0000,46.6000,49.0000,62
INTLGLD33472,20201102,61.6000,61.6000,61.6000,61.6000,20
INTLJSW30569,20201102,7.8200,7.8200,7.8200,7.8200,1000
INTLJSW32136,20201102,3.8500,5.2800,3.8500,4.8200,4705
INTLJSW32144,20201102,5.6800,5.6900,5.6800,5.6900,3500
INTLKGH34793,20201102,15.4000,17.2000,14.6400,17.2000,148
INTLLTS34702,20201102,6.3400,6.5500,5.7700,5.9500,5212
INTLNDX18713,20201102,221.0000,221.0000,221.0000,221.0000,6
INTLNDX33621,20201102,38.4500,38.4500,38.4500,38.4500,60
INTLNDX34777,20201102,29.9000,31.2000,29.9000,31.2000,457
INTLPEO29439,20201102,10.4800,10.4800,10.4800,10.4800,77
INTLPGE32037,20201102,0.8500,1.0500,0.8500,0.9600,9950
INTLPGN32094,20201102,0.8100,0.8100,0.8100,0.8100,200
INTLPKN04101,20201102,7.1700,8.1500,7.1700,8.0000,5295
INTLPKN05496,20201102,4.9900,4.9900,4.9900,4.9900,607
INTLPKO29405,20201102,4.1000,4.5700,4.1000,4.5700,1400
INTLPKO29413,20201102,5.8200,6.5200,5.8200,6.4300,4354
INTLPKO30395,20201102,2.5000,3.0500,2.4900,2.9000,9087
INTLPKO30403,20201102,3.1900,3.8400,3.1900,3.8400,5600
INTLPLA30288,20201102,10.9400,10.9400,10.9400,10.9400,100
INTLPLA33084,20201102,3.4500,3.4500,3.4500,3.4500,90
INTLPZU15610,20201102,2.9600,3.5000,2.9600,3.4800,7430
INTLPZU15800,20201102,4.2000,4.7500,4.2000,4.7500,2579
INTLSLV29298,20201102,57.8000,57.8000,57.8000,57.8000,20
INTLSLV29330,20201102,62.3000,62.3000,62.3000,62.3000,15
INTLSLV29702,20201102,46.0000,46.0000,46.0000,46.0000,77
INTLSLV31617,20201102,35.7000,35.7000,35.0000,35.0000,910
INTLSLV33043,20201102,27.4000,27.4000,27.4000,27.4000,5
INTLSLV33340,20201102,13.6000,13.6000,13.0200,13.2600,445
INTLSLV33357,20201102,16.1800,17.0800,15.9800,15.9800,2550
INTLSLV34967,20201102,9.9800,10.1400,9.9800,9.9800,1757
INTLSPX32862,20201102,22.2000,22.2000,22.0500,22.0500,22
INTLSPX33894,20201102,15.6400,16.3200,15.6400,16.2000,214
INTLSPX34785,20201102,12.1400,12.1400,11.3600,11.6000,1094
INTLSPX34900,20201102,5.6400,7.2900,5.6400,6.8500,1043
INTLTNF25320,20201102,80.3000,80.3000,80.3000,80.3000,154
INTLTNF34090,20201102,42.5000,42.5000,42.5000,42.5000,105
INTLUSD20602,20201102,43.9000,43.9000,42.7500,42.7500,300
INTLUSD20842,20201102,60.3000,60.3000,58.5000,59.1000,325
INTLUSD21170,20201102,37.6500,37.6500,36.7000,37.3000,189
INTLUSD34256,20201102,32.1500,32.1500,32.1500,32.1500,100
INTLUSD34637,20201102,26.7500,27.8000,26.0000,26.0000,1223
INTLUSD35204,20201102,21.4000,21.4000,20.5500,20.8500,9907
INTLUSJ16220,20201102,20.1500,20.1500,20.1500,20.1500,25
INTLVOW11171,20201102,27.7000,27.7000,27.7000,27.7000,143
INTLW2028597,20201102,5.4900,5.4900,5.4900,5.4900,600
INTLW2028613,20201102,6.4200,6.4800,6.4200,6.4800,250
INTLW2028639,20201102,7.5300,7.6800,7.5300,7.6800,350
INTLW2028647,20201102,8.3100,8.3100,8.3100,8.3100,100
INTLW2028670,20201102,2.0700,2.0700,2.0700,2.0700,1630
INTLW2028688,20201102,2.5000,2.5000,2.5000,2.5000,250
INTLW2028704,20201102,2.6000,2.6000,2.6000,2.6000,700
INTLW2029892,20201102,1.5100,1.5600,1.4500,1.5600,3400
INTLW2029900,20201102,1.8000,1.8000,1.8000,1.8000,903
INTLW2030585,20201102,0.9000,1.2300,0.8900,1.0900,80720
INTLW2030593,20201102,1.2900,1.2900,1.2100,1.2600,5620
INTROL,20201102,2.8400,3.1800,2.8400,3.0600,42164
INTSALE35212,20201102,58.4000,59.7000,56.4000,57.8000,755
INTSALE35220,20201102,70.5000,70.7000,70.5000,70.7000,30
INTSBCO28027,20201102,57.4000,57.4000,57.4000,57.4000,10
INTSBCO28035,20201102,71.2000,71.2000,67.6000,67.6000,40
INTSBCO34447,20201102,42.3000,43.1000,36.5000,37.6500,7147
INTSBCO34454,20201102,49.1000,49.1000,45.5000,45.5000,40
INTSCDR34199,20201102,25.3000,25.3000,25.3000,25.3000,200
INTSCDR34249,20201102,17.5200,17.7200,17.5200,17.6200,1000
INTSCDR34801,20201102,14.0800,14.1800,13.8600,14.1400,1262
INTSDAX25783,20201102,97.3000,97.4000,96.1000,96.7000,759
INTSDAX25825,20201102,119.0000,119.0000,107.2000,107.2000,198
INTSDAX26591,20201102,131.4000,131.4000,122.4000,122.4000,34
INTSDAX26609,20201102,144.0000,144.0000,134.4000,136.0000,36
INTSDAX34330,20201102,89.5000,89.5000,82.4000,84.3000,1359
INTSDAX35022,20201102,80.1000,81.3000,69.0000,70.7000,1044
INTSDAX35113,20201102,56.3000,57.0000,45.3000,46.3500,13467
INTSDAX35121,20201102,67.9000,68.1000,58.7000,59.8000,199
INTSDNP34082,20201102,8.3200,8.3200,7.5200,7.5200,1526
INTSDOW24067,20201102,143.0000,143.2000,125.0000,127.0000,1636
INTSESX28878,20201102,25.2000,25.3000,24.6500,24.8500,1040
INTSEUD02683,20201102,37.1000,37.1000,37.1000,37.1000,135
INTSEUD05033,20201102,62.1000,62.1000,62.1000,62.1000,1945
INTSEUD21246,20201102,25.2500,25.2500,24.0000,24.0000,825
INTSEUR29165,20201102,20.7500,20.7500,20.7500,20.7500,80
INTSGBU31831,20201102,33.9000,35.0500,32.4000,32.4000,160
INTSGLD33480,20201102,166.2000,166.2000,166.2000,166.2000,35
INTSGLD34504,20201102,73.7000,73.7000,72.4000,72.4000,7
INTSHSC30650,20201102,18.1000,18.1000,16.7000,16.7000,608
INTSKGH33969,20201102,53.0000,53.0000,53.0000,53.0000,300
INTSKGH35154,20201102,40.2000,41.0000,38.3500,39.1500,608
INTSNAG27797,20201102,3.1800,3.1800,3.1800,3.1800,3950
INTSNDX33225,20201102,69.8000,70.6000,67.1000,70.0000,1133
INTSNDX33233,20201102,87.0000,87.0000,87.0000,87.0000,15
INTSNDX33241,20201102,100.0000,100.0000,98.6000,98.6000,91
INTSNDX33258,20201102,116.0000,116.0000,116.0000,116.0000,10
INTSNDX35147,20201102,55.9000,57.5000,54.2000,57.0000,377
INTSNKX27086,20201102,88.0000,88.0000,88.0000,88.0000,100
INTSPEO32326,20201102,30.2000,30.2000,29.6500,29.6500,3000
INTSPGE26989,20201102,4.8400,4.8400,4.8400,4.8400,250
INTSPGE34157,20201102,3.7000,3.7400,3.6400,3.7400,4000
INTSPGN34033,20201102,2.0000,2.0000,2.0000,2.0000,45
INTSPKN34173,20201102,30.3000,30.3000,29.6500,29.6500,53
INTSPKO26997,20201102,24.7000,24.7000,24.7000,24.7000,120
INTSPKO32300,20201102,11.8400,11.8400,11.0600,11.0600,7530
INTSPLA34587,20201102,6.2000,6.2000,5.8600,5.8600,1466
INTSPZU34165,20201102,16.0400,16.0400,16.0400,16.0400,2000
INTSSLV34538,20201102,20.5000,21.1500,20.2000,21.1500,210
INTSSLV34553,20201102,16.5800,16.5800,16.5800,16.5800,100
INTSSLV35030,20201102,11.0200,12.0000,11.0200,12.0000,784
INTSSPX34140,20201102,27.4000,27.5000,25.9000,25.9500,984
INTSSPX34215,20201102,38.8000,39.2000,38.8000,39.2000,49
INTSSPX34413,20201102,20.9000,21.1500,19.4000,20.2000,1287
INTSUSD32243,20201102,27.9000,27.9000,27.9000,27.9000,50
INTSUSD32698,20201102,14.9000,14.9000,14.9000,14.9000,70
INTSUSJ32714,20201102,27.3000,27.3000,27.1000,27.1000,750
INTSW2027409,20201102,5.8700,5.8700,5.8700,5.8700,600
INTSW2028464,20201102,4.1500,4.1500,3.9000,3.9800,9475
INTSW2028472,20201102,4.5500,4.5500,4.5500,4.5500,456
INTSW2028480,20201102,5.0700,5.0700,4.9600,4.9600,3582
INTSW2034264,20201102,3.1000,3.1000,2.7500,2.8200,22903
INTSW2034272,20201102,3.1100,3.1600,2.9700,3.0900,4393
INTSW2034280,20201102,3.5800,3.5800,3.2400,3.3500,3002
INTSW2034298,20201102,3.5700,3.5700,3.5700,3.5700,300
INTSW2034306,20201102,3.9900,4.0300,3.7300,3.7300,1200
INTSW2034991,20201102,2.4000,2.4100,2.0500,2.2200,32982
INTSW2035006,20201102,2.6000,2.6500,2.4100,2.4100,12958
INTSW2035014,20201102,2.8000,2.8400,2.6400,2.6600,13700
INTSW2035105,20201102,2.2100,2.2100,1.8700,1.9800,89118
INVFIZ,20201102,935.0000,935.0000,935.0000,935.0000,2
INVISTA,20201102,0.3300,0.3300,0.3300,0.3300,500
INVPEFIZ,20201102,867.7500,867.7500,867.7500,867.7500,10
IPOPEMA,20201102,3.4400,3.4400,3.3000,3.3400,14021
ITMTRADE,20201102,0.1420,0.1420,0.1305,0.1305,5249
IZOBLOK,20201102,28.3000,29.8000,28.3000,29.8000,46
IZOLACJA,20201102,1.4700,1.4700,1.3500,1.4000,1924
IZOSTAL,20201102,2.0700,2.1200,2.0700,2.1200,13327
JSW,20201102,15.4500,17.3000,15.2300,17.1000,1531558
JWCONSTR,20201102,3.0900,3.0900,3.0900,3.0900,5
JWWINVEST,20201102,2.3400,2.3500,2.3400,2.3500,100
K2INTERNT,20201102,16.8000,16.8000,16.8000,16.8000,45
KCI,20201102,0.6000,0.6300,0.6000,0.6200,6025
KERNEL,20201102,38.5000,39.2500,38.5000,39.2500,56059
KETY,20201102,409.0000,411.0000,407.5000,410.0000,14446
KGHM,20201102,118.1000,120.8000,116.5000,120.2000,343473
KGL,20201102,15.8000,15.8000,15.8000,15.8000,20
KINOPOL,20201102,6.2500,6.2500,6.2000,6.2500,21109
KOGENERA,20201102,33.0000,33.9000,33.0000,33.4000,361
KOMPAP,20201102,7.6500,7.6500,7.3000,7.6500,5
KOMPUTRON,20201102,1.7450,1.9300,1.7450,1.8500,8500
KPPD,20201102,26.4000,26.4000,25.2000,26.4000,102
KREC,20201102,7.1600,7.1600,6.6600,6.6600,1519
KREDYTIN,20201102,11.5000,11.5000,11.5000,11.5000,7
KRKA,20201102,365.0000,373.0000,365.0000,373.0000,85
KRUK,20201102,115.1000,120.5000,113.8000,115.1000,12344
KRUSZWICA,20201102,52.0000,53.4000,52.0000,53.2000,511
KRVITAMIN,20201102,20.0000,22.4000,19.9500,21.1000,15074
KSGAGRO,20201102,1.1700,1.1800,1.1000,1.1700,7302
LABOPRINT,20201102,9.9200,10.5000,9.8000,9.8000,2208
LARQ,20201102,1.8900,1.9400,1.8500,1.8500,508
LENA,20201102,3.3700,3.3700,3.2600,3.3400,10486
LENTEX,20201102,9.1600,9.1800,9.0000,9.1400,1403
LIBET,20201102,2.0900,2.0900,1.9600,2.0800,26964
LIVECHAT,20201102,96.1000,98.5000,96.1000,98.4000,36058
LMESFIZ,20201102,1049.9000,1057.0000,1049.9000,1057.0000,5
LOKUM,20201102,11.8000,11.8000,11.4000,11.6000,421
LOTOS,20201102,28.0000,28.4000,27.4000,27.6000,1181600
LPP,20201102,5160.0000,5345.0000,5160.0000,5190.0000,1683
LSISOFT,20201102,11.4000,11.6000,11.4000,11.4000,1008
LUBAWA,20201102,1.3150,1.4300,1.3000,1.4200,675638
MABION,20201102,22.0000,22.9000,21.9000,22.5000,28287
MAKARONPL,20201102,5.6000,5.7500,5.6000,5.7500,1674
MANGATA,20201102,41.0000,43.2000,41.0000,43.2000,122
MARVIPOL,20201102,4.6600,4.7800,4.6600,4.7800,6210
MASTERPHA,20201102,3.8100,4.0000,3.8100,3.8200,4876
MAXCOM,20201102,9.9000,10.2000,9.7400,10.0000,2854
MBANK,20201102,117.0000,120.8000,115.0000,116.6000,76472
MBWS,20201102,5.6000,5.6000,5.6000,5.6000,180
MCI,20201102,13.1000,14.3000,13.1000,14.1500,4702
MDIENERGIA,20201102,3.6500,3.8000,3.6400,3.7200,11657
MEDIACAP,20201102,1.9800,1.9800,1.9800,1.9800,364
MEDICALG,20201102,19.7200,26.1500,19.7200,23.8500,140102
MENNICA,20201102,16.5000,18.1000,16.4000,18.1000,245207
MERCATOR,20201102,500.0000,550.0000,485.0000,510.0000,182649
MERCOR,20201102,9.4000,9.5800,9.0000,9.3800,2243
MEXPOLSKA,20201102,1.1000,1.1200,1.0800,1.0800,652
MFO,20201102,17.4000,18.9000,17.4000,17.7000,1899
MILKILAND,20201102,0.6100,0.6440,0.6100,0.6440,8971
MILLENNIUM,20201102,2.1600,2.2100,2.1200,2.1500,1335459
MIRACULUM,20201102,1.0700,1.0700,1.0100,1.0500,25883
MIRBUD,20201102,1.6900,1.8550,1.6800,1.8400,424066
MLPGROUP,20201102,80.0000,84.0000,80.0000,84.0000,21
MLSYSTEM,20201102,63.0000,67.0000,63.0000,65.0000,25162
MOBRUK,20201102,320.0000,352.0000,318.0000,352.0000,282
MOJ,20201102,1.3100,1.3200,1.3100,1.3200,74420
MOL,20201102,19.4900,19.4900,19.2500,19.2500,690
MONNARI,20201102,1.4350,1.4350,1.3800,1.4150,10198
MOSTALPLC,20201102,7.9000,8.1000,7.8000,8.1000,1123
MOSTALWAR,20201102,3.6800,3.8800,3.6800,3.8800,2250
MOSTALZAB,20201102,0.8180,0.8660,0.8000,0.8220,121807
MUZA,20201102,2.4000,2.4000,2.3000,2.3000,2100
MWTRADE,20201102,1.5300,1.5500,1.5200,1.5500,3570
NANOGROUP,20201102,9.0000,9.0000,7.7500,9.0000,241842
NETIA,20201102,4.5000,4.5100,4.5000,4.5100,1304
NEUCA,20201102,520.0000,536.0000,515.0000,536.0000,1929
NEWAG,20201102,21.5000,23.8000,21.3000,23.8000,4453
NEXITY,20201102,16.8000,17.5000,16.8000,17.5000,775
NOVAVISGR,20201102,1.8100,1.8100,1.6500,1.7000,11323
NOVITA,20201102,121.5000,128.0000,121.5000,128.0000,352
NTTSYSTEM,20201102,2.5300,2.7800,2.5300,2.7000,15025
OAT,20201102,15.5000,16.4000,15.5000,16.0000,23294
ODLEWNIE,20201102,3.8900,4.0000,3.8900,3.9000,15259
OEX,20201102,14.5000,15.0000,14.5000,14.7000,3031
OPENFIN,20201102,0.7600,0.7600,0.7200,0.7200,8892
OPONEO.PL,20201102,29.9000,30.9000,29.3000,30.8000,10585
OPTEAM,20201102,26.6000,26.6000,25.0000,26.0000,3371
ORANGEPL,20201102,6.1000,6.4650,6.0750,6.2300,1958292
ORCOGROUP,20201102,1.1000,1.1000,1.0900,1.1000,795
ORZBIALY,20201102,10.0000,10.9000,10.0000,10.9000,4903
OTLOG,20201102,4.3000,4.3000,4.3000,4.3000,5
OTMUCHOW,20201102,1.2100,1.2100,1.2100,1.2100,24
OVOSTAR,20201102,68.0000,68.0000,68.0000,68.0000,1
PAMAPOL,20201102,1.2600,1.3000,1.2600,1.3000,8301
PANOVA,20201102,9.7800,9.8000,8.8800,9.8000,1296
PATENTUS,20201102,0.9000,0.9000,0.8600,0.9000,9994
PBKM,20201102,76.0000,76.0000,74.0000,74.0000,214
PCCEXOL,20201102,3.2800,3.5500,3.2500,3.4100,395940
PCCROKITA,20201102,41.5000,43.6000,41.5000,43.5000,6499
PEKABEX,20201102,13.3500,13.5000,13.0500,13.2500,1538
PEKAO,20201102,42.5100,43.8200,42.1000,43.5500,1033621
PEMANAGER,20201102,13.8000,14.8000,13.8000,14.0500,11922
PEP,20201102,41.1000,45.6000,41.1000,45.1000,7052
PEPEES,20201102,1.3400,1.3500,1.2600,1.3500,6425
PGE,20201102,4.6800,4.9080,4.5400,4.6700,3922024
PGNIG,20201102,4.1700,4.2750,4.1520,4.1890,5325400
PGO,20201102,0.9400,0.9800,0.9400,0.9800,1522
PGSSOFT,20201102,10.2000,10.5500,10.0000,10.0000,14235
PHARMENA,20201102,13.6000,14.4000,13.0000,14.4000,27658
PHN,20201102,9.2000,9.2000,8.9800,9.0000,5349
PKNORLEN,20201102,38.5200,38.9900,38.0000,38.9100,1237227
PKOASZEWZ,20201102,96.0100,96.0100,96.0100,96.0100,25
PKOBP,20201102,19.1800,19.8900,18.9700,19.6800,5016205
PKOGS,20201102,90.4200,90.4200,90.4200,90.4200,370
PKPCARGO,20201102,9.1400,9.8000,9.1400,9.6000,45725
PLASTBOX,20201102,1.7500,1.7550,1.7500,1.7500,62170
PLAY,20201102,38.7800,38.8400,38.7600,38.7600,1353009
PLAYWAY,20201102,516.0000,534.0000,516.0000,527.0000,5598
PLAZACNTR,20201102,1.5200,1.6500,1.5200,1.6500,960
PMPG,20201102,1.6000,1.6000,1.5000,1.5000,6332
POLICE,20201102,10.9000,11.1000,10.9000,11.1000,371
POLIMEXMS,20201102,1.6920,1.7740,1.6920,1.7440,170336
POLNORD,20201102,2.9300,3.0600,2.9050,2.9900,28960
POLWAX,20201102,2.6200,2.7500,2.6200,2.6400,16306
POLWAX-PDA,20201102,2.5700,2.6500,2.5700,2.5700,19633
POZBUD,20201102,1.8550,1.9300,1.8550,1.8900,18705
PRAGMAFA,20201102,17.6000,18.4000,17.6000,18.2000,3442
PRAGMAINK,20201102,7.4400,7.4400,7.4400,7.4400,10
PRAIRIE,20201102,0.5370,0.5560,0.5060,0.5560,73216
PRIMETECH,20201102,1.0150,1.1000,1.0150,1.0400,1158
PROCHEM,20201102,19.0000,19.0000,19.0000,19.0000,6
PROJPRZEM,20201102,14.3500,14.3500,14.3500,14.3500,50
PROTEKTOR,20201102,4.1000,4.4000,4.1000,4.3000,20418
PROVIDENT,20201102,3.0150,3.0150,2.9200,2.9900,25008
PULAWY,20201102,75.0000,79.4000,74.6000,74.6000,274
PUNKPIRAT,20201102,0.5800,0.6200,0.5650,0.6200,74410
PZU,20201102,21.8700,22.3000,21.5600,22.1600,3201750
PZUAKORD,20201102,117.8500,117.8500,117.8500,117.8500,256
QMULTIFIZ,20201102,1103.1000,1120.1000,1102.0000,1110.1000,97
QUERCUS,20201102,2.8200,2.8700,2.6400,2.8100,62410
R22,20201102,30.1000,31.9000,30.1000,31.9000,6434
RADPOL,20201102,2.3800,2.3800,2.2000,2.2500,7401
RAFAKO,20201102,0.6190,0.6480,0.6000,0.6170,801210
RAFAMET,20201102,14.0000,14.0000,14.0000,14.0000,3
RAINBOW,20201102,10.2500,11.2000,10.2500,10.9500,6344
RANKPROGR,20201102,1.2700,1.3400,1.2700,1.3250,45069
RAWLPLUG,20201102,7.2600,7.3200,7.2000,7.2000,63
RCCOCOOPEN,20201102,83.2000,83.2000,83.2000,83.2000,60
RCCOFFAOPEN1,20201102,2.6500,2.6500,2.6500,2.6500,200
RCESX5E06232,20201102,980.5000,980.5000,980.5000,980.5000,15
RCESX7E0923,20201102,602.5000,602.5000,602.5000,602.5000,25
RCESXPP0924,20201102,994.5000,994.5000,994.5000,994.5000,20
RCEW200325,20201102,881.0000,881.0000,881.0000,881.0000,15
RCFL10SILVE2,20201102,0.4800,0.4800,0.4000,0.4000,6300
RCFL2COCO,20201102,7.1800,7.1800,7.1800,7.1800,2
RCFL2LIGH,20201102,0.2500,0.2500,0.2500,0.2500,1094
RCFL2OIL,20201102,1.7500,1.7500,1.7400,1.7400,2000
RCFL2PLAT1,20201102,6.9400,6.9400,6.9400,6.9400,200
RCFL2SOY,20201102,7.7400,7.7400,7.7400,7.7400,2
RCFL3ALR1,20201102,2.7800,3.0900,2.7800,3.0400,1946
RCFL3CCC1,20201102,3.7400,3.9700,3.7400,3.7400,1900
RCFL3CDPRO1,20201102,56.0000,58.0000,56.0000,58.0000,102
RCFL3COFF,20201102,0.4000,0.4000,0.4000,0.4000,5000
RCFL3CORN,20201102,2.0500,2.0500,2.0500,2.0500,4
RCFL3EAD,20201102,0.4200,0.4200,0.4200,0.4200,4750
RCFL3EUH,20201102,0.5000,0.5000,0.5000,0.5000,14103
RCFL3GASO2,20201102,3.7800,4.3600,3.7800,4.3600,550
RCFL3GOLD,20201102,70.6000,70.6000,70.6000,70.6000,141
RCFL3JSW,20201102,0.1600,0.2100,0.1600,0.2000,1183960
RCFL3JSW1,20201102,6.1200,6.6300,6.0300,6.6300,1960
RCFL3LTS1,20201102,0.1100,0.1100,0.1000,0.1100,33098
RCFL3MBK,20201102,0.4900,0.5300,0.4900,0.5000,30208
RCFL3MSFIN,20201102,0.7200,0.7700,0.7200,0.7700,7500
RCFL3MWIG40,20201102,4.0000,4.0000,4.0000,4.0000,200
RCFL3OIL2,20201102,1.0100,1.0100,1.0100,1.0100,100
RCFL3PEO,20201102,0.4600,0.4700,0.4500,0.4700,14403
RCFL3PKN,20201102,4.1800,4.3200,4.1800,4.3200,1717
RCFL3PKO,20201102,1.5900,1.5900,1.5900,1.5900,382
RCFL3PLW,20201102,8.9400,8.9400,8.9400,8.9400,100
RCFL3PZU,20201102,5.7800,5.7800,5.7800,5.7800,250
RCFL3SILVE3,20201102,17.5400,17.9600,17.5400,17.9600,50
RCFL3SUGA4,20201102,20.5000,20.5000,20.5000,20.5000,100
RCFL3TPE,20201102,3.0700,3.0700,2.8700,2.8800,12150
RCFL3W20,20201102,15.2400,15.4400,15.2400,15.4400,1120
RCFL3WHT3,20201102,10.0400,10.0400,10.0400,10.0400,150
RCFL4CDPRO,20201102,22.9000,23.5500,22.1000,23.5500,729
RCFL4CDPRO1,20201102,3.9700,3.9700,3.9700,3.9700,300
RCFL4ESX,20201102,97.0000,97.0000,97.0000,97.0000,12
RCFL4GAMES,20201102,64.9000,64.9000,64.9000,64.9000,10
RCFL4KGH,20201102,3.0700,3.3100,3.0700,3.3100,1500
RCFL4PALL2,20201102,1.1100,1.1100,1.0800,1.0800,7500
RCFL4PEO1,20201102,1.9800,2.1100,1.9800,2.1100,4300
RCFL4PKN1,20201102,0.7300,0.7300,0.7300,0.7300,1500
RCFL4PKO,20201102,0.1300,0.1500,0.1300,0.1500,79591
RCFL4PLAT1,20201102,0.4100,0.4100,0.4000,0.4000,600
RCFL4PZU,20201102,0.2200,0.2300,0.2200,0.2300,111388
RCFL4SILVE1,20201102,6.3800,6.3800,6.3800,6.3800,100
RCFL4SILVE2,20201102,9.2700,9.2700,9.2700,9.2700,200
RCFL5ALE,20201102,27.3500,31.7500,26.6500,29.9500,1517
RCFL5SILVE,20201102,1.3600,1.3600,1.3600,1.3600,1000
RCFL5SUGA1,20201102,1.3500,1.3800,1.3500,1.3800,4000
RCFL6COFF2,20201102,1.2500,1.2500,1.2500,1.2500,7350
RCFL6COPP1,20201102,6.8500,6.9700,6.8300,6.9700,4100
RCFL6CORN,20201102,1.6000,1.6000,1.6000,1.6000,4000
RCFL6FW201,20201102,0.2100,0.2200,0.2100,0.2200,11000
RCFL6PLAT2,20201102,3.0400,3.0400,3.0000,3.0000,5800
RCFL6SILVE,20201102,1.6900,1.6900,1.6900,1.6900,6345
RCFL6SILVE2,20201102,11.8000,11.8000,11.8000,11.8000,34
RCFL6SUGA,20201102,2.2000,2.2100,2.2000,2.2100,1999
RCFL6W20,20201102,4.4900,4.7100,4.4900,4.6800,3650
RCFL6W201,20201102,0.1500,0.1500,0.1500,0.1500,148001
RCFL8COFF,20201102,0.1000,0.1000,0.0900,0.0900,10480
RCFS10OIL2,20201102,15.3000,15.3000,11.5000,11.5000,828
RCFS10SILVE2,20201102,10.0400,11.1400,10.0400,10.8000,549
RCFS2KGH,20201102,4.8200,4.8200,4.6800,4.6800,48220
RCFS2PZU,20201102,25.1500,25.1500,25.1500,25.1500,100
RCFS3ALR,20201102,83.6000,83.6000,83.6000,83.6000,10
RCFS3ALR1,20201102,13.7200,13.7200,13.7200,13.7200,40
RCFS3CCC,20201102,0.2700,0.2700,0.2700,0.2700,2000
RCFS3CDPRO,20201102,4.2800,4.2800,4.2800,4.2800,1200
RCFS3GAMES,20201102,1.2700,1.2700,1.2700,1.2700,200
RCFS3KGH,20201102,0.2500,0.2500,0.2400,0.2400,176460
RCFS3LPP,20201102,1.0500,1.0500,1.0500,1.0500,500
RCFS3MWIG40,20201102,12.4800,12.4800,11.8800,11.8800,500
RCFS3OIL,20201102,2.2300,2.2300,2.2300,2.2300,840
RCFS3PALL4,20201102,1.4800,1.4800,1.4800,1.4800,4978
RCFS3PGE,20201102,3.0000,3.0000,2.7000,2.8500,13940
RCFS3PGN,20201102,8.0500,8.0500,8.0500,8.0500,900
RCFS3PZU,20201102,5.7400,5.7400,5.7400,5.7400,300
RCFS3TPE,20201102,1.6500,1.6600,1.5700,1.6600,3787
RCFS3W20,20201102,45.6500,45.6500,42.8000,43.7500,955
RCFS4CDPRO1,20201102,2.6300,2.7700,2.6100,2.6200,2583
RCFS4KGH1,20201102,13.8800,13.8800,13.8800,13.8800,100
RCFS4OIL4,20201102,15.1200,15.1200,14.6800,14.6800,100
RCFS4PEO,20201102,35.9500,35.9500,35.9500,35.9500,30
RCFS4PGN,20201102,2.3400,2.4600,2.3400,2.4600,850
RCFS4PKO,20201102,19.0000,19.0000,16.4800,16.5000,450
RCFS5FW20,20201102,8.3700,8.3700,7.8800,7.8800,4112
RCFS5SILVE1,20201102,0.2300,0.2300,0.2300,0.2300,1000
RCFS5SOY,20201102,3.2900,3.2900,3.2100,3.2100,331
RCFS6CORN,20201102,2.7800,2.7800,2.7800,2.7800,35
RCFS6FW201,20201102,8.4000,8.4000,8.4000,8.4000,155
RCFS6NAG2,20201102,3.4700,3.4700,3.3600,3.3600,1900
RCFS6OIL3,20201102,16.7000,16.7000,16.7000,16.7000,65
RCFS6W201,20201102,7.4800,7.6000,6.5200,6.7400,23384
RCFS6WHT2,20201102,3.2900,3.2900,3.2900,3.2900,768
RCFS8COPP1,20201102,1.1500,1.1500,1.1500,1.1500,600
RCFS8OIL2,20201102,14.7600,14.7600,13.2200,13.2200,128
RCFS9OIL,20201102,12.9000,12.9000,12.8600,12.8600,100
RCGETNA0321,20201102,1057.5000,1057.5000,1057.5000,1057.5000,10
RCGLDAOPEN,20201102,750.0000,756.0000,750.0000,756.0000,19
RCGOIL1022,20201102,1033.5000,1033.5000,1033.5000,1033.5000,110
RCGOIL1122,20201102,1029.5000,1029.5000,1029.5000,1029.5000,101
RCGSDGP0821,20201102,988.5000,988.5000,988.5000,988.5000,5
RCGTECBSK0621,20201102,1052.5000,1052.5000,1052.5000,1052.5000,31
RCLOILAOPEN1,20201102,142.4000,142.4000,142.0000,142.0000,14
RCRBSPX0522,20201102,577.0000,577.0000,577.0000,577.0000,4
RCRBSPX1122,20201102,743.5000,743.5000,741.5000,741.5000,755
RCSDAXOPEN,20201102,98.3000,98.3000,97.2000,97.2000,1024
RCSILAOPEN,20201102,98.8000,98.8000,98.8000,98.8000,4
RCTSJSW2,20201102,2.0500,2.0500,2.0500,2.0500,1000
RCWHTAOPEN,20201102,5.3000,5.3100,5.3000,5.3100,32000
REDAN,20201102,0.1400,0.1470,0.1400,0.1470,16628
REINO,20201102,1.4800,1.4800,1.4800,1.4800,2
RELPOL,20201102,4.7800,4.8800,4.7000,4.7500,6163
REMAK,20201102,10.2000,10.5000,9.7800,10.0000,4402
RONSON,20201102,1.3700,1.3700,1.2650,1.3400,6004
ROPCZYCE,20201102,19.6500,23.9000,19.6500,20.2000,6845
RYVU,20201102,49.1000,51.6000,49.1000,51.6000,3406
SANOK,20201102,12.0000,12.3500,11.9500,12.1000,17789
SANPL,20201102,123.7000,134.8000,122.1000,131.2000,79277
SANTANDER,20201102,8.0000,8.1000,7.8740,8.0800,9112
SANWIL,20201102,4.2200,4.4800,4.2000,4.4000,116946
SEKO,20201102,8.2000,8.2500,8.1000,8.2500,1963
SELENAFM,20201102,14.1500,14.7500,14.1000,14.1000,1587
SELVITA,20201102,41.9000,41.9000,40.3000,41.6000,1132
SERINUS,20201102,0.3040,0.3300,0.3040,0.3300,78344
SESCOM,20201102,26.4000,26.4000,25.0000,25.0000,337
SFINKS,20201102,0.2500,0.2540,0.2360,0.2540,25359
SILVAIR-REGS,20201102,8.7500,8.7500,8.1000,8.1000,2265
SIMPLE,20201102,11.0000,11.0000,10.6000,11.0000,2756
SKARBIEC,20201102,22.2000,22.6000,22.2000,22.6000,1685
SKOTAN,20201102,1.6000,1.6700,1.5600,1.6100,12531
SNIEZKA,20201102,85.6000,87.0000,85.6000,86.0000,119
SOLAR,20201102,2.8800,2.9500,2.6200,2.7800,3808
SONEL,20201102,9.3000,9.3000,9.2000,9.2500,319
SOPHARMA,20201102,10.5000,11.5000,10.5000,11.1000,311
STALEXP,20201102,2.6900,2.7400,2.6500,2.6900,32621
STALPROD,20201102,156.0000,164.8000,156.0000,164.4000,990
STALPROFI,20201102,4.7000,4.7000,4.6000,4.6400,8499
STAPORKOW,20201102,2.1000,2.1600,2.1000,2.1600,7660
STARHEDGE,20201102,0.3600,0.4200,0.3300,0.4200,3958
SUNEX,20201102,3.3400,3.9300,3.3400,3.8400,43379
SUWARY,20201102,16.7000,16.7000,16.7000,16.7000,5
SWISSMED,20201102,3.6000,3.7500,3.4100,3.6000,11203
SYGNITY,20201102,6.7600,7.1000,6.7000,6.9800,15042
SYNEKTIK,20201102,25.0000,25.0000,23.2000,24.2000,17535
TALEX,20201102,11.2000,11.8000,10.8500,11.1000,1352
TATRY,20201102,150.0000,151.0000,150.0000,151.0000,100
TAURONPE,20201102,1.7500,1.7790,1.7100,1.7130,4664036
TBULL,20201102,20.2000,21.1000,19.8000,21.0000,12503
TERMOREX,20201102,0.9200,0.9500,0.8000,0.8600,10780
TESGAS,20201102,3.4400,3.6400,3.4400,3.6000,26647
TIM,20201102,13.8000,14.0500,13.5500,13.9000,11315
TORPOL,20201102,8.9200,9.5800,8.9200,9.5800,31382
TOWERINVT,20201102,13.5000,13.6000,13.1000,13.1000,850
TOYA,20201102,6.8000,7.1800,6.8000,7.1400,30806
TRAKCJA,20201102,1.2300,1.2900,1.2200,1.2620,67581
TRANSPOL,20201102,2.7000,2.7200,2.7000,2.7200,2496
TRIGONPP,20201102,40.1300,40.1400,38.1000,39.0000,1382
TRITON,20201102,2.1000,2.1600,2.1000,2.1600,8760
TSGAMES,20201102,631.0000,657.0000,628.0000,641.0000,24077
ULMA,20201102,45.8000,45.8000,45.8000,45.8000,1
ULTGAMES,20201102,25.8000,26.9000,25.2000,26.5500,19685
UNIBEP,20201102,6.9000,7.5800,6.9000,7.4000,5030
UNICREDIT,20201102,29.6700,29.6700,29.6700,29.6700,2
UNIMA,20201102,2.8600,2.8600,2.8600,2.8600,488
UNIMOT,20201102,23.9500,25.5000,23.9000,24.9000,17585
URSUS,20201102,0.6510,0.6890,0.6000,0.6150,1634163
VENTUREIN,20201102,1.5100,1.5100,1.5100,1.5100,500
VIGOSYS,20201102,492.0000,525.0000,486.0000,515.0000,269
VINDEXUS,20201102,4.2900,4.4300,4.2400,4.4300,4338
VISTAL,20201102,2.2800,2.4800,2.2000,2.4400,189189
VIVID,20201102,1.6340,1.7600,1.6340,1.7580,17589
VOTUM,20201102,10.2500,10.8500,10.1500,10.8500,6240
VOXEL,20201102,43.9000,45.8000,43.9000,45.0000,1645
VRG,20201102,1.9940,2.0350,1.9500,1.9600,649054
WARIMPEX,20201102,4.0000,4.0000,4.0000,4.0000,1
WASKO,20201102,1.0800,1.1500,1.0800,1.1150,11626
WAWEL,20201102,536.0000,550.0000,536.0000,550.0000,144
WIELTON,20201102,3.4000,3.7950,3.4000,3.7500,106699
WIKANA,20201102,2.1400,2.2400,2.1200,2.1200,2014
WIRTUALNA,20201102,72.8000,73.6000,71.0000,73.0000,2548
WITTCHEN,20201102,6.0000,6.3400,6.0000,6.3000,9975
WOJAS,20201102,3.8200,4.0800,3.8200,4.0800,125
WORKSERV,20201102,0.7310,0.7570,0.7100,0.7320,247926
XTB,20201102,16.0000,16.4500,15.6000,15.7000,793213
XTPL,20201102,67.6000,69.8000,63.2000,68.0000,2465
ZAMET,20201102,0.8300,0.8650,0.8250,0.8250,31182
ZASTAL,20201102,21.4000,23.4000,19.5000,23.0000,5874
ZEPAK,20201102,9.5000,9.9800,9.4200,9.7000,15558
ZPUE,20201102,118.5000,130.0000,117.0000,126.0000,2144
ZREMB,20201102,0.7000,0.7050,0.7000,0.7000,4503
ZUE,20201102,3.1400,3.1400,3.0000,3.0600,1013
ZYWIEC,20201102,468.0000,470.0000,464.0000,470.0000,117
INVESTORMS,20201102,3578.2800,3597.8400,3578.2800,3597.8400,276872.233
MWIG40,20201102,3211.5600,3266.6600,3209.4700,3251.9900,205740.272
MWIG40DVP,20201102,63.1100,63.1100,63.1100,63.1100,205740.272
MWIG40TR,20201102,4253.5400,4324.0300,4253.5400,4307.0900,205740.272
SWIG80,20201102,12929.7500,13254.2000,12929.7500,13253.2500,35546.000
SWIG80DVP,20201102,270.7600,270.7600,270.7600,270.7600,35546.000
SWIG80TR,20201102,16703.3500,17121.2600,16703.3500,17121.2600,35546.000
WIG,20201102,44413.2200,45334.9700,44413.2200,45177.1600,1205594.091
WIG-BANKI,20201102,3181.8700,3291.2800,3163.1400,3261.9400,174528.542
WIG-BUDOW,20201102,2744.7800,2842.7900,2744.7800,2828.7100,3060.248
WIG-CEE,20201102,1032.6100,1050.9800,1032.6100,1047.6300,2995.414
WIG-CHEMIA,20201102,6057.4700,6369.1500,6049.6100,6292.4200,5331.983
WIG-ENERG,20201102,1486.9000,1526.5300,1467.6900,1493.8400,36131.963
WIG-ESG,20201102,7110.7300,7270.3500,7096.6300,7214.2200,901536.364
WIG-GORNIC,20201102,3622.9900,3715.3300,3581.7900,3704.8400,66587.424
WIG-INFO,20201102,3576.9900,3604.4300,3556.9600,3583.5000,10609.593
WIG-LEKI,20201102,5376.4700,5485.6400,5324.0500,5420.1200,14333.047
WIG-MEDIA,20201102,4735.0800,4770.6200,4644.5900,4742.6600,573.978
WIG-MOTO,20201102,3298.7100,3422.7800,3298.7100,3362.3200,2335.336
WIG-NRCHOM,20201102,1996.0600,2052.2600,1995.5800,2051.0600,3305.488
WIG-ODZIEZ,20201102,3135.2200,3151.7400,3076.3100,3076.3100,20928.739
WIG-PALIWA,20201102,3442.4000,3483.9300,3416.5400,3463.2200,103566.627
WIG-POLAND,20201102,45911.1300,46242.5700,45911.1300,46133.9400,1199189.684
WIG-SPOZYW,20201102,2900.0900,2973.3700,2900.0000,2973.3700,2918.581
WIG-TELKOM,20201102,856.4600,883.9900,856.4600,866.9700,73586.034
WIG-UKRAIN,20201102,345.8200,349.7100,345.8200,349.7100,2499.800
WIG.GAMES,20201102,31730.4600,32385.3700,31617.0400,32063.5900,182955.552
WIG.MS-BAS,20201102,7570.9800,7723.1200,7435.8900,7656.1400,97491.116
WIG.MS-FIN,20201102,4988.2900,5153.9600,4941.2800,5113.4700,228520.197
WIG.MS-PET,20201102,4689.8600,4754.1800,4660.7900,4725.6600,108073.381
WIG20,20201102,1526.2000,1563.9300,1526.2000,1556.1400,952261.567
WIG20DVP,20201102,10.3700,10.3700,10.3700,10.3700,952261.567
WIG20LEV,20201102,256.4200,269.0200,256.4200,266.4200,952261.567
WIG20SHORT,20201102,4721.7400,4721.7400,4603.4300,4627.8600,952261.567
WIG20TR,20201102,2799.8700,2863.0600,2799.8700,2850.1500,952261.567
WIG30,20201102,1747.3700,1785.1400,1747.2200,1776.7800,990215.834
WIG30TR,20201102,3196.8000,3221.3900,3196.8000,3211.3900,990215.834
WIGDIV,20201102,895.8800,908.2800,895.8800,906.6000,98793.230
WIGTECH,20201102,13847.3600,14072.0600,13841.2100,13988.8600,0.000
