06MAGNA,20201001,1.0800,1.1000,1.0600,1.0700,115550
11BIT,20201001,485.0000,493.0000,473.5000,478.5000,5146
4FUNMEDIA,20201001,4.7500,4.9000,4.5100,4.8000,9460
ABPL,20201001,29.0000,29.4000,29.0000,29.4000,1309
ACAUTOGAZ,20201001,42.0000,42.0000,40.8000,40.8000,438
ACTION,20201001,4.6500,4.8600,4.5300,4.6900,47035
ADIUVO,20201001,6.0000,6.0000,5.8200,5.9800,432
AGORA,20201001,6.6000,6.6000,6.4000,6.4600,1219
AGROTON,20201001,4.0000,4.0300,3.8900,3.9800,3458
AIGAMES,20201001,22.5000,23.0000,22.0000,22.5000,9511
AILLERON,20201001,7.6800,7.7000,6.6600,6.9800,119856
AIRWAY,20201001,1.7000,1.7000,1.5300,1.6000,1601676
ALIOR,20201001,13.4200,13.6000,13.0800,13.1200,319377
ALTA,20201001,1.1000,1.1800,1.1000,1.1200,31185
ALTUSTFI,20201001,0.7860,0.8200,0.7600,0.7980,62602
ALUMETAL,20201001,36.0000,36.0000,35.4000,35.4000,164
AMBRA,20201001,18.3000,18.8500,18.3000,18.6500,1754
AMICA,20201001,139.0000,139.0000,133.0000,134.0000,1143
AMREST,20201001,17.7000,18.4600,17.4400,18.4600,208941
APATOR,20201001,20.9000,20.9000,20.6000,20.7000,1588
APLISENS,20201001,11.3000,11.3000,11.3000,11.3000,2
APSENERGY,20201001,1.7100,1.8700,1.7000,1.7800,18935
ARCHICOM,20201001,18.1000,18.2000,18.1000,18.2000,335
ARCTIC,20201001,3.6900,3.8900,3.6900,3.8200,26426
ARTERIA,20201001,4.5600,4.5600,4.4000,4.4000,2706
ARTIFEX,20201001,9.4000,10.0000,9.1800,9.9000,12096
ASBIS,20201001,5.1900,5.1900,4.9100,5.0300,212036
ASSECOBS,20201001,35.0000,35.0000,34.0000,34.0000,3650
ASSECOPOL,20201001,69.5000,69.7000,67.1000,67.1000,17859
ASSECOSEE,20201001,45.1000,45.7000,45.1000,45.1000,4676
ASTARTA,20201001,17.3500,17.8500,17.2000,17.5500,18259
ATAL,20201001,32.5000,32.5000,31.5000,31.5000,3698
ATENDE,20201001,3.1600,3.1600,3.0600,3.0600,1835
ATLANTAPL,20201001,6.0000,6.2200,5.9400,6.1000,2309
ATLANTIS,20201001,0.6700,0.6880,0.6700,0.6880,12001
ATLASEST,20201001,1.1950,1.1950,1.1950,1.1950,8820
ATMGRUPA,20201001,3.9600,4.2300,3.9600,4.1700,520946
ATREM,20201001,2.0900,2.0900,1.9600,1.9600,532
AUTOPARTN,20201001,7.1800,7.2000,7.1200,7.1200,1427
BAHOLDING,20201001,0.5540,0.5540,0.4800,0.5190,390512
BBIDEV,20201001,3.4100,3.5000,3.4000,3.5000,14320
BEDZIN,20201001,9.1000,9.1000,9.1000,9.1000,26
BENEFIT,20201001,750.0000,750.0000,724.0000,724.0000,87
BETACOM,20201001,11.2000,11.3500,11.2000,11.3500,288
BETAM40TR,20201001,49.9800,49.9900,49.6100,49.7000,2078
BETAW20LV,20201001,30.9700,30.9700,29.8700,29.9300,2344
BETAW20ST,20201001,432.4500,440.0000,432.4500,439.2000,585
BETAW20TR,20201001,29.2650,29.3250,28.8300,28.8300,1086
BIK,20201001,14.5000,14.5000,13.8500,13.8500,605
BIOMEDLUB,20201001,16.8000,19.5500,16.5000,17.1500,4280599
BIOTON,20201001,4.1900,4.2700,4.1600,4.1900,27535
BNPPBSK0525,20201001,972.0000,972.0000,972.0000,972.0000,7
BNPPENDL0422,20201001,1002.5000,1002.5000,1002.5000,1002.5000,20
BNPPPL,20201001,40.0000,40.5000,40.0000,40.2000,277
BNPPSOHU0923,20201001,971.5000,971.5000,971.5000,971.5000,118
BNPPSX5E0222,20201001,1007.0000,1007.0000,1007.0000,1007.0000,25
BOGDANKA,20201001,19.0000,19.2000,18.5200,18.7800,19358
BOOMBIT,20201001,19.7000,19.7000,19.2000,19.2000,6762
BORYSZEW,20201001,3.3000,3.3000,3.2650,3.2700,30636
BOS,20201001,5.3000,5.3400,5.2800,5.3000,1787
BOWIM,20201001,2.0000,2.0000,2.0000,2.0000,4191
BRASTER,20201001,0.6290,0.6300,0.5950,0.5980,98316
BUDIMEX,20201001,246.0000,246.0000,242.5000,246.0000,2083
BUMECH,20201001,2.0000,2.0800,2.0000,2.0400,489
CCC,20201001,46.0400,57.9600,46.0100,55.3400,1471748
CDPROJEKT,20201001,416.9000,416.9000,377.0000,382.6000,1170664
CDRL,20201001,12.6000,13.2000,12.1000,12.7000,2964
CEZ,20201001,73.2000,73.6000,72.6000,73.6000,369
CFI,20201001,0.2530,0.2530,0.2370,0.2480,29835
CIECH,20201001,27.5000,27.8000,27.2000,27.2500,24655
CIGAMES,20201001,1.5440,1.5440,1.4500,1.4700,648183
CLNPHARMA,20201001,42.7000,43.2500,41.5000,42.0000,16654
CNT,20201001,13.1000,13.1000,13.1000,13.1000,100
COALENERG,20201001,0.7000,0.7100,0.6600,0.6950,14727
COGNOR,20201001,1.2500,1.2850,1.2300,1.2700,86805
COMARCH,20201001,220.0000,220.0000,202.0000,202.0000,1153
COMP,20201001,60.0000,61.0000,59.6000,61.0000,3975
COMPERIA,20201001,2.1200,2.1600,2.1200,2.1600,762
CORMAY,20201001,1.6450,1.6800,1.5800,1.6000,355577
CPGROUP,20201001,6.4000,6.4000,6.4000,6.4000,25
CYFRPLSAT,20201001,27.3000,27.5800,27.1000,27.3000,195016
CZTOREBKA,20201001,0.3920,0.3920,0.3920,0.3920,888
DATAWALK,20201001,193.0000,205.0000,192.0000,198.0000,8509
DEBICA,20201001,83.2000,83.6000,83.0000,83.4000,1165
DECORA,20201001,27.8000,28.0000,26.8000,27.5000,2828
DEKPOL,20201001,25.0000,25.6000,25.0000,25.6000,2836
DELKO,20201001,17.8000,19.5000,17.5000,17.8000,245123
DEVELIA,20201001,1.7600,1.9200,1.7600,1.8300,2015505
DGA,20201001,5.4600,5.4600,5.4600,5.4600,10
DIGITREE,20201001,6.6000,6.6000,6.6000,6.6000,505
DINOPL,20201001,231.0000,232.6000,227.2000,230.0000,83599
DOMDEV,20201001,102.0000,102.0000,99.0000,101.0000,805
DROZAPOL,20201001,1.7600,1.7600,1.7600,1.7600,10
ECHO,20201001,4.1400,4.1400,4.0600,4.0700,10590
EDINVEST,20201001,3.7200,3.7400,3.5000,3.6600,1661
EFEKT,20201001,4.8000,4.8000,4.6600,4.6600,743
EKOEXPORT,20201001,4.6800,4.6800,4.0700,4.1600,181269
ELBUDOWA,20201001,1.3240,1.3460,1.2200,1.2300,5529
ELEKTROTI,20201001,5.7800,5.7800,5.6000,5.7800,1531
ELEMENTAL,20201001,2.6700,2.6700,2.4150,2.4800,1475843
ELKOP,20201001,0.2440,0.2440,0.2240,0.2370,357984
ELZAB,20201001,4.1800,4.1800,4.0000,4.0800,1035
EMCINSMED,20201001,16.5000,16.5000,16.4000,16.5000,115
ENAP,20201001,1.4600,1.4600,1.4600,1.4600,2
ENEA,20201001,5.7850,6.1400,5.7550,6.1000,479952
ENERGA,20201001,8.2900,8.3200,8.2900,8.3200,190154
ENERGOINS,20201001,0.7940,0.7960,0.7300,0.7960,6500
ENTER,20201001,23.5000,23.5000,21.2000,23.0000,21982
ERBUD,20201001,19.6000,19.6500,18.9000,19.5500,1459
ERG,20201001,52.0000,52.0000,48.4000,51.0000,191
ESOTIQ,20201001,9.6000,9.8000,9.6000,9.7600,693
ETFDAX,20201001,545.1000,545.1000,535.4000,535.4000,184
ETFSP500,20201001,133.1800,133.5000,131.8600,131.8600,2208
ETFW20L,20201001,214.4500,214.4500,209.9000,209.9000,110
EUCO,20201001,4.8000,4.8200,4.6100,4.7000,25218
EUROCASH,20201001,14.4600,14.4600,14.1200,14.2900,139912
EUROHOLD,20201001,4.2800,4.3000,4.2000,4.3000,296
EUROTEL,20201001,23.0000,23.0000,22.5000,23.0000,995
EVEREST,20201001,19.1000,20.8000,19.1000,20.4000,1001
FAMUR,20201001,1.7780,1.7780,1.6640,1.6920,268346
FASING,20201001,11.1000,11.3500,11.0000,11.3500,252
FEERUM,20201001,12.0000,12.0000,11.1000,11.4500,3117
FERRO,20201001,18.5000,18.9500,18.4000,18.4000,1360
FERRUM,20201001,3.8000,3.8000,3.7000,3.7000,1631
FON,20201001,0.1220,0.1220,0.1150,0.1220,98557
FORTE,20201001,31.2000,32.0000,30.8000,31.4500,3087
GAMEOPS,20201001,35.3000,35.3000,31.7700,32.1000,16044
GAMFACTOR,20201001,19.9940,19.9940,18.8500,19.1000,2742
GAMFACTOR-PDA,20201001,17.4200,18.4580,17.4200,17.9000,4448
GETIN,20201001,0.7910,0.8100,0.7580,0.7840,320272
GETINOBLE,20201001,0.1840,0.1948,0.1838,0.1944,884804
GLCOSMED,20201001,6.1500,6.3000,6.0000,6.0500,44693
GPW,20201001,45.2000,45.8500,44.1000,45.1000,46778
GROCLIN,20201001,1.0150,1.1000,1.0150,1.0800,25365
GRODNO,20201001,13.3000,13.4500,13.1000,13.1000,35298
GRUPAAZOTY,20201001,24.7000,24.7000,23.5500,23.8500,44963
GTC,20201001,6.1200,6.2800,6.1200,6.2800,15886
HANDLOWY,20201001,36.7000,36.8000,36.3500,36.8000,7349
HARPER,20201001,19.7500,19.7500,17.8000,18.5000,60818
HELIO,20201001,10.9000,11.1000,10.9000,11.1000,1202
HERKULES,20201001,1.1800,1.2950,1.1500,1.2950,36619
HUBSTYLE,20201001,1.0600,1.0600,0.9600,1.0000,16065
HYDROTOR,20201001,28.4000,28.4000,27.6000,28.0000,487
I2DEV,20201001,9.0500,9.0500,9.0000,9.0000,655
IALBGR,20201001,0.3200,0.3200,0.3000,0.3200,9424
IDEABANK,20201001,1.4760,1.4880,1.4540,1.4620,37339
IDMSA,20201001,0.9050,0.9500,0.9000,0.9050,2392
IFCAPITAL,20201001,0.6800,0.6800,0.6800,0.6800,168
IFIRMA,20201001,4.2500,4.3600,4.2500,4.3300,6538
IMCOMPANY,20201001,11.2500,11.2500,10.9000,11.0000,8369
IMMOBILE,20201001,2.8800,2.8800,2.4000,2.5300,13722
IMPERA,20201001,0.9000,0.9000,0.9000,0.9000,1502
IMS,20201001,2.8000,2.8000,2.7100,2.7700,3990
INC,20201001,10.2500,10.6000,9.8200,10.5500,75709
INGBSK,20201001,123.8000,124.4000,121.6000,124.4000,4925
INPRO,20201001,4.8400,4.8400,4.8400,4.8400,80
INSTALKRK,20201001,19.5000,19.5000,19.1000,19.1000,591
INTERAOLT,20201001,15.5000,15.5000,15.2500,15.4500,1434
INTERCARS,20201001,228.0000,228.0000,222.0000,224.0000,1956
INTERSPPL,20201001,1.3400,1.3400,1.3400,1.3400,25
INTLBCO31294,20201001,108.2000,108.2000,108.2000,108.2000,30
INTLBCO31658,20201001,43.1500,43.1500,37.9500,37.9500,215
INTLBCO31666,20201001,39.8000,39.8000,39.8000,39.8000,40
INTLBCO31674,20201001,43.1500,43.1500,43.1500,43.1500,100
INTLBCO31914,20201001,26.0000,26.0000,26.0000,26.0000,50
INTLBCO31989,20201001,25.1500,25.2500,19.5200,19.5200,1196
INTLBCO32888,20201001,18.1200,18.1200,9.7100,10.4000,9294
INTLBCO32896,20201001,21.0500,21.0500,14.9000,15.4400,2207
INTLCCC30999,20201001,2.4400,2.4400,2.1300,2.3000,8000
INTLCCC31476,20201001,1.6200,2.4600,1.6200,2.3400,25889
INTLCDR29850,20201001,17.0200,17.0200,17.0200,17.0200,50
INTLCDR30486,20201001,15.5000,15.5000,14.7600,14.7600,200
INTLCDR30718,20201001,12.5000,12.5000,10.8000,10.8000,300
INTLCDR30726,20201001,12.2400,12.2400,12.2400,12.2400,70
INTLCDR30973,20201001,11.5800,11.5800,9.2500,9.8700,1410
INTLCDR31377,20201001,10.0000,10.3200,7.9800,8.3000,6090
INTLCDR33290,20201001,9.0000,9.0000,6.7600,6.9400,10890
INTLCDR33993,20201001,7.9100,7.9100,5.7000,5.7000,12068
INTLDAX31559,20201001,114.4000,114.4000,108.8000,108.8000,28
INTLDAX31880,20201001,94.7000,94.7000,91.0000,91.0000,70
INTLDAX32821,20201001,45.2500,46.3500,39.3000,42.1500,379
INTLDAX32839,20201001,54.2000,54.2000,53.5000,53.8000,120
INTLDAX32847,20201001,65.5000,65.5000,60.2000,60.2000,96
INTLDAX32946,20201001,35.4500,35.9000,28.8000,31.0000,12651
INTLDNP32656,20201001,6.9000,6.9000,6.9000,6.9000,20
INTLDOW33126,20201001,132.6000,132.6000,132.6000,132.6000,200
INTLEUD33860,20201001,17.0800,17.6400,17.0800,17.5600,80
INTLEUR27599,20201001,24.1500,24.1500,20.6000,21.0000,190
INTLEUR28324,20201001,18.2200,18.2200,18.2200,18.2200,200
INTLGBU32706,20201001,41.0500,41.0500,41.0500,41.0500,24
INTLGLD21873,20201001,300.0000,300.0000,300.0000,300.0000,3
INTLGLD23903,20201001,205.0000,205.0000,205.0000,205.0000,10
INTLGLD30130,20201001,159.8000,159.8000,159.8000,159.8000,3
INTLGLD30866,20201001,138.0000,138.0000,138.0000,138.0000,20
INTLGLD33092,20201001,88.9000,92.3000,88.9000,92.3000,50
INTLGLD33100,20201001,77.8000,81.9000,77.5000,81.1000,360
INTLGLD33456,20201001,37.9500,42.0000,36.7500,38.3500,1818
INTLGLD33464,20201001,52.2000,55.0000,52.2000,54.6000,125
INTLGLD33472,20201001,65.7000,67.0000,65.7000,67.0000,30
INTLJSW32136,20201001,13.7000,13.7000,13.2000,13.3000,2310
INTLKGH33928,20201001,15.3800,15.3800,12.7800,12.7800,3374
INTLKGH33936,20201001,21.2000,21.2000,21.2000,21.2000,11
INTLKGH33944,20201001,23.8000,23.8000,23.8000,23.8000,80
INTLLTS34017,20201001,8.1200,8.1200,7.2000,7.3400,180
INTLNAG31732,20201001,2.1000,2.1000,2.1000,2.1000,160
INTLNAG33076,20201001,1.5500,1.7700,1.3700,1.3700,6551
INTLNAG33779,20201001,2.9400,2.9400,2.5600,2.5600,2000
INTLNDX31047,20201001,141.0000,142.2000,141.0000,142.2000,35
INTLNDX32979,20201001,76.3000,78.7000,76.3000,78.7000,313
INTLNDX33167,20201001,65.5000,65.5000,65.5000,65.5000,7
INTLNDX33621,20201001,54.6000,56.9000,54.6000,55.4000,864
INTLPEO29421,20201001,12.5600,12.5600,12.5600,12.5600,188
INTLPEO29439,20201001,16.8600,16.8600,16.7200,16.7200,700
INTLPEO29801,20201001,8.7500,8.7500,8.7500,8.7500,100
INTLPEO29819,20201001,10.6000,10.6000,10.5200,10.5200,145
INTLPEO30411,20201001,6.7300,6.8500,6.7300,6.8500,1100
INTLPGE32292,20201001,2.2000,2.4000,2.2000,2.3700,1870
INTLPKN05835,20201001,10.1600,10.1600,9.9000,9.9000,321
INTLPKN06353,20201001,8.6000,8.6000,7.5000,7.5000,1840
INTLPKN29835,20201001,6.6600,6.6600,5.5500,5.5500,1840
INTLPKO30387,20201001,3.8000,3.8000,3.5500,3.5500,2282
INTLPKO30395,20201001,4.5600,4.5600,4.3400,4.3400,896
INTLPKO30692,20201001,2.8100,2.8100,2.8100,2.8100,500
INTLPLA29744,20201001,10.6600,10.6600,10.3000,10.3000,119
INTLPLA30916,20201001,8.9800,8.9800,8.9800,8.9800,120
INTLPLA31138,20201001,7.6700,7.6700,7.6700,7.6700,220
INTLPLA31757,20201001,6.3300,6.3300,6.0300,6.0300,2312
INTLPLA31765,20201001,7.2000,7.2000,7.2000,7.2000,220
INTLPLA33084,20201001,5.1900,5.4100,5.1900,5.4100,664
INTLPZU14712,20201001,4.7700,4.7700,4.6900,4.6900,2000
INTLPZU15800,20201001,7.1300,7.2600,7.1000,7.2500,2778
INTLPZU29348,20201001,2.5500,2.5600,2.1300,2.1300,9483
INTLPZU29371,20201001,3.2100,3.2100,3.0000,3.0000,965
INTLSLV31609,20201001,31.1500,31.1500,31.1500,31.1500,390
INTLSLV33043,20201001,26.7500,26.7500,26.7500,26.7500,100
INTLSLV33340,20201001,12.6200,13.0000,11.0000,11.9600,1565
INTLSLV33357,20201001,14.8000,15.3800,14.8000,15.3800,75
INTLSLV33365,20201001,18.6000,18.6000,17.9200,17.9200,400
INTLSLV33373,20201001,19.9800,19.9800,19.9800,19.9800,200
INTLSLV33381,20201001,24.0000,24.0000,22.8500,22.8500,80
INTLSPX33894,20201001,19.0200,19.1600,18.2000,18.2000,264
INTLUSD20602,20201001,32.6000,32.6000,30.2000,30.2000,237
INTLUSD20610,20201001,37.5000,37.5000,33.9000,33.9000,1500
INTLUSD20826,20201001,40.8000,40.8000,39.4000,39.4000,101
INTLUSD20842,20201001,46.9000,47.7000,45.1500,46.2000,1179
INTLUSD21170,20201001,27.9000,28.2000,23.4500,24.4500,1302
INTLUSD34256,20201001,21.8500,22.4000,18.1000,19.5000,5969
INTLW2028571,20201001,6.4000,6.4000,6.4000,6.4000,180
INTLW2030767,20201001,2.2600,2.2600,2.1300,2.1300,970
INTLW2031492,20201001,1.7200,1.7200,1.7000,1.7000,1004
INTLW2031864,20201001,1.6600,1.6600,1.6600,1.6600,470
INTLW2032177,20201001,1.3000,1.3500,1.0700,1.0900,13665
INTLW2032185,20201001,1.4700,1.4700,1.4500,1.4500,67000
INTROL,20201001,4.1600,4.1600,4.0800,4.1400,10789
INTSBCO28308,20201001,34.5000,38.4500,34.5000,38.4500,200
INTSBCO34447,20201001,18.7000,26.1000,18.7000,26.1000,274
INTSCCC27029,20201001,8.1800,8.1800,8.1800,8.1800,20
INTSCCC27698,20201001,5.5000,5.5800,5.1200,5.1200,2855
INTSCCC34207,20201001,3.9200,3.9200,3.0000,3.2000,10973
INTSCDR34124,20201001,15.1000,18.1600,15.0600,17.7400,17472
INTSCDR34199,20201001,19.5800,21.6000,19.5800,21.6000,400
INTSCDR34249,20201001,11.3600,13.9600,11.3600,13.6200,28782
INTSDAX25783,20201001,50.0000,54.6000,48.8500,52.7000,1040
INTSDAX25825,20201001,63.9000,63.9000,63.9000,63.9000,20
INTSDAX26591,20201001,79.2000,79.2000,79.2000,79.2000,44
INTSDAX26609,20201001,91.0000,91.0000,89.3000,89.3000,8
INTSDAX34322,20201001,24.8500,31.0000,23.8500,28.8000,28130
INTSDAX34330,20201001,37.3000,41.0000,37.3000,40.6000,943
INTSDBK19000,20201001,49.1000,49.1000,49.1000,49.1000,5
INTSDNP34082,20201001,7.4300,7.4300,7.3700,7.3700,400
INTSDOW24067,20201001,86.8000,92.0000,86.1000,92.0000,145
INTSESX28878,20201001,16.7000,16.7000,16.7000,16.7000,50
INTSEUD21246,20201001,21.3000,21.6500,20.2500,21.6500,880
INTSEUR28340,20201001,20.8500,24.5000,20.8500,24.5000,473
INTSEUR29165,20201001,31.8500,31.8500,31.8500,31.8500,500
INTSEUR29181,20201001,41.0500,41.0500,41.0000,41.0000,650
INTSEUR29686,20201001,46.5000,46.8000,46.5000,46.8000,70
INTSGLD31591,20201001,139.2000,139.2000,139.2000,139.2000,25
INTSGLD33316,20201001,94.0000,94.6000,89.7000,91.9000,100
INTSGLD33498,20201001,176.2000,176.2000,176.2000,176.2000,2
INTSGLD34496,20201001,81.9000,81.9000,78.7000,81.9000,90
INTSGLD34504,20201001,70.3000,70.6000,64.8000,68.0000,66
INTSKGH33969,20201001,52.7000,56.0000,51.2000,55.7000,2327
INTSNDX33225,20201001,56.2000,56.2000,53.3000,54.5000,538
INTSNDX33241,20201001,82.2000,82.4000,82.2000,82.4000,200
INTSNDX33258,20201001,100.0000,100.0000,100.0000,100.0000,15
INTSNDX33639,20201001,136.0000,136.0000,136.0000,136.0000,5
INTSNDX33647,20201001,148.8000,149.2000,148.8000,149.0000,76
INTSNDX34223,20201001,170.4000,170.4000,170.4000,170.4000,2
INTSNDX34389,20201001,26.8000,26.8000,24.4500,25.6500,886
INTSNDX34397,20201001,38.4000,38.4000,38.4000,38.4000,20
INTSPGE26989,20201001,2.9400,2.9400,2.8200,2.8200,100
INTSPGE34157,20201001,1.9700,1.9700,1.4900,1.7300,15105
INTSPGN34033,20201001,1.2000,1.2000,1.2000,1.2000,9911
INTSPGN34181,20201001,1.7600,1.7600,1.7600,1.7600,150
INTSPKN27300,20201001,52.6000,52.6000,52.6000,52.6000,45
INTSPLA25551,20201001,11.8400,11.8400,11.8400,11.8400,100
INTSPLA34488,20201001,5.6500,5.9500,5.5000,5.5000,320
INTSSLV33696,20201001,29.3000,29.3000,29.2000,29.2000,140
INTSSLV34520,20201001,25.0000,25.0000,25.0000,25.0000,9
INTSSLV34538,20201001,20.4500,20.4500,20.4500,20.4500,40
INTSSPX34140,20201001,23.2500,23.4000,22.6000,23.4000,1008
INTSSPX34413,20201001,16.8600,17.4800,16.8600,17.4800,515
INTSUSD32243,20201001,39.9500,39.9500,39.9500,39.9500,8
INTSUSD32698,20201001,28.0000,31.0000,28.0000,29.8000,10862
INTSUSD33589,20201001,21.0500,23.8000,20.3000,23.8000,5950
INTSUSJ30106,20201001,40.5000,40.5000,40.5000,40.5000,20
INTSW2020859,20201001,6.3000,6.3000,6.3000,6.3000,1584
INTSW2026005,20201001,5.8700,5.8700,5.8700,5.8700,200
INTSW2028464,20201001,2.4500,2.6400,2.4500,2.6400,790
INTSW2028472,20201001,3.0300,3.0300,3.0300,3.0300,100
INTSW2028480,20201001,3.7000,3.7000,3.7000,3.7000,2697
INTSW2034264,20201001,1.2300,1.5700,1.2200,1.4800,41923
INTSW2034280,20201001,1.8200,1.8900,1.8200,1.8900,11925
INTSW2034298,20201001,2.0500,2.0500,2.0500,2.0500,1000
INVISTA,20201001,0.3600,0.3600,0.3300,0.3300,40979
INVPEFIZ,20201001,715.0000,782.8900,700.2100,782.8900,75
IPOPEMA,20201001,3.5600,3.6400,3.4400,3.4400,4718
ITMTRADE,20201001,0.1520,0.1600,0.1400,0.1405,30273
IZOBLOK,20201001,30.5000,30.5000,27.5000,29.7000,1918
IZOLACJA,20201001,1.4700,1.4700,1.3600,1.4600,2084
IZOSTAL,20201001,2.2100,2.2200,2.1900,2.1900,23136
JSW,20201001,26.1000,26.4700,24.7000,25.0000,705966
JWCONSTR,20201001,2.9200,2.9200,2.8400,2.8400,762
JWWINVEST,20201001,3.0600,3.0600,3.0400,3.0400,2485
K2INTERNT,20201001,15.8000,16.1000,15.4000,16.0000,3460
KCI,20201001,0.7300,0.7400,0.6800,0.7200,22628
KERNEL,20201001,40.1000,40.4000,39.8000,40.0000,32224
KETY,20201001,457.0000,464.0000,457.0000,457.0000,802
KGHM,20201001,118.5000,120.1500,115.1500,115.1500,370488
KGL,20201001,15.3500,15.3500,15.0000,15.2000,602
KINOPOL,20201001,6.6000,6.8500,6.5500,6.8500,19424
KOGENERA,20201001,33.7000,34.1000,33.2000,34.0000,190
KOMPUTRON,20201001,1.8800,1.9850,1.8500,1.9000,4693
KREC,20201001,7.3000,7.4000,7.3000,7.4000,155
KREDYTIN,20201001,10.5000,10.5000,10.5000,10.5000,2
KRKA,20201001,377.0000,382.0000,377.0000,382.0000,17
KRUK,20201001,130.5000,135.5000,129.3000,133.1000,12226
KRUSZWICA,20201001,53.0000,53.0000,52.0000,53.0000,853
KRVITAMIN,20201001,27.5000,31.5000,26.8000,28.1000,74927
LABOPRINT,20201001,9.8800,9.8800,9.8600,9.8600,208
LARQ,20201001,1.6000,1.8000,1.6000,1.7200,19402
LENA,20201001,3.3400,3.4100,3.3200,3.3300,15261
LENTEX,20201001,8.5800,9.1000,8.5200,9.0800,11373
LIBET,20201001,2.5000,2.5900,2.4900,2.5900,173529
LIVECHAT,20201001,92.0000,92.0000,89.4000,90.8000,27788
LOKUM,20201001,11.7000,11.7000,11.7000,11.7000,527
LOTOS,20201001,34.8700,35.0400,33.9500,34.0000,250635
LPP,20201001,6650.0000,6845.0000,6600.0000,6800.0000,1278
LSISOFT,20201001,14.9000,14.9000,14.8000,14.8000,683
LUBAWA,20201001,1.2750,1.3100,1.2350,1.2600,407352
MABION,20201001,33.2000,33.6000,31.2000,31.9000,22657
MAKARONPL,20201001,5.9000,5.9000,5.7500,5.9000,3906
MANGATA,20201001,46.4000,46.4000,45.8000,45.8000,32
MARVIPOL,20201001,5.2000,5.2200,5.1000,5.2200,6800
MASTERPHA,20201001,4.3500,4.3500,4.3500,4.3500,696
MAXCOM,20201001,11.8000,11.8000,11.4500,11.8000,1389
MBANK,20201001,169.3000,173.9000,166.6000,173.1000,38022
MBWS,20201001,5.5000,6.0000,5.5000,5.6000,8196
MCI,20201001,13.1000,13.1000,12.8000,12.8000,5607
MDIENERGIA,20201001,3.8100,3.9200,3.7900,3.8600,23023
MEDIACAP,20201001,2.2100,2.2100,2.2000,2.2000,410
MEDICALG,20201001,22.8000,22.8000,21.8500,22.2000,7466
MENNICA,20201001,19.6000,19.6000,19.2000,19.5000,1362
MERCATOR,20201001,460.0000,461.0000,450.0000,457.0000,26797
MERCOR,20201001,10.2000,10.2000,10.2000,10.2000,2151
MEXPOLSKA,20201001,1.4300,1.4300,1.4300,1.4300,314
MFO,20201001,20.2000,20.2000,20.2000,20.2000,200
MILKILAND,20201001,0.6500,0.6500,0.5850,0.6500,8500
MILLENNIUM,20201001,2.7700,2.7720,2.6960,2.7380,556028
MIRACULUM,20201001,1.2000,1.2100,1.1200,1.1700,66844
MIRBUD,20201001,2.4400,2.5100,2.3900,2.4500,373690
MLPGROUP,20201001,69.0000,74.0000,69.0000,74.0000,47
MLSYSTEM,20201001,85.0000,87.8000,84.8000,85.0000,26154
MOBRUK,20201001,240.0000,246.0000,240.0000,246.0000,56
MOJ,20201001,1.3400,1.4700,1.3400,1.4500,42824
MOL,20201001,21.1600,21.1600,21.1000,21.1000,1619
MONNARI,20201001,1.7500,1.8050,1.7500,1.8050,50650
MOSTALPLC,20201001,8.4000,8.4000,8.2000,8.2000,466
MOSTALWAR,20201001,4.8400,4.8400,4.4600,4.7800,1840
MOSTALZAB,20201001,0.8240,0.8300,0.8100,0.8300,81119
MWTRADE,20201001,1.8400,1.8500,1.8400,1.8400,1941
NANOGROUP,20201001,3.4600,3.4600,3.1800,3.2000,6831
NETIA,20201001,4.5000,4.5000,4.5000,4.5000,3240
NEUCA,20201001,507.0000,511.0000,506.0000,508.0000,500
NEWAG,20201001,26.8000,26.8000,26.3000,26.6000,394
NOVATURAS,20201001,8.5000,8.5000,8.5000,8.5000,20
NOVAVISGR,20201001,2.0800,2.0800,1.9000,1.9400,5107
NOVITA,20201001,130.0000,132.0000,129.0000,130.0000,955
NOWAGALA,20201001,1.0000,1.0000,1.0000,1.0000,19912
NTTSYSTEM,20201001,2.7000,2.7000,2.7000,2.7000,6
OAT,20201001,18.2500,18.4500,17.8000,18.1000,11472
ODLEWNIE,20201001,4.6700,4.7800,4.6700,4.6700,2239
OEX,20201001,15.1000,15.5000,15.0000,15.5000,4135
OPENFIN,20201001,0.8100,0.8100,0.7960,0.8000,9277
OPONEO.PL,20201001,31.8000,31.8000,30.7000,31.1000,3179
OPTEAM,20201001,26.0000,26.4000,26.0000,26.4000,517
ORANGEPL,20201001,6.8550,7.0850,6.8000,7.0350,689417
ORCOGROUP,20201001,1.3528,1.3600,1.3528,1.3600,957
ORZBIALY,20201001,11.5000,11.9500,11.2000,11.3500,5388
OTLOG,20201001,5.4000,5.4000,5.0000,5.1500,10749
OTMUCHOW,20201001,1.2600,1.3200,1.2600,1.3200,2605
OVOSTAR,20201001,60.0000,65.0000,60.0000,62.5000,29
PAMAPOL,20201001,1.6500,1.7800,1.3800,1.3900,550785
PANOVA,20201001,10.9000,10.9000,10.8500,10.9000,538
PATENTUS,20201001,1.0400,1.0400,1.0400,1.0400,100
PBKM,20201001,80.0000,81.0000,80.0000,80.0000,2977
PCCEXOL,20201001,3.7000,3.7400,3.5200,3.5700,362815
PCCROKITA,20201001,44.3000,44.4000,43.5000,43.5000,974
PEKABEX,20201001,13.6000,13.8000,13.6000,13.8000,1662
PEKAO,20201001,50.6800,50.6800,49.5600,49.8000,344780
PEMANAGER,20201001,9.8400,9.8400,9.3200,9.3200,499
PEP,20201001,46.8000,49.6000,46.8000,48.8000,11362
PEPEES,20201001,1.3700,1.3700,1.3000,1.3700,20368
PGE,20201001,6.4520,7.0940,6.4520,6.9880,6294576
PGNIG,20201001,5.1000,5.1000,4.9890,5.0460,1150643
PGO,20201001,1.1800,1.1800,1.1800,1.1800,20
PGSSOFT,20201001,12.0500,12.3500,11.7500,12.3500,18587
PHARMENA,20201001,10.0500,10.0500,9.8000,10.0500,1104
PHN,20201001,11.2000,11.5000,11.2000,11.5000,144
PKNORLEN,20201001,46.3200,46.4500,44.8600,44.8600,757520
PKOASZEWZ,20201001,95.3000,95.3000,95.3000,95.3000,35
PKOBP,20201001,21.4500,21.4700,21.0200,21.0900,1411310
PKOGS,20201001,89.0100,89.0100,89.0100,89.0100,225
PKPCARGO,20201001,11.8000,11.8000,11.3200,11.3600,56884
PLASTBOX,20201001,1.6400,1.6400,1.6400,1.6400,1162
PLAY,20201001,38.6400,38.8800,38.6200,38.7200,958706
PLAYWAY,20201001,561.0000,564.0000,524.0000,527.0000,18037
PLAZACNTR,20201001,1.7300,1.7300,1.6000,1.7100,4010
PMPG,20201001,1.4500,1.5500,1.4500,1.5500,6300
POLICE,20201001,12.2000,12.2000,11.8000,11.8000,1858
POLIMEXMS,20201001,2.0600,2.0950,2.0400,2.0650,152654
POLNORD,20201001,3.0850,3.0900,2.9700,3.0700,8394
POLWAX,20201001,2.7600,2.9200,2.7300,2.9100,7382
POZBUD,20201001,1.5600,1.6500,1.5600,1.6100,46063
PRAGMAFA,20201001,25.4000,25.8000,25.2000,25.6000,1599
PRAGMAINK,20201001,8.7400,8.9000,8.1000,8.6000,2791
PRAIRIE,20201001,0.6630,0.6780,0.6550,0.6550,199209
PROCHEM,20201001,19.0000,19.0000,18.4500,18.9500,130
PROJPRZEM,20201001,16.7000,16.7000,16.5000,16.7000,282
PROTEKTOR,20201001,4.3600,4.5400,4.1400,4.4400,101722
PROVIDENT,20201001,2.3700,2.3700,2.3000,2.3600,34667
PULAWY,20201001,80.8000,80.8000,78.0000,79.0000,1433
PUNKPIRAT,20201001,0.7850,0.7850,0.7350,0.7800,13642
PZU,20201001,24.9600,25.0000,24.5500,24.6100,1112908
PZUAKORD,20201001,119.0000,119.1000,119.0000,119.1000,150
QMULTIFIZ,20201001,1159.0000,1180.0000,1159.0000,1180.0000,49
QUERCUS,20201001,3.4300,3.5400,3.4200,3.5000,5602
R22,20201001,31.5000,31.5000,31.0000,31.0000,1891
RADPOL,20201001,2.3100,2.3800,2.3100,2.3200,3111
RAFAKO,20201001,0.9000,0.9200,0.8920,0.9200,222938
RAINBOW,20201001,13.3000,13.4000,12.7500,13.0000,3965
RANKPROGR,20201001,1.7200,1.7200,1.6500,1.7000,2451
RAWLPLUG,20201001,7.7800,7.7800,7.7800,7.7800,200
RCCOFFAOPEN1,20201001,2.7200,2.7200,2.6500,2.6700,5260
RCCORNAOPEN,20201001,9.2600,9.2600,9.2600,9.2600,221
RCFL10GOLD,20201001,16.3000,16.4000,16.2600,16.4000,1325
RCFL10GOLD1,20201001,7.8300,7.8300,7.7200,7.7900,4000
RCFL2CCC1,20201001,15.3800,16.3800,15.3800,16.0200,248
RCFL2CORN,20201001,3.5900,3.5900,3.5800,3.5800,29000
RCFL2GOLD,20201001,100.6000,100.6000,100.6000,100.6000,10
RCFL2PALL3,20201001,7.3500,7.3500,7.3500,7.3500,150
RCFL2PKN1,20201001,4.6400,4.6400,4.6400,4.6400,14000
RCFL2SILVE,20201001,31.0000,31.0000,31.0000,31.0000,2
RCFL3ALR1,20201001,4.8100,4.8900,4.8100,4.8900,1000
RCFL3CCC,20201001,0.0600,0.0600,0.0600,0.0600,5000
RCFL3CCC1,20201001,8.4700,13.0200,8.4700,12.4800,3415
RCFL3CDPRO1,20201001,101.0000,102.0000,83.4000,87.5000,290
RCFL3COFF,20201001,0.4400,0.4400,0.4200,0.4200,10000
RCFL3CORN,20201001,1.7900,1.8000,1.7900,1.8000,7000
RCFL3ENA,20201001,4.2000,4.2000,4.2000,4.2000,1000
RCFL3GASO2,20201001,5.7800,5.7800,4.8700,4.9300,1600
RCFL3GOLD1,20201001,13.4400,13.4400,13.4400,13.4400,150
RCFL3GOLD2,20201001,26.3000,26.3000,26.3000,26.3000,170
RCFL3JSW,20201001,0.8900,0.9300,0.7900,0.8500,845926
RCFL3JSW1,20201001,30.6000,31.0000,29.2000,29.2000,1605
RCFL3KGH,20201001,3.4700,3.4700,3.2300,3.2300,6030
RCFL3LTS1,20201001,0.2100,0.2100,0.2100,0.2100,10000
RCFL3NAG2,20201001,3.7900,3.9700,3.4000,3.4000,3300
RCFL3OIL2,20201001,1.2800,1.3500,1.2800,1.3500,9200
RCFL3OIL4,20201001,0.0200,0.0200,0.0200,0.0200,40000
RCFL3PEO,20201001,0.7600,0.7600,0.7600,0.7600,73550
RCFL3PGE,20201001,0.2200,0.2300,0.2100,0.2300,1270399
RCFL3PGE1,20201001,19.1600,19.1600,17.1000,18.1600,1950
RCFL3PKN,20201001,7.3900,7.3900,7.3900,7.3900,164
RCFL3PLAT1,20201001,4.5000,4.5000,4.5000,4.5000,250
RCFL3PLAT2,20201001,9.7000,9.7000,9.6900,9.6900,300
RCFL3SILVE,20201001,6.1200,6.2400,6.0500,6.2400,9992
RCFL3TPE,20201001,7.6300,7.6300,7.1100,7.1900,2996
RCFL3WHT,20201001,3.3300,3.3300,3.3300,3.3300,1000
RCFL3WHT2,20201001,8.2200,8.2200,8.2200,8.2200,290
RCFL3WHT3,20201001,9.0700,9.2600,9.0700,9.0700,3500
RCFL4CDPRO,20201001,59.3000,59.3000,39.9000,43.7500,9194
RCFL4GAMES,20201001,81.8000,81.8000,73.0000,73.0000,768
RCFL4KGH,20201001,3.3400,3.3500,3.0000,3.0000,2350
RCFL4PALL2,20201001,1.3000,1.3000,1.3000,1.3000,1500
RCFL4PGE,20201001,13.3400,13.3400,13.3400,13.3400,1040
RCFL4PKN1,20201001,1.5700,1.6100,1.5200,1.5200,58228
RCFL4PKO1,20201001,4.9800,4.9800,4.9800,4.9800,450
RCFL4PZU,20201001,0.4000,0.4000,0.3900,0.3900,25003
RCFL4SILVE1,20201001,6.3200,6.3200,6.3200,6.3200,111
RCFL4SILVE2,20201001,8.8000,9.2300,8.8000,9.2300,210
RCFL5COFF,20201001,0.1500,0.1500,0.1500,0.1500,10000
RCFL5COPP,20201001,5.8900,5.8900,4.9300,4.9300,2700
RCFL5CORN,20201001,2.4000,2.4000,2.3900,2.3900,30800
RCFL5GOLD,20201001,26.2000,26.9000,26.2000,26.9000,822
RCFL5NAG3,20201001,0.9600,0.9700,0.9600,0.9700,4940
RCFL5SBO1,20201001,8.2100,8.2100,7.6000,7.6000,310
RCFL5SILVE,20201001,1.4500,1.4600,1.4500,1.4500,6600
RCFL5SUGA1,20201001,0.9800,0.9800,0.9800,0.9800,1100
RCFL6COFF1,20201001,0.7800,0.7800,0.7700,0.7700,1250
RCFL6COFF2,20201001,1.8100,1.8100,1.5500,1.5500,3670
RCFL6SILVE,20201001,1.8600,2.0300,1.8500,1.9000,44120
RCFL6W20,20201001,9.0500,9.1200,8.5000,8.5100,3651
RCFL6W201,20201001,0.3200,0.3200,0.2900,0.2900,58000
RCFL7SILVE,20201001,0.3800,0.3800,0.3800,0.3800,600
RCFL8COFF,20201001,0.1100,0.1100,0.1100,0.1100,10000
RCFL8COFF1,20201001,0.4500,0.4500,0.3700,0.3800,72602
RCFODAOPEN,20201001,38.1000,38.1000,38.1000,38.1000,100
RCFS2SILVE1,20201001,3.5300,3.5300,3.5300,3.5300,285
RCFS3CDPRO,20201001,3.4000,3.7200,3.4000,3.7200,18116
RCFS3FDX,20201001,5.3000,5.3500,5.3000,5.3500,2
RCFS3GAMES,20201001,1.2800,1.3700,1.2800,1.3700,1299
RCFS3KGH,20201001,0.2700,0.2900,0.2600,0.2900,439185
RCFS3PGE,20201001,1.3400,1.3400,1.0300,1.1500,13350
RCFS3TPE,20201001,0.8800,0.8800,0.7800,0.8600,120000
RCFS4CDPRO1,20201001,2.0200,2.4400,2.0200,2.3100,171704
RCFS4ESX,20201001,0.4900,0.4900,0.4900,0.4900,500
RCFS4PGN,20201001,1.4400,1.4400,1.4400,1.4400,400
RCFS5FW20,20201001,5.2100,5.2600,5.2100,5.2600,710
RCFS5NAG1,20201001,2.4900,2.4900,2.4900,2.4900,1000
RCFS5SUGA,20201001,3.4800,3.4800,3.2200,3.4200,8249
RCFS6FW201,20201001,5.0700,5.3500,5.0300,5.3400,965
RCFS6SILVE,20201001,0.0400,0.0400,0.0400,0.0400,50000
RCFS6W201,20201001,4.3700,4.6200,4.2800,4.6200,8289
RCFS8COCO,20201001,3.3000,3.3000,3.3000,3.3000,1500
RCFS8COPP1,20201001,1.5000,1.9100,1.5000,1.9100,44200
RCGLDAOPEN,20201001,727.0000,727.0000,727.0000,727.0000,4
RCGSXE021120,20201001,993.0000,993.0000,993.0000,993.0000,228
RCGTECBSK0221,20201001,1039.5000,1039.5000,1039.5000,1039.5000,310
RCLNAGOPEN,20201001,1.5800,1.5800,1.5700,1.5700,2000
RCLOILAOPEN,20201001,14.0800,14.0800,14.0800,14.0800,200
RCLOILAOPEN1,20201001,156.4000,156.4000,153.0000,153.0000,13
RCSDAXOPEN,20201001,88.8000,88.8000,88.8000,88.8000,300
RCSILAOPEN,20201001,95.7000,95.7000,95.6000,95.7000,54
RCTLBML,20201001,0.9900,0.9900,0.9900,0.9900,1000
RCWHTAOPEN1,20201001,14.8000,14.9200,14.8000,14.9200,2900
REDAN,20201001,0.1950,0.2020,0.1950,0.1950,28201
REINO,20201001,1.4300,1.4800,1.3900,1.4800,5463
RELPOL,20201001,5.2200,5.3600,5.2200,5.3200,8263
REMAK,20201001,10.9500,12.0000,10.3000,10.4500,1795
RONSON,20201001,1.2700,1.2700,1.2100,1.2700,19751
ROPCZYCE,20201001,22.0000,22.0000,22.0000,22.0000,4
RYVU,20201001,61.0000,61.0000,60.0000,60.8000,2176
SANOK,20201001,13.9500,13.9500,13.2500,13.6000,10165
SANPL,20201001,144.5000,144.5000,141.2000,142.5000,20201
SANTANDER,20201001,7.3000,7.3010,7.0800,7.2500,12275
SANWIL,20201001,4.4000,4.4800,3.9600,4.1800,340284
SELENAFM,20201001,13.9500,13.9500,13.2000,13.2000,1905
SELVITA,20201001,43.5000,44.0000,39.9000,41.4000,30550
SERINUS,20201001,0.3760,0.3800,0.3600,0.3760,162266
SESCOM,20201001,31.2000,32.0000,31.2000,32.0000,110
SFINKS,20201001,0.3800,0.3840,0.3620,0.3840,2242
SILVAIR-REGS,20201001,9.0000,9.0000,8.1500,8.1500,1094
SIMPLE,20201001,10.6000,10.6000,10.6000,10.6000,522
SKARBIEC,20201001,25.0000,25.1000,24.7000,24.7000,260
SKOTAN,20201001,2.0400,2.0400,1.9500,2.0300,36627
SKYLINE,20201001,0.7000,0.7000,0.7000,0.7000,20
SNIEZKA,20201001,88.0000,88.0000,85.2000,88.0000,250
SOLAR,20201001,3.7300,3.7300,3.5600,3.7200,1618
SONEL,20201001,9.2000,9.3500,9.2000,9.3000,20
SOPHARMA,20201001,16.0000,16.0000,16.0000,16.0000,54
STALEXP,20201001,2.9600,2.9900,2.9500,2.9500,24609
STALPROD,20201001,189.8000,189.8000,185.0000,188.8000,302
STALPROFI,20201001,5.8200,5.9400,5.7000,5.9400,9592
STAPORKOW,20201001,2.7800,2.8400,2.7800,2.8400,1888
STARHEDGE,20201001,0.4420,0.4500,0.4420,0.4500,921
SUNEX,20201001,5.0000,5.9600,5.0000,5.6800,170969
SUWARY,20201001,17.4000,17.8000,17.4000,17.8000,25
SWISSMED,20201001,3.1700,3.1700,3.0100,3.0100,5956
SYGNITY,20201001,7.5600,7.7600,7.5200,7.6800,27152
SYNEKTIK,20201001,22.6000,22.9000,22.0000,22.6000,2227
TALEX,20201001,11.5500,11.5500,11.5500,11.5500,10
TATRY,20201001,167.0000,167.0000,163.0000,164.0000,65
TAURONPE,20201001,2.2200,2.4220,2.2180,2.3100,4963153
TBULL,20201001,23.2000,23.2000,20.8000,21.4000,9866
TERMOREX,20201001,1.3000,1.3000,1.3000,1.3000,600
TESGAS,20201001,4.8000,4.8000,4.6000,4.6200,13303
TIM,20201001,12.8500,13.0000,12.8000,12.9500,10658
TORPOL,20201001,12.5000,12.7000,11.5000,11.8000,25749
TOWERINVT,20201001,16.8000,17.4000,16.8000,17.4000,461
TOYA,20201001,7.7600,7.7600,7.6000,7.6800,5528
TRAKCJA,20201001,1.6260,1.6500,1.5900,1.6500,79194
TRANSPOL,20201001,2.8400,2.8400,2.7900,2.8400,20224
TRITON,20201001,2.3500,2.3500,2.2100,2.3000,9235
TSGAMES,20201001,575.0000,576.0000,570.0000,576.0000,9493
ULMA,20201001,50.0000,50.0000,46.2000,49.4000,900
ULTGAMES,20201001,29.5000,29.5000,28.5500,28.6000,6598
UNIBEP,20201001,7.8000,7.9600,7.6600,7.7400,3403
UNICREDIT,20201001,35.5000,35.5000,34.0000,34.0000,82
UNIMA,20201001,3.2800,3.2800,3.2800,3.2800,180
UNIMOT,20201001,37.2000,37.2500,34.0500,34.8500,32215
URSUS,20201001,0.5600,0.5670,0.5550,0.5660,27936
VENTUREIN,20201001,1.7800,1.8700,1.7700,1.8700,911
VIGOSYS,20201001,575.0000,575.0000,555.0000,570.0000,199
VINDEXUS,20201001,4.7400,4.8800,4.7400,4.8800,518
VISTAL,20201001,3.4000,3.4400,3.1300,3.1650,47258
VIVID,20201001,2.3000,2.3000,1.9900,2.0500,123261
VOTUM,20201001,13.0000,13.0000,12.8000,12.9500,3912
VOXEL,20201001,39.6000,41.0000,39.6000,40.0000,2664
VRG,20201001,2.3050,2.3950,2.3050,2.3400,486754
WARIMPEX,20201001,5.1000,5.1000,5.1000,5.1000,322
WASKO,20201001,1.3950,1.3950,1.3500,1.3900,15616
WAWEL,20201001,548.0000,556.0000,544.0000,550.0000,45
WIELTON,20201001,4.2650,4.2700,4.1600,4.2700,12809
WIKANA,20201001,2.1400,2.2800,2.1400,2.1600,389129
WIRTUALNA,20201001,72.6000,72.6000,69.0000,69.0000,3816
WITTCHEN,20201001,7.2600,7.2600,7.2400,7.2600,1275
WOJAS,20201001,4.2000,4.3400,4.1400,4.3400,1106
WORKSERV,20201001,0.9820,1.0500,0.9820,1.0200,677917
XTB,20201001,15.7000,15.9500,15.2500,15.4000,452017
XTPL,20201001,87.2000,88.0000,86.0000,86.0000,353
ZAMET,20201001,0.9350,0.9600,0.9000,0.9600,57055
ZASTAL,20201001,18.5000,20.2000,18.5000,20.0000,9745
ZEPAK,20201001,9.8800,9.9800,9.8200,9.9600,9085
ZPUE,20201001,174.0000,174.0000,159.0000,160.5000,1496
ZREMB,20201001,0.7050,0.7250,0.6900,0.7100,9648
ZUE,20201001,3.7400,3.7400,3.5600,3.7200,5121
ZYWIEC,20201001,474.0000,476.0000,472.0000,474.0000,38
INVESTORMS,20201001,3920.9100,3921.4100,3920.9100,3921.4100,294343.619
MWIG40,20201001,3573.1100,3582.3900,3543.1200,3550.1800,149027.533
MWIG40DVP,20201001,63.1100,63.1100,63.1100,63.1100,149027.533
MWIG40TR,20201001,4732.4000,4740.8600,4693.5400,4702.0200,149027.533
SWIG80,20201001,14224.8600,14244.9200,14071.3600,14136.5100,24429.017
SWIG80DVP,20201001,258.9600,258.9600,258.9600,258.9600,24429.017
SWIG80TR,20201001,18360.9800,18384.5600,18172.7600,18246.9400,24429.017
WIG,20201001,49608.4600,49692.3600,48905.9200,49035.4100,1058979.516
WIG-BANKI,20201001,3734.7900,3734.7900,3673.1800,3691.6600,63739.459
WIG-BUDOW,20201001,2994.1100,2994.1100,2968.6900,2989.7500,3662.852
WIG-CEE,20201001,1095.0800,1095.5400,1094.9600,1094.9600,2006.241
WIG-CHEMIA,20201001,6836.9900,6843.8800,6652.7500,6677.6200,1839.411
WIG-ENERG,20201001,1869.6700,1989.4800,1869.6700,1974.1400,61776.173
WIG-ESG,20201001,8122.0100,8128.8700,8017.7900,8036.5400,1007949.429
WIG-GORNIC,20201001,3771.8900,3813.9100,3656.5300,3656.5300,61906.309
WIG-INFO,20201001,3873.2000,3873.2000,3759.1500,3759.1500,7604.911
WIG-LEKI,20201001,6149.1800,6372.9500,6018.1000,6087.5600,79304.121
WIG-MEDIA,20201001,4995.8000,4998.2700,4829.9400,4835.8500,2705.976
WIG-MOTO,20201001,3741.6800,3747.3200,3667.9900,3681.1400,928.223
WIG-NRCHOM,20201001,2163.2300,2188.4700,2148.1000,2173.5200,5180.781
WIG-ODZIEZ,20201001,3858.7300,4080.5100,3858.7300,4038.4400,93771.390
WIG-PALIWA,20201001,4174.5700,4178.3900,4079.3400,4079.3400,50057.990
WIG-POLAND,20201001,50439.3800,50439.3800,50131.1500,50131.1500,1055663.702
WIG-SPOZYW,20201001,3007.2000,3029.2900,2993.4800,2998.6500,4976.778
WIG-TELKOM,20201001,901.5200,913.1800,897.8900,908.0300,47296.628
WIG-UKRAIN,20201001,342.8400,342.8400,336.5900,336.5900,1727.716
WIG.GAMES,20201001,33526.8700,33526.8700,32050.9900,32173.1300,477805.289
WIG.MS-BAS,20201001,9161.7300,9648.9200,9161.7300,9390.3100,118649.730
WIG.MS-FIN,20201001,5710.8700,5710.8700,5605.4700,5617.9800,81774.464
WIG.MS-PET,20201001,5675.7800,5678.9500,5549.9500,5550.8400,50502.892
WIG20,20201001,1719.5500,1723.8500,1687.5400,1694.1800,867018.138
WIG20DVP,20201001,7.5000,7.5000,7.5000,7.5000,867018.138
WIG20LEV,20201001,327.1900,328.8200,315.0600,317.5800,867018.138
WIG20SHORT,20201001,4210.1100,4289.1100,4199.5000,4272.7200,867018.138
WIG20TR,20201001,3146.9700,3146.9700,3092.6200,3097.6100,867018.138
WIG30,20201001,1969.1100,1971.7600,1941.4100,1947.1400,884547.977
WIG30TR,20201001,3535.7300,3535.7300,3513.6300,3513.6300,884547.977
WIGDIV,20201001,986.9900,986.9900,972.6600,973.8000,52277.752
WIGTECH,20201001,14837.6800,14837.6800,14571.9600,14576.1700,0.000
