06MAGNA,20201113,1.6800,1.6800,1.5200,1.5700,288755
11BIT,20201113,487.5000,496.5000,485.0000,487.0000,9238
4FUNMEDIA,20201113,5.1000,5.1000,4.8400,5.0000,213
ABPL,20201113,31.2000,31.3000,30.4000,30.7000,4704
ACAUTOGAZ,20201113,37.8000,37.8000,37.8000,37.8000,428
ACTION,20201113,4.3900,4.4600,4.3500,4.3900,19486
ADIUVO,20201113,5.4400,5.5000,5.2200,5.5000,4508
AGORA,20201113,6.4600,6.4600,6.2600,6.4000,8577
AGROTON,20201113,4.0800,4.0800,4.0100,4.0800,8710
AIGAMES,20201113,17.3500,17.4000,16.9000,17.0000,16207
AILLERON,20201113,7.4000,7.4000,7.0600,7.1200,10916
AIRWAY,20201113,2.1400,2.1400,2.0100,2.0800,398735
ALIOR,20201113,16.7000,16.9500,15.9300,16.4800,797867
ALLEGRO,20201113,79.9500,80.3600,74.7000,75.8800,3626856
ALTA,20201113,1.1200,1.1700,1.1200,1.1500,4818
ALTUSTFI,20201113,0.7980,0.8180,0.7980,0.8140,8160
ALUMETAL,20201113,40.4000,40.5000,40.2000,40.2000,2428
AMBRA,20201113,18.1000,18.2000,17.9000,18.1000,15524
AMICA,20201113,152.8000,153.0000,149.0000,149.0000,411
AMREST,20201113,22.0000,22.3500,21.1500,22.2500,345938
APATOR,20201113,20.7000,20.7000,20.4000,20.4000,2521
APLISENS,20201113,10.8000,10.8000,9.9000,9.9000,8
APSENERGY,20201113,1.7800,1.8500,1.7100,1.7200,15245
ARCHICOM,20201113,20.5000,20.5000,20.4000,20.5000,20583
ARCTIC,20201113,4.0900,4.2700,4.0900,4.2700,80386
ARTERIA,20201113,4.1000,4.1000,4.0600,4.0800,317
ARTIFEX,20201113,9.0200,9.2000,8.8000,8.8200,8526
ASBIS,20201113,7.2700,7.2700,7.0700,7.2200,104597
ASSECOBS,20201113,33.4000,33.4000,33.0000,33.0000,500
ASSECOPOL,20201113,66.0000,66.0000,64.7000,65.6000,57623
ASSECOSEE,20201113,40.8000,41.0000,40.5000,40.5000,8103
ASTARTA,20201113,24.3000,24.9000,23.4000,24.3000,25990
ATAL,20201113,31.6000,31.8000,30.5000,30.9000,3127
ATENDE,20201113,3.0800,3.0800,2.9800,2.9800,65071
ATLANTAPL,20201113,6.0000,6.0000,6.0000,6.0000,600
ATLANTIS,20201113,0.6820,0.6880,0.6820,0.6880,15524
ATMGRUPA,20201113,3.9000,3.9000,3.7900,3.8000,918
ATREM,20201113,2.2500,2.3000,2.1700,2.1700,8231
AUTOPARTN,20201113,7.3000,7.9000,7.3000,7.6000,621683
BAHOLDING,20201113,0.6340,0.6630,0.6170,0.6560,459234
BBIDEV,20201113,3.5000,3.5000,3.3900,3.4000,3859
BEDZIN,20201113,9.0000,9.1500,8.9500,9.1500,1103
BENEFIT,20201113,700.0000,700.0000,633.0000,648.0000,1829
BETACOM,20201113,10.5500,10.5500,10.5500,10.5500,25
BETAM40TR,20201113,51.7800,51.7800,50.9000,51.0000,1685
BETAW20LV,20201113,31.6400,31.8900,31.2700,31.3000,5298
BETAW20ST,20201113,415.5000,420.7000,415.5000,420.3000,1441
BETAW20TR,20201113,30.0450,30.0450,29.8100,29.8200,3749
BIK,20201113,12.1000,12.1000,12.1000,12.1000,25
BIOMEDLUB,20201113,15.6000,15.7000,14.8000,15.2500,678080
BIOTON,20201113,4.3400,4.4500,4.3000,4.3700,82504
BNPPPL,20201113,42.0000,42.9000,41.0000,42.1000,37766
BNPPSOLED1221,20201113,1051.5000,1051.5000,1051.5000,1051.5000,7
BOGDANKA,20201113,17.3000,17.3600,17.0000,17.0200,11736
BOOMBIT,20201113,19.6600,19.6600,19.0000,19.4400,7128
BORYSZEW,20201113,2.9000,2.9500,2.8600,2.9000,91256
BOS,20201113,5.6200,5.6200,5.2000,5.4000,48438
BOWIM,20201113,2.0000,2.0000,2.0000,2.0000,262
BRASTER,20201113,0.5040,0.5130,0.4800,0.4950,101384
BUDIMEX,20201113,253.5000,254.0000,247.0000,253.0000,9763
BUMECH,20201113,1.9600,1.9600,1.8900,1.9600,2167
CCC,20201113,50.6000,53.6800,50.5000,52.3000,256980
CDPROJEKT,20201113,372.5000,372.5000,363.1000,363.4000,286437
CDRL,20201113,14.4000,14.4000,14.3000,14.3000,10
CEZ,20201113,80.8000,80.8000,79.3000,79.3000,260
CFI,20201113,0.1720,0.1720,0.1550,0.1630,1899034
CIECH,20201113,30.7000,30.7000,28.8500,28.9000,122801
CIGAMES,20201113,1.3100,1.3800,1.2900,1.2960,1431415
CLNPHARMA,20201113,42.9000,42.9000,40.7500,42.0000,21008
CNT,20201113,12.6000,12.9000,12.5000,12.9000,1024
COALENERG,20201113,0.6000,0.6100,0.6000,0.6100,2890
COGNOR,20201113,1.1900,1.1900,1.1600,1.1600,22913
COMARCH,20201113,205.0000,205.0000,202.0000,202.0000,433
COMP,20201113,52.0000,52.0000,51.2000,51.6000,724
COMPERIA,20201113,2.5000,2.5000,2.5000,2.5000,150
CORMAY,20201113,1.4700,1.4700,1.4000,1.4500,185110
CPGROUP,20201113,6.3800,6.4600,6.3000,6.4600,1491
CYFRPLSAT,20201113,27.4000,27.4000,26.6800,26.8600,388096
CZTOREBKA,20201113,0.5300,0.5300,0.5300,0.5300,50
DATAWALK,20201113,200.0000,202.0000,190.5000,193.0000,1693
DEBICA,20201113,78.0000,78.4000,77.0000,77.0000,311
DECORA,20201113,31.0000,31.5000,30.3000,30.8000,5899
DEKPOL,20201113,22.0000,22.4000,21.8000,22.4000,3504
DELKO,20201113,15.2000,15.3000,15.0000,15.2000,2170
DEVELIA,20201113,1.8160,1.8260,1.7800,1.8220,58785
DGA,20201113,4.7000,4.7000,4.5500,4.5500,476
DIGITREE,20201113,6.0000,6.0000,6.0000,6.0000,166
DINOPL,20201113,258.4000,271.0000,257.2000,265.2000,223625
DOMDEV,20201113,99.0000,99.0000,96.2000,96.4000,6511
DROZAPOL,20201113,1.6200,1.6200,1.6200,1.6200,200
ECHO,20201113,3.9100,3.9100,3.8000,3.8100,41557
EDINVEST,20201113,3.2600,3.3200,3.2600,3.2600,1903
EFEKT,20201113,4.9000,5.0000,4.9000,5.0000,1487
EKOEXPORT,20201113,3.4000,3.4600,3.2650,3.3900,28919
ELBUDOWA,20201113,0.7150,0.7580,0.7050,0.7490,31760
ELEKTROTI,20201113,5.5600,5.7000,5.5600,5.7000,322
ELEMENTAL,20201113,2.3850,2.3950,2.3850,2.3900,81919
ELKOP,20201113,0.2470,0.2630,0.2400,0.2590,265877
ELZAB,20201113,4.0000,4.0400,3.9200,3.9200,8630
EMCINSMED,20201113,14.0000,14.0000,13.8000,13.8000,5
ENAP,20201113,1.4000,1.4000,1.3500,1.3500,5
ENEA,20201113,5.6000,5.6400,5.4250,5.4700,211939
ENELMED,20201113,18.1000,18.1000,17.4000,17.6000,100
ENERGA,20201113,8.3100,8.3200,8.3100,8.3200,323546
ENERGOINS,20201113,0.5900,0.6300,0.5900,0.6300,19409
ENTER,20201113,26.6000,26.8000,25.5000,26.2000,2986
ERBUD,20201113,20.8000,20.8000,20.3000,20.4000,2149
ERG,20201113,39.0000,39.0000,39.0000,39.0000,50
ESOTIQ,20201113,9.8400,9.8400,9.4800,9.8400,1323
ETFDAX,20201113,549.0000,555.8000,549.0000,553.0000,192
ETFSP500,20201113,139.5000,139.5000,138.3200,138.6800,2832
ETFW20L,20201113,217.3000,218.0000,215.5000,217.4000,1100
EUCO,20201113,4.5200,4.5200,4.1600,4.1600,11577
EUROCASH,20201113,15.0000,15.0000,14.2000,14.6200,632173
EUROTEL,20201113,23.5000,23.5000,23.4000,23.5000,827
FAMUR,20201113,1.6600,1.6660,1.6200,1.6600,294795
FASING,20201113,10.0500,10.1000,10.0000,10.0000,692
FEERUM,20201113,11.9000,11.9000,10.9000,11.0000,204
FERRO,20201113,17.8000,18.6500,17.8000,18.0500,3692
FERRUM,20201113,3.5400,3.5600,3.4000,3.5000,3979
FON,20201113,0.0915,0.1180,0.0910,0.1120,2287128
FORTE,20201113,36.9000,36.9000,35.8500,36.0000,1230
GAMEOPS,20201113,29.0000,29.0000,25.4100,27.2950,7884
GAMFACTOR,20201113,17.7000,17.7000,15.6700,16.4280,5760
GAMFACTOR-PDA,20201113,15.2360,15.6980,15.0000,15.5740,1024
GETIN,20201113,0.7850,0.7850,0.7660,0.7830,178721
GETINOBLE,20201113,0.1764,0.1764,0.1700,0.1738,1716075
GLCOSMED,20201113,5.5000,5.5000,5.1000,5.1500,24953
GPW,20201113,44.8000,44.8000,44.1000,44.5000,28157
GROCLIN,20201113,1.0000,1.0600,0.9800,0.9800,31433
GRODNO,20201113,12.6000,13.1500,12.4000,13.0500,130937
GRUPAAZOTY,20201113,25.2000,25.2000,24.6000,24.9000,41860
GTC,20201113,6.2400,6.3000,6.1800,6.2000,12313
HANDLOWY,20201113,34.6000,34.6000,33.1500,33.8000,36221
HARPER,20201113,15.2000,15.5000,14.5000,14.9000,35274
HELIO,20201113,10.9000,10.9000,10.3000,10.3000,102
HERKULES,20201113,1.3300,1.3300,1.3300,1.3300,102
HUBSTYLE,20201113,1.0500,1.0900,1.0200,1.0800,8205
HYDROTOR,20201113,28.4000,28.8000,28.4000,28.8000,79
I2DEV,20201113,9.7000,9.7000,9.7000,9.7000,8
IALBGR,20201113,0.2500,0.2680,0.2400,0.2680,23073
IDEABANK,20201113,1.5180,1.5180,1.4740,1.5000,36068
IDMSA,20201113,0.8150,0.8550,0.8150,0.8200,1716
IFCAPITAL,20201113,0.7500,0.7500,0.7000,0.7000,1157
IFIRMA,20201113,4.2800,4.3200,4.2600,4.3000,6249
IMCOMPANY,20201113,13.8000,14.9000,13.6000,13.9000,21821
IMMOBILE,20201113,2.6000,2.6000,2.3000,2.4500,131
IMPEL,20201113,11.2000,12.2000,11.2000,12.2000,251
IMPERA,20201113,1.1600,1.2700,1.1000,1.2700,31903
IMS,20201113,2.2700,2.3300,2.2000,2.2700,20503
INC,20201113,7.6000,8.3600,7.3600,8.3600,69333
INGBSK,20201113,148.0000,151.0000,144.2000,148.4000,24619
INPRO,20201113,4.5400,4.5400,4.5400,4.5400,2
INSTALKRK,20201113,20.1000,20.4000,20.1000,20.4000,649
INTERAOLT,20201113,15.5000,15.5000,15.0000,15.4000,3719
INTERCARS,20201113,218.0000,230.0000,217.0000,221.0000,730
INTERFERI,20201113,3.0600,3.1000,3.0600,3.1000,2126
INTERSPPL,20201113,0.9300,0.9700,0.9200,0.9200,3889
INTLALE35055,20201113,21.3500,22.7500,19.2000,19.9600,1150
INTLALE35089,20201113,31.5500,31.5500,29.7000,29.7000,80
INTLALE35097,20201113,33.2000,33.4500,31.4000,32.8000,1327
INTLALE35170,20201113,13.8000,13.8000,11.8400,11.8400,2379
INTLBCO31179,20201113,82.5000,82.5000,82.5000,82.5000,7
INTLBCO31336,20201113,77.3000,77.3000,77.3000,77.3000,140
INTLBCO31633,20201113,37.0000,37.0000,37.0000,37.0000,643
INTLBCO31682,20201113,53.8000,53.8000,53.8000,53.8000,1
INTLBCO35238,20201113,30.4500,30.4500,29.0500,29.0500,299
INTLBCO35246,20201113,33.8500,34.5000,33.8500,34.3000,1151
INTLCCC28977,20201113,3.2900,3.2900,3.2900,3.2900,22
INTLCCC30999,20201113,2.3100,2.3100,2.3100,2.3100,2000
INTLCCC31005,20201113,2.5300,2.6600,2.5300,2.5700,3855
INTLCDR23200,20201113,19.5800,19.5800,19.5800,19.5800,80
INTLCDR29850,20201113,15.0800,15.0800,15.0800,15.0800,40
INTLCDR30478,20201113,11.9200,11.9200,11.4000,11.5000,1226
INTLCDR30486,20201113,13.0000,13.0000,13.0000,13.0000,100
INTLCDR30726,20201113,10.5600,10.8000,10.3000,10.3000,28492
INTLCDR35345,20201113,6.8000,6.8000,6.2500,6.2500,6109
INTLCDR35352,20201113,7.7200,7.7200,7.5200,7.5200,4158
INTLDAX29934,20201113,165.0000,165.0000,165.0000,165.0000,980
INTLDAX31542,20201113,116.2000,116.2000,116.2000,116.2000,50
INTLDAX32193,20201113,83.5000,87.8000,83.5000,85.9000,60
INTLDAX35303,20201113,74.0000,79.2000,73.2000,78.0000,971
INTLDAX35592,20201113,47.0000,47.0000,44.0000,45.8000,1440
INTLDNP35493,20201113,5.6200,6.6600,5.6200,5.9600,4330
INTLEUD33555,20201113,33.1000,33.1000,33.1000,33.1000,30
INTLEUD33860,20201113,17.8000,17.8000,17.5800,17.5800,841
INTLEUR27599,20201113,20.2500,20.8000,19.9000,19.9000,397
INTLEUR28324,20201113,16.6200,16.6200,16.6200,16.6200,30
INTLGBP32250,20201113,33.7000,33.7000,33.7000,33.7000,889
INTLGLD21873,20201113,292.5000,292.5000,292.5000,292.5000,8
INTLGLD30130,20201113,149.0000,155.4000,149.0000,155.4000,5
INTLGLD31310,20201113,106.8000,106.8000,106.8000,106.8000,12
INTLGLD33092,20201113,80.0000,82.9000,80.0000,82.7000,62
INTLGLD33100,20201113,68.0000,73.1000,67.5000,73.1000,180
INTLGLD33464,20201113,42.2000,48.0000,42.0000,46.2000,3187
INTLGLD33472,20201113,58.3000,60.2000,58.1000,58.1000,330
INTLJSW28993,20201113,10.4400,10.6400,10.4400,10.6400,500
INTLJSW29884,20201113,10.1000,10.1000,9.2000,9.2000,190
INTLJSW30569,20201113,10.9000,10.9000,10.7200,10.7200,150
INTLJSW35386,20201113,5.5600,5.5600,5.2500,5.2500,4000
INTLKGH33936,20201113,36.4000,36.4000,36.4000,36.4000,5
INTLKGH34793,20201113,31.2000,31.6500,30.8000,31.2000,314
INTLLTS34702,20201113,10.0000,10.5000,10.0000,10.5000,720
INTLNAG33076,20201113,2.3400,2.5100,2.2100,2.5100,1246
INTLNDX34777,20201113,56.6000,56.6000,56.2000,56.2000,50
INTLNDX35659,20201113,33.1500,33.1500,30.0000,30.0000,2700
INTLOPL21626,20201113,3.0100,3.0100,3.0100,3.0100,1000
INTLPEO29439,20201113,19.8000,20.6000,19.8000,20.6000,550
INTLPEO35451,20201113,17.7000,17.7800,17.5600,17.6200,1000
INTLPGE31427,20201113,2.5500,2.5900,2.5500,2.5900,3000
INTLPGE35329,20201113,1.8300,1.8300,1.8300,1.8300,1500
INTLPGN32615,20201113,1.0200,1.1000,1.0200,1.1000,7000
INTLPKN04101,20201113,14.6200,15.2200,14.6200,15.2200,857
INTLPKN04119,20201113,17.0600,17.1400,16.8000,17.1000,780
INTLPKN05496,20201113,12.9200,13.0000,12.4400,12.7000,1229
INTLPKO29405,20201113,9.8200,9.8200,9.8200,9.8200,450
INTLPKO29413,20201113,11.9000,11.9000,11.9000,11.9000,85
INTLPKO30395,20201113,7.8600,8.3900,7.8600,8.3700,7142
INTLPKO30403,20201113,8.8000,8.8000,8.8000,8.8000,471
INTLPKO35444,20201113,7.5500,7.5700,7.1400,7.5700,2681
INTLPLA31757,20201113,5.4400,5.5900,5.4400,5.5900,200
INTLPLA33084,20201113,4.5500,4.7200,4.4500,4.7200,510
INTLPZU15610,20201113,5.6300,5.9000,5.3200,5.5500,7765
INTLPZU15800,20201113,6.7700,7.1000,6.7700,6.8200,1413
INTLSLV29702,20201113,46.9000,46.9000,46.9000,46.9000,43
INTLSLV33340,20201113,15.2000,15.5000,15.2000,15.5000,170
INTLSLV33357,20201113,17.1800,18.5400,16.9800,18.5400,2343
INTLSLV33365,20201113,21.2000,21.4500,21.2000,21.4500,550
INTLSLV34967,20201113,10.6400,12.7200,10.6200,12.7000,896
INTLSPX34785,20201113,20.4500,20.4500,20.4500,20.4500,100
INTLSPX34900,20201113,16.0800,16.4400,15.9800,16.4400,1632
INTLTNF25320,20201113,77.7000,77.7000,77.6000,77.6000,200
INTLUSD20602,20201113,26.8500,27.1500,26.3000,27.1500,1550
INTLUSD20610,20201113,32.2500,32.2500,32.2500,32.2500,898
INTLUSD20826,20201113,37.4500,37.7000,36.6000,36.6000,450
INTLUSD21170,20201113,21.0000,21.0000,21.0000,21.0000,250
INTLUSD34256,20201113,16.7200,16.7200,15.4600,15.4600,546
INTLW2029892,20201113,3.4100,3.5400,3.4000,3.4000,12240
INTLW2030585,20201113,3.1700,3.1700,3.1200,3.1200,26000
INTLW2035261,20201113,2.6000,2.6500,2.5000,2.5600,11317
INTLW2035287,20201113,3.0300,3.0300,3.0300,3.0300,92
INTLW2035543,20201113,1.7000,1.7000,1.5600,1.5600,14326
INTLW2035576,20201113,2.1500,2.1500,2.1500,2.1500,626
INTROL,20201113,3.5400,3.7000,3.5400,3.7000,12765
INTSALE35212,20201113,61.7000,65.5000,61.3000,65.5000,1609
INTSALE35220,20201113,74.5000,74.5000,74.5000,74.5000,100
INTSBCO27169,20201113,119.0000,119.2000,119.0000,119.2000,500
INTSBCO28027,20201113,36.4000,36.4000,36.0000,36.0000,705
INTSBCO28035,20201113,42.1500,42.1500,42.1500,42.1500,8
INTSBCO28043,20201113,49.7000,49.7000,49.7000,49.7000,9
INTSBCO28084,20201113,82.1000,82.1000,82.1000,82.1000,20
INTSBCO28308,20201113,29.8000,29.8000,29.8000,29.8000,65
INTSBCO34454,20201113,22.0000,22.7000,20.8000,22.6500,3811
INTSCCC34207,20201113,3.5600,3.5600,3.3900,3.3900,1447
INTSCDR34124,20201113,19.1200,19.1200,19.1200,19.1200,185
INTSCDR34801,20201113,11.8200,12.1200,11.5000,12.0200,4276
INTSDAX25783,20201113,37.4000,37.7500,32.0000,34.1500,7886
INTSDAX25825,20201113,49.7000,49.7000,44.5500,46.6000,1083
INTSDAX26591,20201113,62.6000,62.6000,59.0000,60.2000,256
INTSDAX26609,20201113,76.3000,76.3000,71.2000,73.4000,1134
INTSDAX34330,20201113,24.8000,25.5000,19.3600,21.1500,28586
INTSDOW27128,20201113,95.5000,95.5000,92.7000,92.7000,112
INTSDOW33274,20201113,60.9000,60.9000,60.9000,60.9000,14
INTSESX26021,20201113,23.3500,23.3500,22.5500,22.8000,1800
INTSEUD21246,20201113,16.4000,16.4400,16.3000,16.3000,610
INTSGBP27342,20201113,43.2500,43.4500,43.2500,43.4500,1388
INTSGBU31831,20201113,21.4500,22.1000,21.4500,21.8500,46
INTSGLD30882,20201113,108.2000,109.2000,108.2000,109.2000,200
INTSGLD33498,20201113,178.2000,178.4000,178.2000,178.4000,20
INTSGLD34504,20201113,72.7000,72.7000,68.0000,68.0000,12
INTSKGH35154,20201113,22.6500,24.7000,22.6500,23.0000,793
INTSNDX33225,20201113,37.2000,40.1000,36.6500,39.6500,340
INTSNDX33233,20201113,53.3000,53.3000,53.3000,53.3000,10
INTSNDX33241,20201113,69.3000,69.3000,69.3000,69.3000,10
INTSNDX33639,20201113,116.8000,117.8000,116.8000,117.8000,16
INTSNDX33647,20201113,133.0000,133.0000,133.0000,133.0000,7
INTSNKX27094,20201113,71.0000,73.0000,69.5000,73.0000,156
INTSPEO32326,20201113,19.9200,19.9200,19.1000,19.6600,1405
INTSPGE26229,20201113,4.8600,4.8600,4.8600,4.8600,500
INTSPGE34157,20201113,2.4600,2.4600,2.3800,2.3800,1278
INTSPKN27649,20201113,33.2500,33.2500,33.2500,33.2500,31
INTSPKN34173,20201113,22.2500,22.9500,22.2500,22.6000,292
INTSPKO20693,20201113,26.1000,26.1000,26.1000,26.1000,50
INTSPKO26997,20201113,19.1200,19.1200,19.1200,19.1200,55
INTSPKO32300,20201113,6.1300,6.1300,5.4000,5.6700,47041
INTSPLA34587,20201113,4.6000,4.6000,4.3000,4.3000,1027
INTSSLV34538,20201113,17.0600,17.0600,17.0600,17.0600,30
INTSSLV34553,20201113,12.5000,12.5000,12.3800,12.4200,680
INTSSPX34140,20201113,15.4000,15.5000,15.1000,15.1000,3000
INTSSPX34215,20201113,27.6000,27.6000,27.6000,27.6000,20
INTSSPX34413,20201113,9.7400,9.7400,8.9100,9.3800,11230
INTSSPX34421,20201113,34.3500,34.3500,34.3500,34.3500,58
INTSSPX34439,20201113,41.5500,41.5500,40.7000,40.7000,57
INTSUSD29694,20201113,55.7000,55.7000,55.7000,55.7000,268
INTSUSD35428,20201113,23.2000,23.2000,23.2000,23.2000,20
INTSUSJ32714,20201113,25.9000,25.9000,25.9000,25.9000,35
INTSW2019588,20201113,8.0500,8.0500,8.0500,8.0500,308
INTSW2019893,20201113,10.1200,10.1200,10.1200,10.1200,200
INTSW2020727,20201113,6.6300,6.6300,6.6300,6.6300,600
INTSW2020867,20201113,6.1100,6.1100,6.1100,6.1100,100
INTSW2026005,20201113,5.1400,5.1800,5.1400,5.1800,300
INTSW2027409,20201113,3.7600,3.7600,3.7600,3.7600,700
INTSW2028464,20201113,1.9100,2.0100,1.9100,2.0100,45680
INTSW2028472,20201113,2.4100,2.5900,2.4100,2.5900,5175
INTSW2034280,20201113,1.2100,1.3800,1.1900,1.3800,80604
INTSW2034298,20201113,1.4300,1.5600,1.4300,1.5600,2489
INTSW2034306,20201113,1.7000,1.7800,1.7000,1.7800,2305
INVFIZ,20201113,952.1000,952.1000,952.1000,952.1000,2
INVISTA,20201113,0.3300,0.3300,0.3300,0.3300,20
IPOPEMA,20201113,3.6200,3.6800,3.5000,3.6600,26959
ITMTRADE,20201113,0.1400,0.1400,0.1400,0.1400,1600
IZOBLOK,20201113,31.5000,31.5000,29.9000,31.4000,276
IZOLACJA,20201113,1.5000,1.5800,1.4400,1.5800,9909
IZOSTAL,20201113,2.2800,2.2800,2.2200,2.2600,26969
JSW,20201113,19.7000,19.8600,18.9000,19.0300,520859
JWCONSTR,20201113,3.0700,3.0700,3.0000,3.0600,787
K2INTERNT,20201113,19.0000,20.2000,18.0000,19.9000,24647
KCI,20201113,0.6400,0.6720,0.6320,0.6720,34732
KERNEL,20201113,42.7500,44.0000,41.0000,41.0000,27761
KETY,20201113,441.5000,442.0000,437.5000,441.5000,2204
KGHM,20201113,136.0500,136.8000,133.7000,135.5500,409985
KGL,20201113,16.7000,16.7000,15.8500,16.2000,427
KINOPOL,20201113,7.3000,7.3000,6.8500,6.9000,17321
KOGENERA,20201113,32.8000,33.2000,32.1000,33.0000,1649
KOMPAP,20201113,7.9000,7.9000,7.8000,7.9000,1819
KOMPUTRON,20201113,1.9400,1.9600,1.9200,1.9200,3800
KPPD,20201113,27.4000,27.4000,27.4000,27.4000,1
KREC,20201113,7.4200,8.0000,7.0800,7.0800,7690
KREDYTIN,20201113,11.4000,11.4000,11.4000,11.4000,5
KRKA,20201113,365.0000,374.0000,365.0000,374.0000,13
KRUK,20201113,150.5000,150.5000,140.4000,142.0000,18367
KRUSZWICA,20201113,56.4000,56.6000,55.8000,56.6000,1521
KRVITAMIN,20201113,13.0000,15.7000,12.6500,14.1500,277948
KSGAGRO,20201113,1.2800,1.6000,1.2000,1.6000,182113
LABOPRINT,20201113,10.1000,10.1000,10.1000,10.1000,112
LARQ,20201113,1.6500,1.7600,1.6500,1.7600,28617
LENA,20201113,3.4500,3.4700,3.4200,3.4300,7202
LENTEX,20201113,9.1000,9.5000,9.1000,9.4000,4776
LIBET,20201113,2.0400,2.1000,1.9900,2.0900,89869
LIVECHAT,20201113,95.9000,96.8000,95.3000,96.1000,19285
LOKUM,20201113,12.0000,12.0000,12.0000,12.0000,226
LOTOS,20201113,32.4000,32.7400,31.7500,32.0000,692402
LPP,20201113,7200.0000,7200.0000,6665.0000,6915.0000,2959
LSISOFT,20201113,12.4500,12.5000,12.2000,12.5000,12357
LUBAWA,20201113,1.5000,1.5300,1.4800,1.5200,555062
MABION,20201113,24.5000,24.8000,24.0000,24.0000,19713
MAKARONPL,20201113,5.6000,5.7000,5.5000,5.7000,7331
MANGATA,20201113,50.0000,50.0000,49.8000,49.8000,299
MARVIPOL,20201113,5.1200,5.2600,5.1200,5.1800,1364
MASTERPHA,20201113,4.2600,4.3500,4.2600,4.3500,3434
MAXCOM,20201113,11.9000,12.0500,11.5500,11.9500,2114
MBANK,20201113,169.0000,169.0000,160.5000,160.7000,63164
MBWS,20201113,5.9000,5.9000,5.8700,5.8700,722
MCI,20201113,14.5000,14.6000,14.4000,14.6000,717
MDIENERGIA,20201113,3.8500,3.9000,3.8200,3.8200,4837
MEDIACAP,20201113,2.0900,2.0900,2.0900,2.0900,520
MEDICALG,20201113,25.5000,26.0000,24.9000,25.0000,33241
MENNICA,20201113,20.0000,20.2000,19.6000,19.6000,4554
MERCATOR,20201113,520.0000,528.0000,485.0000,498.0000,90001
MERCOR,20201113,9.9000,9.9000,9.7600,9.7600,3476
MEXPOLSKA,20201113,1.3100,1.3100,1.2400,1.3100,327
MFO,20201113,20.2000,20.2000,19.5000,19.5000,156
MILKILAND,20201113,0.6300,0.6400,0.5700,0.6400,12139
MILLENNIUM,20201113,2.8680,2.9100,2.8300,2.8380,971717
MIRACULUM,20201113,1.1500,1.1500,1.0900,1.0900,25136
MIRBUD,20201113,2.3400,2.4200,2.3000,2.4000,272311
MLPGROUP,20201113,84.5000,84.5000,79.5000,84.0000,72
MLSYSTEM,20201113,78.8000,85.2000,78.8000,83.0000,79129
MOBRUK,20201113,332.0000,332.0000,328.0000,328.0000,61
MOJ,20201113,1.3000,1.3000,1.2600,1.2600,25508
MOL,20201113,23.6800,23.8400,23.5000,23.7000,1592
MONNARI,20201113,1.5700,1.5750,1.4400,1.4700,142990
MOSTALPLC,20201113,8.2800,8.2800,8.1200,8.1200,2002
MOSTALWAR,20201113,4.3500,4.4000,4.3000,4.3900,3081
MOSTALZAB,20201113,0.8660,0.8660,0.8520,0.8640,31013
MUZA,20201113,2.6400,2.6400,2.5200,2.6000,2933
MWTRADE,20201113,1.6000,1.6900,1.6000,1.6500,5925
NANOGROUP,20201113,7.6500,7.6500,7.2000,7.2500,23472
NETIA,20201113,4.7400,4.7400,4.6600,4.7100,37399
NEUCA,20201113,608.0000,622.0000,603.0000,610.0000,1137
NEWAG,20201113,26.5000,26.5000,25.7000,26.1000,688
NEXITY,20201113,17.5000,19.2000,17.5000,18.9000,1878
NOVATURAS,20201113,9.8000,9.8000,9.2000,9.8000,1022
NOVAVISGR,20201113,1.7400,1.7400,1.6900,1.7400,6006
NOVITA,20201113,138.0000,140.5000,138.0000,138.0000,170
NOWAGALA,20201113,0.7700,0.7700,0.7700,0.7700,2000
NTTSYSTEM,20201113,2.9700,2.9700,2.9000,2.9000,632
OAT,20201113,56.8000,57.0000,51.2000,51.2000,299546
ODLEWNIE,20201113,4.4000,4.4000,4.1100,4.4000,23633
OEX,20201113,15.2000,15.5000,15.2000,15.4000,1017
OPONEO.PL,20201113,32.5000,32.8000,31.3000,32.6000,1669
OPTEAM,20201113,24.2000,24.6000,24.0000,24.0000,801
ORANGEPL,20201113,6.6400,6.6400,6.4700,6.5500,947379
ORCOGROUP,20201113,1.1520,1.2400,1.1500,1.2400,24904
ORZBIALY,20201113,10.7000,10.8000,10.7000,10.8000,265
OTLOG,20201113,4.3000,4.3000,3.9400,4.0000,9825
OTMUCHOW,20201113,1.3700,1.6500,1.3700,1.5500,26393
OVOSTAR,20201113,67.0000,67.0000,66.0000,67.0000,1000
PAMAPOL,20201113,1.3700,1.3700,1.3700,1.3700,4000
PANOVA,20201113,9.8000,10.3500,9.8000,10.3500,301
PATENTUS,20201113,0.9700,0.9700,0.9700,0.9700,5000
PBKM,20201113,79.2000,80.0000,79.2000,80.0000,578
PCCEXOL,20201113,3.7400,3.8500,3.6100,3.7500,241565
PCCROKITA,20201113,46.8000,47.5000,44.0000,44.6000,11216
PEKABEX,20201113,15.1500,15.1500,14.6500,15.0000,10057
PEKAO,20201113,53.9800,54.1800,53.0400,53.9000,689871
PEMANAGER,20201113,15.3000,15.5000,15.0000,15.3500,4054
PEP,20201113,53.2000,53.2000,51.6000,52.0000,3251
PEPEES,20201113,1.3500,1.3500,1.3400,1.3500,858
PGE,20201113,6.0480,6.1300,5.9400,6.0900,1837704
PGNIG,20201113,4.7600,4.7870,4.6510,4.6880,3137340
PGO,20201113,1.0500,1.1000,1.0150,1.0800,6990
PGSSOFT,20201113,12.1000,12.2000,12.0000,12.2000,3700
PHARMENA,20201113,12.2500,12.5000,11.7500,12.3000,5700
PHN,20201113,10.5000,10.5000,10.1500,10.4000,2508
PKNORLEN,20201113,46.8500,46.8500,45.2000,45.7600,1175617
PKOASZEWZ,20201113,96.2600,98.2800,96.2600,98.2800,44
PKOBP,20201113,24.6300,25.3900,24.4300,25.1500,5544603
PKPCARGO,20201113,11.7000,11.8400,11.5600,11.7400,99167
PLASTBOX,20201113,1.7950,1.8300,1.7950,1.8300,40208
PLAY,20201113,38.6600,38.8000,38.0800,38.3200,165706
PLAYWAY,20201113,545.0000,549.0000,534.0000,540.0000,2796
PLAZACNTR,20201113,1.7500,1.7500,1.7500,1.7500,10
PMPG,20201113,1.7900,1.8400,1.7900,1.8400,3451
POLICE,20201113,11.3000,11.5000,11.3000,11.5000,531
POLIMEXMS,20201113,2.1650,2.1850,2.1350,2.1800,104237
POLNORD,20201113,2.9000,2.9750,2.9000,2.9000,4187
POLWAX,20201113,3.2200,3.3700,3.1600,3.3200,132383
POZBUD,20201113,1.8900,1.8900,1.8000,1.8000,51300
PRAGMAFA,20201113,20.0000,20.6000,19.8000,20.2000,1385
PRAGMAINK,20201113,7.2000,7.5000,7.1200,7.5000,1155
PRAIRIE,20201113,0.6060,0.6060,0.5600,0.5930,837008
PRIMETECH,20201113,1.0650,1.1000,1.0650,1.0650,2705
PROCHEM,20201113,18.2500,18.2500,18.2500,18.2500,12
PROJPRZEM,20201113,16.0000,16.0000,15.4000,16.0000,813
PROTEKTOR,20201113,4.0600,4.3000,4.0000,4.3000,39111
PROVIDENT,20201113,3.6700,3.7450,3.6000,3.7000,126461
PULAWY,20201113,81.0000,81.0000,81.0000,81.0000,297
PUNKPIRAT,20201113,0.7750,0.8200,0.7300,0.7650,208358
PZU,20201113,24.4000,24.6900,24.0800,24.4200,2676681
QMULTIFIZ,20201113,1199.9000,1199.9900,1199.9000,1199.9900,12
QUERCUS,20201113,3.2000,3.2400,3.2000,3.2400,3209
R22,20201113,31.0000,31.5000,30.6000,31.5000,5156
RADPOL,20201113,2.2500,2.3800,2.2500,2.3800,256
RAFAKO,20201113,0.8920,0.9300,0.8880,0.8940,533292
RAFAMET,20201113,14.0000,14.0000,14.0000,14.0000,3
RAINBOW,20201113,16.6000,16.6000,16.5000,16.6000,12231
RANKPROGR,20201113,1.4450,1.4450,1.4000,1.4300,14169
RAWLPLUG,20201113,7.8800,8.0000,7.8800,7.9600,3501
RCCOCOOPEN,20201113,82.7000,82.7000,82.7000,82.7000,600
RCESX7E0923,20201113,783.0000,783.0000,783.0000,783.0000,50
RCESXPP0823,20201113,1035.0000,1036.0000,1035.0000,1036.0000,636
RCFL10GOLD,20201113,10.3400,11.0200,10.3400,11.0200,2835
RCFL10OIL2,20201113,3.4500,3.6000,3.2700,3.2700,7442
RCFL10SILVE2,20201113,0.2100,0.2400,0.2100,0.2400,7000
RCFL2CCC1,20201113,13.2200,13.2200,13.2200,13.2200,200
RCFL2GOLD,20201113,98.4000,98.4000,98.4000,98.4000,1
RCFL2PEO,20201113,8.9400,8.9400,8.9400,8.9400,320
RCFL2PZU1,20201113,6.5000,6.5000,6.5000,6.5000,288
RCFL2W20,20201113,51.7000,51.7000,51.7000,51.7000,40
RCFL3ALE,20201113,14.6000,15.0200,13.4000,13.5000,350
RCFL3ALR1,20201113,7.4300,7.4300,7.4300,7.4300,100
RCFL3CCC,20201113,0.0400,0.0500,0.0400,0.0500,53587
RCFL3CDPRO1,20201113,68.3000,68.3000,64.9000,64.9000,175
RCFL3CDPRO2,20201113,6.3900,6.3900,6.3900,6.3900,125
RCFL3COFF3,20201113,6.3400,6.3400,6.3400,6.3400,150
RCFL3EUH,20201113,0.8500,0.9000,0.8500,0.9000,4000
RCFL3GOLD,20201113,67.4000,67.4000,67.4000,67.4000,1
RCFL3GOLD2,20201113,25.0000,25.0000,25.0000,25.0000,70
RCFL3JSW,20201113,0.2900,0.2900,0.2600,0.2600,367000
RCFL3KGH,20201113,4.8900,4.8900,4.8900,4.8900,300
RCFL3LTS1,20201113,0.1400,0.1600,0.1400,0.1600,6001
RCFL3MBK,20201113,1.1800,1.1800,1.0700,1.1000,54000
RCFL3MSBAS,20201113,8.0900,8.0900,8.0900,8.0900,75
RCFL3MSFIN,20201113,1.3900,1.3900,1.3900,1.3900,500
RCFL3NAG1,20201113,1.2800,1.2800,1.2800,1.2800,100
RCFL3NAG2,20201113,4.0000,4.0000,4.0000,4.0000,499
RCFL3OIL2,20201113,1.2700,1.2700,1.2700,1.2700,500
RCFL3OIL4,20201113,0.0300,0.0300,0.0300,0.0300,1300
RCFL3PALL3,20201113,1.1300,1.1300,1.1100,1.1100,5300
RCFL3PEO,20201113,0.8200,0.8400,0.8200,0.8400,2020
RCFL3PGE1,20201113,10.0600,10.0600,9.9600,9.9600,400
RCFL3PKN,20201113,6.7000,6.7600,6.5700,6.7300,3515
RCFL3PKO,20201113,3.2100,3.3800,3.2100,3.3800,48777
RCFL3PLAT2,20201113,8.4000,8.4800,8.4000,8.4800,1420
RCFL3PZU,20201113,7.4800,7.8100,7.4800,7.8100,120
RCFL3SILVE3,20201113,18.0000,18.0000,18.0000,18.0000,16
RCFL3SUGA2,20201113,5.4500,5.6500,5.4500,5.6500,2200
RCFL3TPE,20201113,5.0800,5.0800,5.0800,5.0800,300
RCFL3W20,20201113,21.8500,21.8500,21.8500,21.8500,300
RCFL4CDPRO,20201113,29.4000,29.5000,27.1500,27.1500,3191
RCFL4ESX,20201113,163.4000,164.2000,163.4000,164.2000,363
RCFL4FW203,20201113,2.1200,2.1300,2.1000,2.1000,14051
RCFL4GAMES,20201113,61.9000,61.9000,61.9000,61.9000,50
RCFL4KGH,20201113,4.8900,4.8900,4.8900,4.8900,400
RCFL4PEO1,20201113,4.7000,4.7000,4.6700,4.6800,1770
RCFL4PKN1,20201113,1.2400,1.2500,1.2400,1.2500,40234
RCFL4PKO,20201113,0.3500,0.3500,0.3500,0.3500,43020
RCFL4PZU,20201113,0.3200,0.3200,0.3200,0.3200,30
RCFL4SILVE2,20201113,9.1100,9.1100,9.1100,9.1100,201
RCFL5ALE,20201113,19.1600,19.1600,15.3200,17.1200,2414
RCFL5COFF4,20201113,5.5200,5.5200,5.5200,5.5200,200
RCFL5GOLD,20201113,24.0000,24.0000,24.0000,24.0000,1
RCFL5MWIG40,20201113,1.8400,1.8400,1.8400,1.8400,200
RCFL5SILVE,20201113,1.3400,1.3500,1.3400,1.3500,11
RCFL5SUGA,20201113,1.6300,1.6300,1.6300,1.6300,2500
RCFL5W20,20201113,10.0200,10.0200,10.0200,10.0200,250
RCFL5WHT1,20201113,2.0700,2.0700,2.0700,2.0700,45
RCFL6COPP1,20201113,8.0600,8.0600,8.0600,8.0600,900
RCFL6SILVE,20201113,1.7000,1.7000,1.7000,1.7000,617
RCFL6SILVE2,20201113,11.0000,11.0000,11.0000,11.0000,180
RCFL6W20,20201113,9.1200,9.1500,9.1200,9.1500,1200
RCFL6W201,20201113,0.3100,0.3100,0.3000,0.3000,5000
RCFL8COFF,20201113,0.1300,0.1300,0.1200,0.1200,10813
RCFL8COFF1,20201113,0.3400,0.3400,0.3400,0.3400,20000
RCFS10OIL2,20201113,1.0500,1.0500,0.9700,1.0500,17225
RCFS3ALR1,20201113,3.4800,3.8000,3.4000,3.8000,1732
RCFS3EAD,20201113,0.2100,0.2100,0.2100,0.2100,2200
RCFS3FDX,20201113,4.6000,4.6000,4.5500,4.5600,2200
RCFS3GAMES,20201113,1.2600,1.2600,1.2600,1.2600,1000
RCFS3KGH,20201113,0.1500,0.1500,0.1500,0.1500,41150
RCFS3LPP,20201113,0.3000,0.3200,0.3000,0.3000,7353
RCFS3MWIG40,20201113,8.3500,8.3900,8.3500,8.3900,200
RCFS3OIL2,20201113,0.2800,0.2800,0.2800,0.2800,455
RCFS3PGE,20201113,1.0300,1.0300,1.0200,1.0200,28050
RCFS3PKN,20201113,0.2700,0.2700,0.2700,0.2700,10000
RCFS3PKN1,20201113,20.2000,20.5000,20.2000,20.2500,618
RCFS3PKO,20201113,4.1400,4.1400,3.9900,4.0800,558
RCFS3PZU,20201113,4.0300,4.0300,4.0300,4.0300,500
RCFS3TPE,20201113,0.7600,0.7600,0.7600,0.7600,3030
RCFS4CDPRO1,20201113,1.8800,1.9600,1.8800,1.9600,1598
RCFS4DNP,20201113,2.8700,2.8700,2.8700,2.8700,300
RCFS4ESX,20201113,0.3000,0.3000,0.3000,0.3000,4000
RCFS4KGH,20201113,0.0700,0.0700,0.0700,0.0700,2500
RCFS4KGH1,20201113,7.3400,7.6000,7.3400,7.5200,1136
RCFS4PEO,20201113,11.5400,11.5400,10.5400,10.9400,2646
RCFS4PGN,20201113,1.3300,1.3300,1.3300,1.3300,3768
RCFS4PKN,20201113,13.7000,13.7000,13.7000,13.7000,200
RCFS4PKO,20201113,5.5900,5.5900,4.9000,5.1100,9487
RCFS5OIL4,20201113,5.7700,5.9800,5.7700,5.9800,200
RCFS5SUGA,20201113,1.7800,1.7800,1.7700,1.7800,2800
RCFS5SUGA1,20201113,1.0000,1.0000,0.9900,0.9900,2000
RCFS6FW201,20201113,3.2900,3.2900,3.2900,3.2900,150
RCFS6W201,20201113,2.9000,2.9500,2.8100,2.9100,26865
RCGLDAOPEN,20201113,732.0000,732.0000,730.0000,730.0000,65
RCGOIL1022,20201113,1032.5000,1032.5000,1032.5000,1032.5000,10
RCGSD3E0822,20201113,1077.0000,1077.0000,1077.0000,1077.0000,100
RCGSX7E0122,20201113,984.0000,984.0000,984.0000,984.0000,115
RCLNAGOPEN,20201113,1.6600,1.6600,1.6600,1.6600,300
RCNDXAOPEN,20201113,454.0000,454.0000,454.0000,454.0000,1
RCSILAOPEN,20201113,95.5000,98.0000,95.0000,98.0000,135
RCTLWHT008,20201113,5.1200,5.1200,5.1200,5.1200,303
RCTSING,20201113,1.0000,1.0000,0.8800,0.8800,1500
RCTSJSW2,20201113,1.6700,1.7300,1.6700,1.7300,4400
RCTSKRU1,20201113,3.8700,4.1800,3.8700,4.1800,200
RCTSWHT011,20201113,3.0200,3.0200,3.0200,3.0200,603
RCTSWHT013,20201113,6.7300,6.8000,6.7300,6.8000,1500
RCWHTAOPEN1,20201113,14.8000,14.9200,14.7800,14.9200,9000
REDAN,20201113,0.1800,0.1810,0.1710,0.1780,6530
REINO,20201113,1.4600,1.4600,1.4600,1.4600,2
RELPOL,20201113,5.0800,5.0800,5.0000,5.0800,14046
REMAK,20201113,10.2500,10.2500,10.0000,10.2000,102
RONSON,20201113,1.3500,1.3500,1.2950,1.3300,16820
ROPCZYCE,20201113,21.9000,22.0000,21.8000,22.0000,868
RYVU,20201113,53.4000,53.6000,51.4000,51.4000,8683
SANOK,20201113,13.1000,13.1500,13.0000,13.1500,44325
SANPL,20201113,172.9000,172.9000,168.2000,171.3000,67190
SANTANDER,20201113,10.2000,10.7660,10.2000,10.6200,90187
SANWIL,20201113,3.9000,3.9800,3.7200,3.8400,53682
SECOGROUP,20201113,13.6000,14.5000,13.6000,14.5000,1270
SEKO,20201113,8.8500,8.8500,8.7500,8.7500,88
SELENAFM,20201113,15.2000,15.3000,15.2000,15.3000,146
SELVITA,20201113,43.4000,44.7000,43.0000,43.0000,1379
SERINUS,20201113,0.3300,0.3300,0.3100,0.3240,778124
SESCOM,20201113,24.0000,24.6000,23.8000,23.8000,734
SFINKS,20201113,0.2890,0.2980,0.2650,0.2980,51136
SILVAIR-REGS,20201113,7.6000,8.0000,7.6000,8.0000,835
SIMPLE,20201113,11.3000,11.5000,11.2000,11.2000,3511
SKARBIEC,20201113,24.7000,25.0000,24.5000,24.7000,4305
SKOTAN,20201113,1.8500,1.8500,1.7900,1.8500,248
SKYLINE,20201113,0.7000,0.7000,0.7000,0.7000,700
SNIEZKA,20201113,88.2000,89.4000,88.2000,89.4000,199
SOLAR,20201113,4.1000,4.3000,3.8500,4.0000,51233
SONEL,20201113,9.6000,9.6500,9.4500,9.6500,1391
SOPHARMA,20201113,13.0000,13.0000,12.2000,12.2000,804
STALEXP,20201113,3.1600,3.1600,3.0300,3.1200,100752
STALPROD,20201113,209.5000,210.0000,205.0000,206.0000,1357
STALPROFI,20201113,5.8400,5.8400,5.5000,5.5000,7942
STARHEDGE,20201113,0.4500,0.4560,0.4500,0.4560,1874
SUNEX,20201113,4.8600,4.8700,4.5800,4.6200,40013
SUWARY,20201113,16.0000,16.0000,16.0000,16.0000,25
SWISSMED,20201113,3.7200,3.7200,3.3500,3.6200,30474
SYGNITY,20201113,7.9000,8.0400,7.8400,8.0400,7590
SYNEKTIK,20201113,31.0000,31.0000,29.8000,30.5000,14322
TALANX,20201113,143.0000,143.0000,140.0000,140.0000,29
TALEX,20201113,11.5500,11.5500,11.5500,11.5500,10
TAURONPE,20201113,2.1680,2.1680,2.1000,2.1560,2369086
TBULL,20201113,21.4000,21.4000,20.9000,21.4000,2461
TESGAS,20201113,4.1000,4.2600,4.1000,4.1200,42533
TIM,20201113,14.9000,14.9000,14.7000,14.8500,15450
TORPOL,20201113,10.6500,10.6500,9.9600,10.3000,32700
TOWERINVT,20201113,12.6000,12.8000,12.6000,12.6000,1503
TOYA,20201113,7.0800,7.1600,7.0000,7.1400,50382
TRAKCJA,20201113,1.6740,1.6800,1.6000,1.6800,200879
TRANSPOL,20201113,2.8800,2.8800,2.8400,2.8800,7807
TRIGONPP,20201113,42.9000,42.9000,42.9000,42.9000,102
TRIGONPP4,20201113,42.9000,42.9000,42.9000,42.9000,142
TRIGONPP5,20201113,42.9000,42.9000,42.9000,42.9000,49
TRITON,20201113,2.2900,2.2900,2.2000,2.2000,350
TSGAMES,20201113,597.0000,597.0000,564.0000,579.0000,11520
UCEXIBEX0421,20201113,114.6000,114.6000,114.6000,114.6000,1500
ULMA,20201113,46.4000,46.4000,44.2000,45.8000,686
ULTGAMES,20201113,28.2000,30.1500,28.2000,30.0000,34751
UNIBEP,20201113,8.0400,8.2600,8.0400,8.2600,3921
UNIMA,20201113,2.9000,2.9600,2.9000,2.9600,3110
UNIMOT,20201113,31.3000,33.6000,31.2000,32.0000,32087
URSUS,20201113,0.6640,0.6640,0.6300,0.6340,166747
VENTUREIN,20201113,1.6800,1.7000,1.6800,1.7000,2052
VIGOSYS,20201113,530.0000,535.0000,530.0000,530.0000,65
VINDEXUS,20201113,4.8500,4.8600,4.7000,4.8600,515
VISTAL,20201113,2.3500,2.8500,2.3200,2.8500,281674
VIVID,20201113,1.8600,1.8960,1.7820,1.8000,36353
VOTUM,20201113,12.5000,12.7500,12.4500,12.7500,10810
VOXEL,20201113,42.7000,45.4000,42.7000,44.8000,35837
VRG,20201113,2.3700,2.4000,2.3550,2.4000,130092
WARIMPEX,20201113,4.8900,4.8900,4.8900,4.8900,28
WASKO,20201113,1.3200,1.3300,1.2700,1.3150,3624
WAWEL,20201113,550.0000,550.0000,548.0000,548.0000,19
WIELTON,20201113,4.3000,4.3000,3.9150,4.0500,148320
WIKANA,20201113,2.1600,2.2200,2.1600,2.2200,111
WIRTUALNA,20201113,78.4000,78.4000,75.6000,77.2000,1469
WITTCHEN,20201113,7.5000,7.6200,7.3000,7.6000,5906
WOJAS,20201113,3.9000,5.4000,3.8600,5.4000,45013
WORKSERV,20201113,0.8310,0.8450,0.8010,0.8330,127931
XTB,20201113,17.0500,17.1000,16.8000,16.8000,205610
XTPL,20201113,75.4000,75.4000,72.0000,74.8000,278
ZAMET,20201113,0.8200,0.8450,0.8200,0.8250,110940
ZASTAL,20201113,30.4000,32.2000,30.2000,31.8000,6613
ZEPAK,20201113,10.0000,10.0000,9.8400,9.8400,4913
ZPUE,20201113,145.0000,145.5000,140.0000,145.5000,286
ZREMB,20201113,0.7500,0.7500,0.7500,0.7500,1004
ZUE,20201113,3.2400,3.2400,3.1400,3.2200,2113
ZYWIEC,20201113,480.0000,490.0000,480.0000,486.0000,1127
INVESTORMS,20201113,3967.5900,3967.5900,3947.4000,3947.4000,213067.059
MWIG40,20201113,3694.9600,3698.5200,3638.8000,3639.7700,137374.176
MWIG40DVP,20201113,63.1100,63.1100,63.1100,63.1100,137374.176
MWIG40TR,20201113,4893.5900,4893.5900,4820.1800,4820.6800,137374.176
SWIG80,20201113,14645.1600,14645.1600,14541.9900,14557.4800,50280.501
SWIG80DVP,20201113,270.7600,270.7600,270.7600,270.7600,50280.501
SWIG80TR,20201113,18919.4100,18919.4100,18787.5700,18806.1400,50280.501
WIG,20201113,51208.5100,51208.9300,50536.5700,50636.3100,1143499.465
WIG-BANKI,20201113,4190.3100,4238.5000,4153.6800,4211.5500,221865.636
WIG-BUDOW,20201113,3035.2400,3045.9200,2990.7200,3040.1400,6045.598
WIG-CEE,20201113,1144.7900,1144.7900,1137.3500,1137.3500,3052.794
WIG-CHEMIA,20201113,7138.9400,7160.9200,6914.0100,6953.1500,5597.390
WIG-ENERG,20201113,1822.2600,1827.8700,1793.8100,1817.7500,26951.414
WIG-ESG,20201113,8368.6100,8368.6100,8300.1400,8320.1900,793252.774
WIG-GORNIC,20201113,4193.7000,4206.1900,4126.8500,4173.7200,66110.672
WIG-INFO,20201113,3702.3400,3706.7700,3663.4600,3673.4500,7090.377
WIG-LEKI,20201113,5744.8800,5744.8800,5598.2800,5667.0800,12394.293
WIG-MEDIA,20201113,5241.2600,5241.2600,5071.2100,5165.9100,417.977
WIG-MOTO,20201113,3609.2900,3744.0400,3609.2900,3645.8900,5851.186
WIG-NRCHOM,20201113,2170.6000,2177.6400,2134.4900,2150.8200,1700.873
WIG-ODZIEZ,20201113,4156.5900,4156.5900,3928.6600,4051.8700,36529.506
WIG-PALIWA,20201113,4077.5600,4077.5600,3986.3300,4008.6500,92051.834
WIG-POLAND,20201113,51978.9500,51978.9500,51731.0100,51731.0100,1137997.632
WIG-SPOZYW,20201113,3203.6400,3205.9100,3111.3200,3115.3500,6813.611
WIG-TELKOM,20201113,911.2400,911.2400,894.0100,898.1300,23196.189
WIG-UKRAIN,20201113,387.8500,387.8500,386.9900,386.9900,2457.873
WIG.GAMES,20201113,32388.9700,32388.9700,31642.0500,31719.2300,119384.965
WIG.MS-BAS,20201113,9211.0100,9216.8600,9050.8600,9178.6600,82771.681
WIG.MS-FIN,20201113,6214.4900,6288.6600,6166.4800,6261.0800,265888.449
WIG.MS-PET,20201113,5528.0700,5528.0700,5397.9200,5420.1700,95367.825
WIG20,20201113,1768.1900,1768.5100,1743.8100,1749.4100,939623.938
WIG20DVP,20201113,10.3700,10.3700,10.3700,10.3700,939623.938
WIG20LEV,20201113,342.4000,342.5200,332.9400,335.1100,939623.938
WIG20SHORT,20201113,4053.0000,4108.6700,4052.2700,4095.8900,939623.938
WIG20TR,20201113,3229.3500,3229.3500,3195.2600,3204.1300,939623.938
WIG30,20201113,2044.5700,2044.5700,2015.7500,2021.0800,982870.440
WIG30TR,20201113,3673.4100,3673.4100,3652.9400,3652.9400,982870.440
WIGDIV,20201113,981.0500,981.0500,968.1200,969.6300,84093.961
WIGTECH,20201113,14587.0100,14587.0100,14370.1700,14383.2100,0.000
