06MAGNA,20201120,1.4100,1.4100,1.3500,1.3900,33079
11BIT,20201120,497.0000,502.0000,490.5000,496.0000,2487
ABPL,20201120,30.7000,31.7000,30.5000,31.6000,1736
ACAUTOGAZ,20201120,36.5000,36.8000,36.5000,36.8000,2225
ACTION,20201120,4.3800,4.5000,4.3800,4.4900,11485
ADIUVO,20201120,5.4600,5.5800,5.2400,5.5000,5943
AGORA,20201120,6.4000,6.4000,6.2000,6.3000,7321
AGROTON,20201120,5.1600,5.1600,4.6600,4.7300,36426
AIGAMES,20201120,16.4000,16.4500,16.1000,16.3000,7921
AILLERON,20201120,7.2000,7.5400,7.1200,7.4000,16466
AIRWAY,20201120,1.9600,1.9800,1.8100,1.9800,629312
ALIOR,20201120,17.1000,17.1100,16.5000,17.0000,328105
ALLEGRO,20201120,73.2900,79.4500,72.7400,78.3200,3325301
ALTA,20201120,1.1600,1.2100,1.1600,1.2100,14478
ALTUSTFI,20201120,0.8180,0.8200,0.8000,0.8000,7255
ALUMETAL,20201120,40.8000,42.7000,40.8000,42.6000,5922
AMBRA,20201120,17.8500,17.8500,17.3500,17.5000,7339
AMICA,20201120,146.2000,149.8000,146.0000,146.0000,3261
AMREST,20201120,24.4000,24.6000,23.7000,24.2000,135303
APATOR,20201120,21.0000,21.2000,20.8000,21.2000,32542
APLISENS,20201120,10.5000,11.5000,10.5000,11.5000,21576
APSENERGY,20201120,1.7000,1.7100,1.7000,1.7050,6160
ARCHICOM,20201120,20.5000,20.5000,19.9500,20.2000,26081
ARCTIC,20201120,5.2200,5.2400,4.9000,5.0000,155259
ARTERIA,20201120,4.1000,4.1000,4.1000,4.1000,13
ARTIFEX,20201120,9.2000,9.2600,8.9000,9.2000,3784
ASBIS,20201120,7.2500,7.2600,7.1000,7.2000,98711
ASSECOBS,20201120,34.2000,34.8000,34.2000,34.8000,556
ASSECOPOL,20201120,65.6000,69.6000,65.6000,69.0000,124844
ASSECOSEE,20201120,39.5000,39.9000,38.8000,38.8000,3387
ASTARTA,20201120,25.5000,25.5000,23.7000,25.0000,39855
ATAL,20201120,32.5000,32.9000,32.0000,32.8000,548
ATENDE,20201120,3.3000,3.3600,3.3000,3.3600,4672
ATLANTAPL,20201120,6.3000,6.3000,6.3000,6.3000,570
ATLANTIS,20201120,0.7000,0.7160,0.7000,0.7160,1602
ATLASEST,20201120,1.3400,1.3700,1.3100,1.3700,3165
ATMGRUPA,20201120,4.0600,4.1900,3.9500,3.9700,520
ATREM,20201120,2.0900,2.0900,1.9700,2.0200,3721
AUGA,20201120,2.9600,2.9600,2.9600,2.9600,10
AUTOCALLSX7E,20201120,685.5000,685.5000,685.5000,685.5000,808
AUTOPARTN,20201120,7.9000,7.9000,7.8000,7.9000,29291
BAHOLDING,20201120,0.6280,0.6380,0.6010,0.6380,135771
BBIDEV,20201120,3.4400,3.4400,3.4100,3.4400,1401
BEDZIN,20201120,9.5000,9.5000,9.5000,9.5000,578
BENEFIT,20201120,690.0000,690.0000,681.0000,681.0000,263
BETACOM,20201120,10.6000,10.6000,10.6000,10.6000,1
BETAM40TR,20201120,51.5000,51.9400,51.4400,51.9400,2948
BETAW20LV,20201120,32.9800,33.8300,32.7700,33.8000,2325
BETAW20ST,20201120,410.1000,410.8000,402.4000,403.2000,2124
BETAW20TR,20201120,30.5000,31.0000,30.5000,31.0000,13474
BIK,20201120,11.9500,11.9500,11.9500,11.9500,200
BIOMEDLUB,20201120,15.0000,15.3500,14.4000,15.1000,636858
BIOTON,20201120,4.4900,4.6800,4.4700,4.6000,183447
BNPPBSK0824,20201120,1014.0000,1015.0000,1014.0000,1015.0000,483
BNPPPL,20201120,46.5000,47.0000,45.6000,46.5000,3404
BNPPSOLE0322,20201120,1002.0000,1002.0000,1002.0000,1002.0000,28
BNPPSPX0422,20201120,998.0000,998.0000,998.0000,998.0000,25
BNPPSXPP0421,20201120,976.0000,976.0000,976.0000,976.0000,207
BOGDANKA,20201120,17.9000,18.1600,17.9000,18.1200,16985
BOOMBIT,20201120,19.3000,19.5400,18.8800,19.0000,23653
BORYSZEW,20201120,2.9200,2.9300,2.8950,2.9150,77984
BOS,20201120,5.4400,5.6000,5.4400,5.5800,2487
BRASTER,20201120,0.5030,0.5060,0.4940,0.5000,21683
BUDIMEX,20201120,249.0000,251.5000,242.0000,250.0000,4458
BUMECH,20201120,1.9600,1.9700,1.9500,1.9700,4085
CCC,20201120,57.4000,58.8000,56.9400,58.7200,311874
CDPROJEKT,20201120,368.1000,376.1000,368.0000,372.2000,295547
CDRL,20201120,14.7000,16.0000,14.7000,16.0000,3711
CELTIC,20201120,6.8000,7.0000,6.8000,7.0000,932
CEZ,20201120,79.8000,80.1000,79.3000,80.0000,347
CFI,20201120,0.2230,0.2230,0.2010,0.2210,416420
CIECH,20201120,30.5000,30.9000,29.8000,30.7000,125179
CIGAMES,20201120,1.2520,1.2680,1.2200,1.2400,567030
CITYSERV,20201120,7.5500,7.5500,7.5500,7.5500,100
CLNPHARMA,20201120,41.8000,41.9500,40.6000,40.9000,11583
CNT,20201120,12.9000,13.0000,12.9000,13.0000,100
COALENERG,20201120,0.5900,0.5900,0.5600,0.5900,11690
COGNOR,20201120,1.1900,1.2200,1.1900,1.2000,58106
COMARCH,20201120,200.0000,200.0000,194.5000,194.5000,927
COMP,20201120,50.8000,51.2000,50.0000,51.2000,1278
COMPERIA,20201120,2.9800,3.2000,2.8600,2.9800,19619
CORMAY,20201120,1.4200,1.4250,1.3900,1.4200,131467
CPGROUP,20201120,6.6000,6.6000,6.4400,6.6000,3091
CYFRPLSAT,20201120,26.6800,26.8400,26.4000,26.6200,446325
CZTOREBKA,20201120,0.6550,0.7500,0.6500,0.7500,24912
DATAWALK,20201120,193.0000,194.0000,190.5000,192.5000,1629
DEBICA,20201120,78.2000,78.2000,78.0000,78.2000,196
DECORA,20201120,31.1000,31.5000,31.0000,31.5000,3024
DEKPOL,20201120,26.8000,27.6000,26.4000,27.4000,6905
DELKO,20201120,17.1000,17.1000,16.1000,17.1000,14797
DEVELIA,20201120,1.8480,1.9080,1.8060,1.8060,153282
DGA,20201120,4.7500,4.7500,4.7000,4.7000,116
DINOPL,20201120,267.0000,272.2000,265.0000,272.2000,63501
DOMDEV,20201120,99.0000,102.5000,98.0000,98.0000,2089
DROZAPOL,20201120,1.6900,1.6900,1.6900,1.6900,50
ECHO,20201120,3.9200,3.9500,3.8500,3.8500,52771
EDINVEST,20201120,3.7000,3.7000,3.7000,3.7000,171
EFEKT,20201120,5.1500,5.3000,5.0500,5.3000,1786
EKOEXPORT,20201120,3.5250,3.5900,3.4600,3.5900,26127
ELBUDOWA,20201120,1.0000,1.0400,0.9800,1.0340,29922
ELEKTROTI,20201120,5.9400,5.9600,5.8000,5.9000,5226
ELEMENTAL,20201120,2.4000,2.4000,2.3850,2.4000,28542
ELKOP,20201120,0.2550,0.2550,0.2420,0.2550,59050
ELZAB,20201120,4.0200,4.3000,4.0000,4.0400,40205
EMCINSMED,20201120,12.0000,12.6000,12.0000,12.6000,2446
ENAP,20201120,1.4000,1.4000,1.4000,1.4000,1
ENEA,20201120,5.4600,5.5550,5.4100,5.4900,319963
ENELMED,20201120,17.4000,17.4000,17.4000,17.4000,250
ENERGA,20201120,8.0000,8.1000,8.0000,8.0450,135263
ENERGOINS,20201120,0.6600,0.6600,0.6100,0.6400,8190
ENTER,20201120,29.0000,30.6000,27.9000,29.5000,10940
ERBUD,20201120,20.3000,20.3000,20.0000,20.0000,544
ERG,20201120,41.2000,44.0000,41.0000,42.0000,2005
ESOTIQ,20201120,9.9400,9.9600,9.5600,9.9600,392
ETFDAX,20201120,550.2000,552.3000,550.0000,550.9000,221
ETFSP500,20201120,138.0600,138.4000,137.7600,138.1000,1653
ETFW20L,20201120,222.0000,224.5000,220.9000,223.5000,548
EUCO,20201120,4.2500,4.4000,4.2500,4.4000,3522
EUROCASH,20201120,14.3500,14.6000,14.3500,14.3800,111340
EUROTEL,20201120,24.8000,24.9000,24.3000,24.9000,1299
FAMUR,20201120,1.6900,1.7080,1.6500,1.6720,598395
FASING,20201120,11.1500,11.1500,10.6000,11.0000,3936
FEERUM,20201120,11.6000,11.6000,10.7000,11.5000,221
FERRO,20201120,19.9500,21.9000,19.6500,20.2000,50417
FERRUM,20201120,3.6200,3.6200,3.5000,3.6200,1934
FON,20201120,0.1050,0.1070,0.1020,0.1070,125029
FORTE,20201120,37.4000,39.8000,36.5000,38.1500,13320
GAMEOPS,20201120,26.0000,26.0000,24.8600,25.7950,768
GAMFACTOR,20201120,16.0000,16.2780,15.0700,16.0000,1391
GAMFACTOR-PDA,20201120,14.9980,15.4980,14.2000,15.4980,2267
GETIN,20201120,0.8600,0.9160,0.8500,0.8900,442645
GETINOBLE,20201120,0.1800,0.1840,0.1800,0.1838,803702
GLCOSMED,20201120,5.0000,5.0000,4.6800,4.8800,20845
GPW,20201120,43.5500,44.2000,43.5500,43.7500,60551
GROCLIN,20201120,1.0600,1.0600,1.0000,1.0450,10941
GRODNO,20201120,12.2000,12.6000,12.0500,12.4500,78266
GRUPAAZOTY,20201120,25.6500,26.3000,25.5500,25.5500,50639
GTC,20201120,6.1000,6.2000,5.9600,5.9600,20846
HANDLOWY,20201120,34.4500,34.4500,33.4000,33.5000,50904
HARPER,20201120,14.5000,14.5500,13.8500,14.1000,41277
HELIO,20201120,10.5000,10.5000,10.5000,10.5000,149
HERKULES,20201120,1.2700,1.3400,1.2700,1.3300,10414
HMINWEST,20201120,12.3000,12.3000,11.9000,12.0000,570
HUBSTYLE,20201120,1.2500,1.3000,1.1300,1.1900,15809
HYDROTOR,20201120,28.8000,28.8000,28.8000,28.8000,2
I2DEV,20201120,10.2000,10.2000,10.1000,10.2000,134
IALBGR,20201120,0.3200,0.3200,0.2600,0.2880,19378
IDEABANK,20201120,1.6480,1.6800,1.5900,1.6320,92047
IDMSA,20201120,0.9000,0.9400,0.9000,0.9400,6200
IFCAPITAL,20201120,0.7500,0.7800,0.7500,0.7800,23586
IFIRMA,20201120,4.5300,4.8000,4.5100,4.8000,28360
IMCOMPANY,20201120,16.1000,16.1000,15.5000,15.5000,3733
IMMOBILE,20201120,2.4900,2.4900,2.4000,2.4000,95
IMPEL,20201120,12.3000,12.5000,12.3000,12.5000,19985
IMPERA,20201120,1.2400,1.4100,1.2000,1.3300,184954
IMS,20201120,2.4000,2.4400,2.3000,2.4400,2409
INC,20201120,9.1800,9.1800,7.6000,8.2000,243455
INGBSK,20201120,152.0000,156.0000,152.0000,153.6000,18282
INPRO,20201120,4.6000,4.6000,4.6000,4.6000,400
INSTALKRK,20201120,20.0000,20.2000,19.5000,20.1000,3232
INTERAOLT,20201120,15.1500,15.4500,15.1000,15.1000,4621
INTERCARS,20201120,239.0000,245.0000,239.0000,241.0000,1518
INTERFERI,20201120,3.8800,4.2400,3.7400,4.2400,5506
INTERSPPL,20201120,1.1050,1.1050,1.1050,1.1050,314
INTLALE35055,20201120,17.2600,22.3500,16.7000,21.8000,6638
INTLALE35063,20201120,21.3500,26.2500,21.3500,26.2500,6185
INTLALE35071,20201120,23.9500,28.0000,23.7000,28.0000,1000
INTLALE35089,20201120,28.2500,30.5000,28.2500,30.5000,329
INTLALE35097,20201120,29.0000,33.7500,29.0000,33.7500,660
INTLBCO31633,20201120,43.3500,43.3500,43.3500,43.3500,50
INTLBCO31666,20201120,52.9000,52.9000,52.9000,52.9000,20
INTLBCO31682,20201120,59.0000,59.0000,58.9000,58.9000,101
INTLBCO35238,20201120,34.2000,34.2000,34.2000,34.2000,500
INTLBCO35691,20201120,31.4000,31.4000,31.4000,31.4000,200
INTLCCC28977,20201120,3.8800,3.8800,3.8800,3.8800,150
INTLCCC30510,20201120,4.0400,4.0400,4.0400,4.0400,1200
INTLCCC30999,20201120,2.8600,2.8600,2.7600,2.7600,2400
INTLCDR23200,20201120,20.5500,20.5500,20.5500,20.5500,60
INTLCDR30478,20201120,12.0000,12.6200,12.0000,12.6200,594
INTLCDR30726,20201120,11.2000,11.3400,11.0400,11.2000,5620
INTLCDR35345,20201120,7.0800,7.2700,6.9000,7.0800,17026
INTLCDR35352,20201120,8.3300,8.7000,8.3100,8.5300,2675
INTLDAX35303,20201120,75.9000,76.6000,75.9000,76.6000,26
INTLDAX35592,20201120,44.9000,47.5500,44.9000,46.8000,310
INTLDAX35618,20201120,68.3000,68.3000,68.3000,68.3000,20
INTLDAX35923,20201120,25.6000,25.7000,24.4500,25.7000,730
INTLEUD33860,20201120,18.9400,19.1400,18.7800,18.7800,77
INTLEUR24059,20201120,21.5000,21.5000,21.5000,21.5000,50
INTLEUR27599,20201120,17.0800,17.3600,16.8000,17.2800,250
INTLEUR34603,20201120,9.4900,9.4900,9.4900,9.4900,32
INTLGBP34645,20201120,26.5500,26.7500,26.5500,26.7500,11
INTLGBU34850,20201120,28.4500,28.4500,28.4500,28.4500,5
INTLGLD30866,20201120,124.6000,124.6000,124.6000,124.6000,50
INTLGLD31310,20201120,97.5000,97.5000,97.5000,97.5000,30
INTLGLD33092,20201120,72.8000,77.0000,72.8000,77.0000,303
INTLGLD33100,20201120,62.2000,66.0000,61.7000,65.9000,81
INTLGLD33464,20201120,36.6500,40.8000,35.6000,40.0000,2013
INTLGLD33472,20201120,49.3000,53.8000,49.3000,53.8000,90
INTLJSW28993,20201120,12.0000,12.0000,12.0000,12.0000,190
INTLJSW30569,20201120,12.9000,12.9000,12.9000,12.9000,50
INTLJSW35386,20201120,6.4800,7.4000,6.4800,6.6000,2190
INTLJSW35394,20201120,7.7400,7.7400,7.7400,7.7400,1000
INTLKGH33936,20201120,40.4000,40.4000,40.4000,40.4000,100
INTLKGH34793,20201120,33.5500,33.5500,33.5500,33.5500,5
INTLKGH35436,20201120,28.4500,30.2500,28.4500,30.2500,202
INTLKGH35790,20201120,24.1000,26.4500,24.1000,26.4500,206
INTLLTS34702,20201120,11.7000,11.7000,10.9600,10.9600,240
INTLNAG31740,20201120,1.7000,1.7500,1.7000,1.7500,1500
INTLNAG33779,20201120,2.1800,2.1800,2.1800,2.1800,350
INTLNDX35659,20201120,35.0500,35.0500,35.0500,35.0500,8
INTLPEO29439,20201120,23.0000,23.0000,23.0000,23.0000,100
INTLPEO35451,20201120,19.2600,19.2600,19.2600,19.2600,400
INTLPEO35824,20201120,14.0200,14.6000,13.8200,14.6000,1725
INTLPGE35329,20201120,1.8400,1.8400,1.8400,1.8400,200
INTLPGE35741,20201120,1.3000,1.3000,1.3000,1.3000,528
INTLPGN32615,20201120,1.1500,1.1500,1.1300,1.1300,2000
INTLPKN04101,20201120,19.0000,19.0000,17.7000,18.8600,1500
INTLPKN04119,20201120,20.0000,20.0000,20.0000,20.0000,55
INTLPKN05496,20201120,16.6200,16.9200,15.4800,16.3200,5703
INTLPKN35840,20201120,9.2000,9.7200,8.2400,9.5900,6929
INTLPKN35857,20201120,11.0800,11.0800,10.5200,10.5200,690
INTLPKN35865,20201120,13.2200,13.2200,13.2200,13.2200,1000
INTLPKN35873,20201120,14.3000,14.3000,14.3000,14.3000,500
INTLPKO29413,20201120,13.2400,13.2400,13.2400,13.2400,400
INTLPKO30395,20201120,10.0400,10.0400,9.7200,9.7200,1700
INTLPKO35444,20201120,9.1800,9.1800,8.9400,8.9400,293
INTLPKO35808,20201120,6.4200,6.4200,6.4200,6.4200,1570
INTLPLA29744,20201120,12.5600,12.5600,12.5600,12.5600,500
INTLPLA30270,20201120,11.5800,11.8200,11.5800,11.7400,1450
INTLPLA30288,20201120,14.0000,14.0000,14.0000,14.0000,90
INTLPLA31757,20201120,8.0900,8.1100,7.7800,7.9000,610
INTLPLA33084,20201120,7.1500,7.1500,7.1500,7.1500,280
INTLPLA35709,20201120,4.5700,5.2800,4.5700,5.2800,4034
INTLPLA35717,20201120,5.9300,6.0000,5.9300,6.0000,549
INTLPZU15610,20201120,7.6400,7.6600,7.3900,7.5900,9624
INTLPZU15800,20201120,8.9400,8.9400,8.9300,8.9300,309
INTLPZU35766,20201120,5.6900,5.9100,5.5800,5.9100,11636
INTLPZU35774,20201120,6.6900,6.6900,6.6900,6.6900,1000
INTLSLV33340,20201120,13.6200,14.2000,13.3200,14.2000,286
INTLSLV33357,20201120,16.5600,17.3600,16.5600,17.1400,600
INTLSLV34967,20201120,10.5000,10.8800,10.5000,10.8800,675
INTLSLV35683,20201120,7.0500,7.6500,6.9500,7.6500,1150
INTLSPX28928,20201120,61.0000,61.0000,61.0000,61.0000,5
INTLSPX33894,20201120,25.0500,25.0500,25.0500,25.0500,2
INTLSPX34900,20201120,16.6000,16.6000,16.3400,16.3400,423
INTLSPX35972,20201120,11.7000,11.7000,11.7000,11.7000,93
INTLUSD20602,20201120,23.0500,23.0500,22.7500,22.7500,210
INTLUSD20610,20201120,28.0000,28.0000,27.9000,27.9000,74
INTLUSD20826,20201120,32.8000,32.8000,32.8000,32.8000,300
INTLUSD21170,20201120,17.9000,17.9000,17.0000,17.5200,486
INTLUSD34256,20201120,12.5000,12.5400,11.3800,12.3800,805
INTLW2028639,20201120,10.3800,10.3800,10.3000,10.3000,196
INTLW2028647,20201120,10.6200,10.6200,10.6200,10.6200,150
INTLW2029892,20201120,3.9300,4.0500,3.9300,4.0500,2000
INTLW2035261,20201120,3.0100,3.0100,3.0100,3.0100,450
INTLW2035543,20201120,1.9300,2.2000,1.9300,2.2000,4762
INTLW2035550,20201120,2.2900,2.4000,2.2900,2.3900,2000
INTLW2035899,20201120,1.3500,1.6200,1.3500,1.6200,45000
INTLW2035907,20201120,1.8300,1.8300,1.8300,1.8300,500
INTROL,20201120,3.9000,4.0000,3.8600,3.9400,10582
INTSALE35212,20201120,67.3000,67.3000,62.0000,62.8000,1920
INTSBCO28027,20201120,29.8500,29.8500,29.8500,29.8500,10
INTSBCO28035,20201120,36.1500,36.1500,36.1500,36.1500,8
INTSBCO28308,20201120,24.2500,24.2500,23.7000,23.7000,78
INTSBCO34454,20201120,15.3000,16.0000,15.3000,16.0000,200
INTSCCC34207,20201120,2.9400,2.9400,2.8500,2.8500,1050
INTSCDR34124,20201120,18.8200,18.8200,18.3000,18.3000,121
INTSCDR34199,20201120,22.7500,22.7500,22.7500,22.7500,28
INTSCDR34801,20201120,11.0600,11.2000,11.0000,11.1000,440
INTSDAX25783,20201120,33.7000,33.7000,30.9000,32.0000,860
INTSDAX25825,20201120,45.2000,45.2000,45.2000,45.2000,20
INTSDAX26591,20201120,55.9000,57.6000,55.9000,57.6000,300
INTSDAX34330,20201120,21.5000,21.9000,17.7600,19.8200,8308
INTSDOW27128,20201120,80.7000,82.0000,80.7000,82.0000,58
INTSDOW33274,20201120,54.0000,56.6000,53.8000,56.6000,653
INTSEUD21246,20201120,14.1600,14.1600,14.1600,14.1600,35
INTSEUR29181,20201120,43.5000,43.5000,43.5000,43.5000,200
INTSGBU21030,20201120,65.6000,65.6000,65.6000,65.6000,50
INTSGLD34504,20201120,76.5000,76.5000,72.8000,72.8000,154
INTSNDX33225,20201120,34.0000,34.3500,33.3500,34.3500,2194
INTSNDX33233,20201120,48.5000,48.5000,48.5000,48.5000,100
INTSNKX27094,20201120,65.4000,65.4000,65.4000,65.4000,20
INTSPEO24687,20201120,65.5000,65.5000,65.5000,65.5000,100
INTSPEO32334,20201120,28.0000,28.0000,28.0000,28.0000,36
INTSPKN27300,20201120,48.9000,48.9000,48.9000,48.9000,50
INTSPKN34173,20201120,18.4400,19.6000,18.4400,19.0000,2389
INTSPKO23630,20201120,20.8500,20.8500,20.5500,20.6000,475
INTSPKO25361,20201120,26.8000,26.8000,26.8000,26.8000,741
INTSPKO32300,20201120,4.0300,4.0300,3.8700,3.8700,3102
INTSPLA25544,20201120,7.6300,7.6300,7.6300,7.6300,300
INTSPLA34488,20201120,3.3000,3.3000,3.3000,3.3000,150
INTSPZU34165,20201120,11.9000,11.9000,11.6600,11.6600,800
INTSSLV33704,20201120,31.4500,31.4500,30.1500,30.1500,66
INTSSPX34413,20201120,8.7000,8.8800,8.3300,8.8800,4651
INTSSPX34439,20201120,40.0000,40.0000,39.8500,39.8500,155
INTSUSD35428,20201120,27.0000,27.6000,27.0000,27.6000,1163
INTSUSD35535,20201120,21.0000,21.0000,21.0000,21.0000,30
INTSW2019596,20201120,7.9500,7.9500,7.8900,7.8900,800
INTSW2020867,20201120,5.4100,5.4100,5.4100,5.4100,352
INTSW2027243,20201120,3.6400,3.6400,3.6400,3.6400,80
INTSW2027391,20201120,3.0900,3.0900,3.0300,3.0300,420
INTSW2028464,20201120,1.6500,1.6500,1.3600,1.3600,2700
INTSW2034280,20201120,0.9100,0.9100,0.6000,0.6100,31766
INTSW2034298,20201120,1.1200,1.1200,0.8900,0.9000,12608
INTSW2034306,20201120,1.2300,1.2300,1.1300,1.1300,7369
INVCEEFIZ,20201120,472.0000,472.0000,472.0000,472.0000,14
INVISTA,20201120,0.3700,0.3700,0.3700,0.3700,750
INVPEFIZ,20201120,860.1000,876.9000,860.1000,876.9000,9
IPOGPARPA,20201120,113.7500,113.7500,113.7500,113.7500,250
IPOPEMA,20201120,4.1600,4.2200,3.9200,4.0200,65699
ITMTRADE,20201120,0.1565,0.1565,0.1470,0.1560,2107
IZOBLOK,20201120,32.4000,33.4000,32.4000,33.4000,227
IZOLACJA,20201120,1.5700,1.5700,1.5700,1.5700,14
IZOSTAL,20201120,2.3900,2.3900,2.3500,2.3800,11993
JSW,20201120,20.1800,21.4700,20.1600,20.8000,1172666
JWCONSTR,20201120,3.0000,3.0400,3.0000,3.0400,1173
JWWINVEST,20201120,2.3800,2.3800,2.2800,2.2800,293
K2INTERNT,20201120,21.0000,21.8000,20.4000,21.0000,9244
KCI,20201120,0.6660,0.6740,0.6440,0.6740,20349
KERNEL,20201120,44.0000,45.0000,43.3000,43.8000,24491
KETY,20201120,458.0000,458.0000,450.0000,450.0000,7321
KGHM,20201120,138.0500,142.5000,136.1500,142.5000,404607
KGL,20201120,16.9500,16.9500,16.4500,16.4500,490
KINOPOL,20201120,7.6000,7.9000,7.1500,7.3000,63176
KOGENERA,20201120,32.9000,33.0000,31.8000,32.4000,1274
KOMPAP,20201120,8.6000,8.7000,8.0000,8.7000,4402
KOMPUTRON,20201120,2.0300,2.0300,2.0000,2.0100,12252
KPPD,20201120,28.0000,28.0000,28.0000,28.0000,1
KREC,20201120,6.9400,7.2200,6.9400,7.2000,1464
KREDYTIN,20201120,11.4000,11.4000,11.4000,11.4000,6
KRKA,20201120,383.0000,384.0000,380.0000,384.0000,76
KRUK,20201120,133.0000,136.8000,129.2000,135.5000,26966
KRUSZWICA,20201120,55.2000,55.2000,54.4000,54.8000,2830
KRVITAMIN,20201120,16.7000,21.8000,16.1500,20.8000,220032
KSGAGRO,20201120,2.9400,3.0600,2.5000,2.9000,204195
LABOPRINT,20201120,10.5000,10.5000,10.5000,10.5000,12
LARQ,20201120,1.7600,1.7600,1.7500,1.7500,4291
LENA,20201120,3.6000,3.6500,3.5700,3.6000,11167
LENTEX,20201120,9.8000,9.8600,9.7000,9.8600,16132
LIBET,20201120,2.0800,2.0800,1.9800,2.0600,131753
LIVECHAT,20201120,94.0000,95.5000,93.8000,94.0000,81202
LOKUM,20201120,12.0000,12.0000,12.0000,12.0000,8
LOTOS,20201120,33.2100,33.4900,32.6200,33.1700,698692
LPP,20201120,6875.0000,7000.0000,6815.0000,6870.0000,1550
LSISOFT,20201120,12.4000,12.4500,12.4000,12.4500,572
LUBAWA,20201120,1.4900,1.5300,1.4800,1.5050,316812
MABION,20201120,24.6000,24.8000,24.1500,24.2000,10135
MAKARONPL,20201120,5.7000,5.7000,5.6000,5.6500,6465
MANGATA,20201120,55.0000,55.0000,53.0000,53.0000,46
MARVIPOL,20201120,5.3200,5.4000,5.1400,5.2600,26039
MASTERPHA,20201120,4.2000,4.2000,4.0300,4.0700,20239
MAXCOM,20201120,12.1000,12.1000,11.7500,12.0000,808
MBANK,20201120,167.2000,168.8000,162.4000,162.6000,94714
MBWS,20201120,5.9000,5.9000,5.9000,5.9000,2
MCI,20201120,14.3000,14.5500,14.3000,14.5500,2634
MDIENERGIA,20201120,3.8800,3.9400,3.7600,3.8500,15409
MEDICALG,20201120,24.7500,25.2000,23.8000,25.1000,5597
MENNICA,20201120,19.8000,20.2000,19.6000,20.2000,2589
MERCATOR,20201120,416.0000,453.0000,403.0000,453.0000,134919
MERCOR,20201120,10.5000,10.5000,10.2000,10.4500,630
MEXPOLSKA,20201120,1.3900,1.3900,1.3500,1.3900,1400
MFO,20201120,22.2000,23.2000,22.2000,23.0000,8536
MILKILAND,20201120,0.8500,0.8740,0.7650,0.7890,322622
MILLENNIUM,20201120,2.8500,2.8940,2.8320,2.8320,771281
MIRACULUM,20201120,1.1550,1.2000,1.1550,1.1950,109830
MIRBUD,20201120,2.4000,2.4400,2.3200,2.4400,70046
MLPGROUP,20201120,83.0000,83.0000,79.5000,83.0000,124
MLSYSTEM,20201120,78.0000,82.6000,77.6000,82.0000,11894
MOBRUK,20201120,298.0000,324.0000,298.0000,324.0000,231
MOJ,20201120,1.1300,1.1600,1.1300,1.1600,4789
MOL,20201120,24.6000,24.9000,24.6000,24.8400,720
MONNARI,20201120,1.5300,1.7200,1.5100,1.6850,230492
MOSTALPLC,20201120,8.8600,8.8600,8.8600,8.8600,5
MOSTALWAR,20201120,4.3800,4.4500,4.3800,4.4200,2929
MOSTALZAB,20201120,0.8900,0.8900,0.8820,0.8900,15896
MUZA,20201120,2.7000,2.7000,2.6000,2.6000,2170
MWTRADE,20201120,1.7200,1.7200,1.7000,1.7200,428
NANOGROUP,20201120,6.5500,6.7500,6.2000,6.5500,13993
NANOGROUP-PDA,20201120,5.7000,5.8500,5.6500,5.7000,14205
NETIA,20201120,4.7300,4.8200,4.6600,4.6900,15717
NEUCA,20201120,577.0000,590.0000,565.0000,590.0000,2300
NEWAG,20201120,27.0000,27.3000,26.4000,26.8000,2673
NEXITY,20201120,19.5000,20.0000,19.0000,20.0000,701
NOVAVISGR,20201120,1.7100,1.7100,1.5600,1.7100,10934
NOVITA,20201120,157.0000,157.0000,154.0000,156.5000,740
NOWAGALA,20201120,1.0500,1.0500,0.9500,0.9600,36777
NTTSYSTEM,20201120,3.1900,3.1900,3.0300,3.0600,11551
OAT,20201120,53.6000,54.2000,50.6000,51.6000,110893
ODLEWNIE,20201120,4.6900,4.7000,4.6900,4.7000,3348
OEX,20201120,16.4000,16.4000,15.6000,15.6000,2943
OPENFIN,20201120,0.7820,1.0900,0.7820,1.0900,391107
OPONEO.PL,20201120,33.8000,37.0000,32.7000,35.0000,16082
OPTEAM,20201120,24.0000,24.4000,24.0000,24.4000,944
ORANGEPL,20201120,6.4400,6.4450,6.3500,6.3950,1787120
ORCOGROUP,20201120,1.3300,1.3300,1.3300,1.3300,1500
ORZBIALY,20201120,10.8000,10.8000,10.8000,10.8000,250
OTLOG,20201120,3.8000,3.8800,3.5400,3.8000,27862
OTMUCHOW,20201120,1.6900,1.6900,1.6600,1.6600,22
OVOSTAR,20201120,73.0000,73.0000,72.5000,72.5000,137
PAMAPOL,20201120,1.4000,1.4200,1.3700,1.4100,9195
PATENTUS,20201120,0.9700,1.0900,0.9700,1.0800,18798
PBKM,20201120,80.0000,80.0000,80.0000,80.0000,114
PCCEXOL,20201120,3.8800,3.9400,3.6500,3.7900,615791
PCCROKITA,20201120,48.3000,48.4000,47.5000,47.9000,2074
PEKABEX,20201120,16.3500,16.3500,15.1500,15.6000,14148
PEKAO,20201120,55.5600,57.0000,54.5400,57.0000,726994
PEMANAGER,20201120,15.4500,15.4500,15.4500,15.4500,2
PEP,20201120,50.4000,51.0000,50.2000,50.6000,1186
PEPEES,20201120,1.3500,1.3500,1.3000,1.3400,21364
PGE,20201120,5.9720,6.0860,5.9180,6.0660,1558657
PGNIG,20201120,4.9000,4.9190,4.7700,4.7900,3707727
PGO,20201120,1.1000,1.1000,1.0900,1.0900,6130
PGSSOFT,20201120,12.5000,12.7000,12.3000,12.6500,2223
PHARMENA,20201120,12.6500,12.6500,11.5000,12.3500,6771
PHN,20201120,10.9500,11.1500,10.7000,11.1500,526
PKNORLEN,20201120,50.3000,50.4400,48.3500,50.0400,2714851
PKOBP,20201120,26.6400,26.9700,26.2000,26.8300,2930809
PKPCARGO,20201120,12.4000,12.9400,12.3000,12.8400,111721
PLASTBOX,20201120,1.8700,1.8700,1.8000,1.8200,8146
PLAY,20201120,38.5200,38.9600,38.5000,38.9000,224025
PLAYWAY,20201120,548.0000,565.0000,545.0000,563.0000,6543
PLAZACNTR,20201120,1.7700,1.7700,1.7700,1.7700,399
PMPG,20201120,2.0000,2.0000,1.8200,1.8200,7734
POLICE,20201120,12.0000,12.2000,11.8000,11.8000,1125
POLIMEXMS,20201120,2.3100,2.4600,2.2800,2.3750,674029
POLNORD,20201120,2.8500,2.8900,2.8500,2.8900,5007
POLWAX,20201120,3.4100,3.4200,3.3800,3.4000,67186
POZBUD,20201120,1.8500,1.8800,1.8000,1.8400,36006
PRAGMAFA,20201120,21.2000,23.0000,20.6000,22.0000,3236
PRAGMAINK,20201120,7.0000,7.2800,7.0000,7.2800,1003
PRAIRIE,20201120,0.5930,0.6120,0.5850,0.5860,196504
PRIMETECH,20201120,1.1500,1.1500,1.1000,1.1400,12477
PROCHEM,20201120,18.2500,18.2500,18.0000,18.0500,180
PROJPRZEM,20201120,16.4000,16.4000,16.0000,16.0000,210
PROTEKTOR,20201120,4.0800,4.1000,3.9800,4.1000,12769
PROVIDENT,20201120,4.4500,4.5900,4.2850,4.4900,45654
PULAWY,20201120,84.6000,87.8000,84.6000,87.0000,1700
PUNKPIRAT,20201120,0.7000,0.7250,0.6800,0.7200,41606
PZU,20201120,26.3000,26.6500,26.0000,26.5300,1428879
PZUAKORD,20201120,119.5500,119.5500,119.4100,119.4100,250
QUERCUS,20201120,3.1000,3.1300,3.0800,3.0800,11028
R22,20201120,31.8000,32.6000,31.5000,32.5000,8203
RADPOL,20201120,2.2700,2.3600,2.2000,2.3600,40275
RAFAKO,20201120,0.9490,1.0500,0.9200,1.0000,956240
RAFAMET,20201120,13.9000,13.9000,13.9000,13.9000,2
RAINBOW,20201120,19.0000,20.0000,19.0000,19.9000,11043
RANKPROGR,20201120,1.3950,1.3950,1.3800,1.3950,6522
RAWLPLUG,20201120,8.8400,8.8400,8.8400,8.8400,4
RCCOCOOPEN,20201120,92.6000,95.0000,92.6000,95.0000,19
RCCOFFAOPEN1,20201120,2.9100,2.9100,2.9100,2.9100,800
RCCORNAOPEN,20201120,10.1400,10.1400,10.1400,10.1400,200
RCESXPP0924,20201120,1053.5000,1053.5000,1053.5000,1053.5000,12
RCFL10GOLD,20201120,9.3500,9.5000,9.3500,9.5000,400
RCFL10GOLD1,20201120,4.4200,4.4400,4.4200,4.4400,1500
RCFL10OIL2,20201120,4.4400,4.4400,4.4400,4.4400,500
RCFL10SILVE2,20201120,0.1500,0.1500,0.1500,0.1500,4700
RCFL2ALE,20201120,9.9800,10.6000,9.7900,10.6000,4447
RCFL2GOLD,20201120,95.5000,95.9000,95.5000,95.9000,2
RCFL2GOLD2,20201120,19.0800,19.0800,19.0800,19.0800,3000
RCFL2OIL,20201120,2.4000,2.4000,2.4000,2.4000,750
RCFL2PKN1,20201120,5.0000,5.2700,5.0000,5.2700,1897
RCFL2PLAT1,20201120,8.1700,8.1700,8.1400,8.1400,450
RCFL2PZU1,20201120,7.7400,7.7400,7.7400,7.7400,400
RCFL2SOY,20201120,9.2200,9.2200,9.2200,9.2200,140
RCFL2TEN,20201120,10.9800,10.9800,10.9800,10.9800,76
RCFL3ALE,20201120,11.6600,11.9600,11.6600,11.9600,1310
RCFL3BAYG1,20201120,0.5100,0.5100,0.5100,0.5100,10000
RCFL3CCC1,20201120,9.9200,11.0800,9.9200,10.5400,601
RCFL3CDPRO1,20201120,69.9000,69.9000,69.9000,69.9000,10
RCFL3COCO,20201120,6.4100,6.4100,6.4100,6.4100,300
RCFL3COFF,20201120,0.4900,0.5000,0.4800,0.4800,65000
RCFL3COFF3,20201120,7.9800,7.9800,7.9800,7.9800,300
RCFL3CORN2,20201120,14.9200,14.9200,14.9200,14.9200,40
RCFL3EAD,20201120,1.0900,1.0900,1.0900,1.0900,1
RCFL3GOLD,20201120,63.0000,65.0000,63.0000,64.9000,58
RCFL3GOLD2,20201120,23.7000,23.7000,23.7000,23.7000,50
RCFL3JSW,20201120,0.3100,0.3400,0.3000,0.3100,1003167
RCFL3LTS1,20201120,0.1600,0.1700,0.1600,0.1700,200002
RCFL3MBK,20201120,1.1400,1.1400,1.1300,1.1300,3100
RCFL3MSBAS,20201120,8.6400,8.6400,8.6400,8.6400,10
RCFL3MSFIN,20201120,1.6500,1.6500,1.6500,1.6500,200
RCFL3NAG2,20201120,2.5400,2.6600,2.5400,2.6600,640
RCFL3OIL2,20201120,1.3700,1.3700,1.3700,1.3700,1270
RCFL3OIL3,20201120,0.1100,0.1100,0.1100,0.1100,1200
RCFL3PKN,20201120,7.9800,8.4400,7.5800,8.4400,1169
RCFL3PKO,20201120,4.0000,4.0000,4.0000,4.0000,10000
RCFL3PLAT1,20201120,5.1200,5.1200,5.1200,5.1200,100
RCFL3PLAT2,20201120,10.4600,10.5200,10.4600,10.5200,550
RCFL3PLW,20201120,9.5600,10.2200,9.5600,10.2200,250
RCFL3PZU,20201120,9.5700,9.8900,9.4700,9.8900,1205
RCFL3SILVE,20201120,5.8700,6.0000,5.8700,6.0000,1662
RCFL3SILVE3,20201120,16.6800,17.1400,16.6800,17.1400,200
RCFL3SUGA2,20201120,5.4500,5.4500,5.4500,5.4500,350
RCFL3TPE,20201120,5.1400,5.1500,5.1400,5.1500,12768
RCFL3W20,20201120,23.0500,23.1000,23.0500,23.1000,450
RCFL4ALE,20201120,12.1000,15.5400,12.1000,14.8200,6893
RCFL4CDPRO,20201120,29.0500,30.4000,28.6500,30.4000,7243
RCFL4CDPRO1,20201120,4.9700,4.9800,4.9700,4.9800,65
RCFL4DNP,20201120,30.5500,30.5500,30.3500,30.3500,80
RCFL4FW203,20201120,2.3500,2.4400,2.3500,2.4400,2
RCFL4GAMES,20201120,70.5000,70.5000,70.5000,70.5000,20
RCFL4KGH,20201120,5.0400,5.6300,4.9500,5.6300,1038
RCFL4PGE,20201120,5.4700,5.4700,5.4700,5.4700,200
RCFL4PGN2,20201120,5.5100,5.5100,5.5100,5.5100,150
RCFL4PKN1,20201120,1.6000,1.6000,1.5000,1.5000,3600
RCFL4PLAT2,20201120,9.2500,9.3800,9.0000,9.0000,4258
RCFL4PZU,20201120,0.4300,0.4300,0.4300,0.4300,3000
RCFL4SILVE2,20201120,8.2900,8.5800,8.2900,8.5300,1400
RCFL4SILVE3,20201120,18.1400,18.1400,18.1400,18.1400,27
RCFL5ALE,20201120,11.2000,15.1400,11.1600,14.7200,5084
RCFL5COCO1,20201120,1.4800,1.6300,1.4800,1.6200,21985
RCFL5GOLD,20201120,22.5500,22.7000,22.5500,22.7000,2
RCFL5MSFIN2,20201120,5.4500,5.4500,5.4500,5.4500,500
RCFL5MSPET1,20201120,2.5600,2.5600,2.5600,2.5600,750
RCFL5MWIG40,20201120,1.9300,1.9300,1.9300,1.9300,300
RCFL5SBO1,20201120,15.8400,16.1800,14.6200,14.6200,950
RCFL5SILVE,20201120,1.2800,1.2800,1.2800,1.2800,500
RCFL5SOY,20201120,16.7200,16.7200,16.7200,16.7200,1000
RCFL5SUGA,20201120,1.7400,1.7400,1.7400,1.7400,2615
RCFL6COCO1,20201120,6.0000,6.5000,6.0000,6.5000,200
RCFL6COFF3,20201120,6.8100,6.8100,6.8100,6.8100,143
RCFL6CORN,20201120,2.4400,2.4400,2.4400,2.4400,500
RCFL6GOLD1,20201120,10.6800,10.8600,10.6800,10.8600,600
RCFL6NAG3,20201120,1.4900,1.6100,1.4900,1.5300,23071
RCFL6PLAT2,20201120,5.0800,5.1900,5.0200,5.1900,4123
RCFL6SILVE,20201120,1.5300,1.5300,1.5300,1.5300,7058
RCFL6SUGA,20201120,2.5100,2.5100,2.3000,2.3000,5315
RCFL6W20,20201120,10.2200,10.2200,9.9800,10.0000,1174
RCFL6W201,20201120,0.3400,0.3500,0.3400,0.3500,12000
RCFL7SILVE,20201120,0.2300,0.2300,0.2300,0.2300,297
RCFL8COPP1,20201120,6.0000,6.2500,6.0000,6.2500,1100
RCFS10GOLD2,20201120,12.2800,12.2800,12.2800,12.2800,70
RCFS10SILVE2,20201120,4.3500,4.3500,4.3500,4.3500,30
RCFS2COPP,20201120,3.0300,3.0300,3.0300,3.0300,4000
RCFS2KGH,20201120,3.4500,3.4500,3.4500,3.4500,1000
RCFS2W20,20201120,57.0000,57.0000,57.0000,57.0000,30
RCFS3ALR,20201120,22.2500,22.2500,21.2500,21.2500,175
RCFS3ALR1,20201120,3.2700,3.3500,3.2700,3.3300,2935
RCFS3COPP,20201120,1.4500,1.4500,1.4500,1.4500,400
RCFS3FDX,20201120,4.4700,4.5000,4.4700,4.5000,395
RCFS3GAMES,20201120,1.1300,1.1300,1.1300,1.1300,2000
RCFS3KGH,20201120,0.1500,0.1500,0.1300,0.1300,518601
RCFS3LPP,20201120,0.2900,0.2900,0.2900,0.2900,1500
RCFS3PGE,20201120,1.0500,1.0600,1.0500,1.0600,2000
RCFS3PKN,20201120,0.2100,0.2100,0.2100,0.2100,25000
RCFS3PKN1,20201120,14.6400,15.3200,14.6400,15.3200,546
RCFS3PKO,20201120,3.3000,3.3000,3.3000,3.3000,300
RCFS3SOY,20201120,5.1200,5.2000,5.1000,5.2000,4302
RCFS3TPE,20201120,0.7600,0.7600,0.7600,0.7600,10000
RCFS3W20,20201120,27.0500,27.0500,26.0000,26.0000,1944
RCFS4CDPRO1,20201120,1.7700,1.7700,1.7700,1.7700,196
RCFS4KGH1,20201120,6.0500,6.0900,5.5200,5.5900,1266
RCFS4PEO,20201120,8.8800,8.8800,8.8800,8.8800,420
RCFS4PGE,20201120,0.9100,0.9100,0.9100,0.9100,5000
RCFS4PGN,20201120,1.1100,1.1100,1.1100,1.1100,2000
RCFS4PKN,20201120,8.9800,8.9800,8.9800,8.9800,200
RCFS4PKO,20201120,3.7500,3.8000,3.7500,3.8000,1400
RCFS4PZU,20201120,9.8400,9.8400,9.8400,9.8400,1000
RCFS5COFF,20201120,0.8400,0.8900,0.8400,0.8700,19999
RCFS5COPP,20201120,1.3900,1.3900,1.3900,1.3900,2000
RCFS5FW20,20201120,3.0500,3.0500,3.0500,3.0500,100
RCFS5SBO1,20201120,1.9700,2.1700,1.9400,2.1700,4800
RCFS5SUGA,20201120,1.6100,1.7000,1.5500,1.7000,53010
RCFS5SUGA1,20201120,0.8800,0.9400,0.8800,0.9400,7800
RCFS6COFF3,20201120,8.2300,8.2300,8.2300,8.2300,600
RCFS6COPP1,20201120,1.7200,1.7200,1.7200,1.7200,3000
RCFS6FW201,20201120,2.6000,2.6000,2.6000,2.6000,320
RCFS6W201,20201120,2.4100,2.5400,2.2100,2.3000,56608
RCFS7NAG1,20201120,3.5700,3.5700,3.5700,3.5700,30
RCFS8COPP1,20201120,0.6400,0.6400,0.5500,0.5500,34000
RCGETNA1021,20201120,1034.5000,1034.5000,1034.5000,1034.5000,49
RCGLDAOPEN,20201120,701.0000,707.0000,700.0000,707.0000,18
RCGSX5E12212,20201120,1032.0000,1032.0000,1032.0000,1032.0000,75
RCGSXHC0122,20201120,1154.5000,1154.5000,1154.5000,1154.5000,100
RCGTECBSK0222,20201120,1092.5000,1092.5000,1092.5000,1092.5000,90
RCNDXAOPEN,20201120,451.0000,451.0000,451.0000,451.0000,43
RCSDGP0421,20201120,1032.5000,1032.5000,1032.5000,1032.5000,50
RCSILAOPEN,20201120,96.0000,96.0000,96.0000,96.0000,50
RCSOJAOPEN,20201120,60.8000,60.8000,60.8000,60.8000,650
RCTLALE8,20201120,2.5400,2.5400,2.5400,2.5400,349
RCTLALE9,20201120,1.8200,1.8200,1.8200,1.8200,9086
RCTLCOFF010,20201120,1.3400,1.3400,1.3400,1.3400,1068
RCTSJSW2,20201120,1.5100,1.6100,1.5100,1.6100,7900
RCTSKRU1,20201120,5.3700,5.3700,4.9200,4.9200,5300
RCWHTAOPEN1,20201120,15.0000,15.0000,15.0000,15.0000,1000
REDAN,20201120,0.2080,0.2180,0.2020,0.2180,31078
REINO,20201120,1.4600,1.4600,1.4600,1.4600,1
RELPOL,20201120,5.2400,5.3400,5.2200,5.3000,12104
REMAK,20201120,10.1500,10.1500,9.7400,9.7400,2273
RONSON,20201120,1.3100,1.3100,1.2700,1.3050,16693
ROPCZYCE,20201120,22.3000,22.5000,22.1000,22.3000,2703
RYVU,20201120,51.0000,51.2000,50.2000,51.2000,6516
SANOK,20201120,13.9000,13.9000,13.7500,13.8500,11155
SANPL,20201120,170.4000,178.2000,169.5000,178.2000,84373
SANTANDER,20201120,10.2500,10.5000,10.2500,10.4840,11077
SANWIL,20201120,3.6800,3.8200,3.6800,3.8000,17369
SEKO,20201120,8.7000,8.7000,8.7000,8.7000,360
SELENAFM,20201120,15.9500,15.9500,15.6000,15.9500,317
SELVITA,20201120,43.3000,44.0000,43.0000,43.0000,4903
SERINUS,20201120,0.2860,0.3000,0.2800,0.2900,245214
SESCOM,20201120,30.0000,30.0000,28.0000,28.0000,26
SFINKS,20201120,0.3140,0.3200,0.3000,0.3200,79186
SIMPLE,20201120,12.0000,12.0000,11.7000,11.9000,659
SKARBIEC,20201120,26.8000,27.0000,26.7000,26.9000,5431
SKOTAN,20201120,1.7950,1.8000,1.7500,1.7500,3674
SKYLINE,20201120,0.6500,0.6800,0.6500,0.6800,30
SLEEPZAG,20201120,0.3940,0.3940,0.3940,0.3940,80
SNIEZKA,20201120,91.0000,91.0000,88.0000,88.4000,1622
SOLAR,20201120,3.9000,4.0800,3.8100,4.0800,6058
SOPHARMA,20201120,11.3000,11.4000,11.0000,11.0000,1050
STALEXP,20201120,3.1000,3.1400,3.1000,3.1400,460109
STALPROD,20201120,208.0000,215.0000,205.5000,205.5000,1599
STALPROFI,20201120,6.1200,6.3800,6.0400,6.1200,20162
STAPORKOW,20201120,2.7000,2.7800,2.5000,2.5400,17470
STARHEDGE,20201120,0.4500,0.4500,0.4110,0.4500,156
SUNEX,20201120,4.6800,4.7800,4.5700,4.7800,27534
SUWARY,20201120,16.0000,16.0000,16.0000,16.0000,2
SWISSMED,20201120,3.8300,3.9800,3.7700,3.9000,2435
SYGNITY,20201120,8.3000,8.3000,8.0200,8.1800,1815
SYNEKTIK,20201120,26.9000,27.5000,26.4000,26.7000,18787
TALEX,20201120,11.6000,11.6000,11.3000,11.3000,814
TATRY,20201120,161.0000,161.0000,161.0000,161.0000,24
TAURONPE,20201120,2.1300,2.1600,2.1200,2.1560,1806817
TBULL,20201120,23.8000,24.2000,22.8000,23.7000,11157
TERMOREX,20201120,0.8700,0.9200,0.8700,0.9100,571
TESGAS,20201120,4.5200,4.7400,4.4000,4.7000,131215
TIM,20201120,14.8500,14.8500,14.2500,14.8000,17792
TORPOL,20201120,10.4000,10.6500,10.2000,10.6000,13733
TOWERINVT,20201120,13.9000,13.9000,12.7000,13.8000,195
TOYA,20201120,7.3000,7.3000,6.9600,7.1800,207392
TRAKCJA,20201120,1.6980,1.7700,1.6800,1.7700,142712
TRANSPOL,20201120,2.9600,3.5400,2.8800,3.4600,618210
TRIGONPP,20201120,43.3000,43.3000,43.3000,43.3000,40
TRITON,20201120,2.2900,2.2900,2.2900,2.2900,12
TSGAMES,20201120,627.0000,627.0000,602.0000,603.0000,23578
ULMA,20201120,45.2000,45.4000,45.0000,45.4000,182
ULTGAMES,20201120,30.2000,31.0000,29.5000,31.0000,21676
UNIBEP,20201120,8.0000,8.0000,8.0000,8.0000,586
UNICREDIT,20201120,37.4000,37.4000,37.4000,37.4000,27
UNIMOT,20201120,31.5000,32.0000,31.0000,31.9500,15197
URSUS,20201120,0.6590,0.7500,0.6490,0.7400,1367263
VENTUREIN,20201120,1.8300,1.8400,1.6500,1.7500,10786
VIGOSYS,20201120,565.0000,565.0000,550.0000,560.0000,1385
VINDEXUS,20201120,4.7000,4.7900,4.7000,4.7900,1501
VISTAL,20201120,3.1000,3.2650,3.0000,3.2600,83500
VIVID,20201120,1.7900,1.7900,1.7100,1.7600,19405
VOTUM,20201120,12.9000,13.2000,12.5000,12.7000,7896
VOXEL,20201120,43.7000,44.5000,43.0000,44.4000,3660
VRG,20201120,2.4100,2.5400,2.4000,2.5000,77182
WARIMPEX,20201120,4.8000,4.8900,4.8000,4.8900,200
WASKO,20201120,1.2550,1.2750,1.2550,1.2750,7454
WAWEL,20201120,560.0000,560.0000,554.0000,556.0000,178
WIELTON,20201120,5.8300,5.8600,5.5100,5.8600,283457
WIKANA,20201120,2.0400,2.0400,2.0000,2.0000,7893
WIRTUALNA,20201120,81.0000,81.6000,81.0000,81.0000,1408
WITTCHEN,20201120,8.1800,8.1800,8.0600,8.1600,10425
WOJAS,20201120,4.9800,4.9800,4.7400,4.9000,4987
WORKSERV,20201120,0.9000,0.9350,0.8700,0.9130,215806
XTB,20201120,16.6000,16.7000,16.3500,16.7000,199280
XTPL,20201120,76.0000,76.0000,73.0000,76.0000,355
ZAMET,20201120,0.8300,0.8300,0.8150,0.8200,51329
ZASTAL,20201120,31.8000,32.8000,30.0000,31.0000,1986
ZEPAK,20201120,9.8600,9.9800,9.8200,9.9800,2180
ZPUE,20201120,152.5000,152.5000,151.0000,151.5000,44
ZREMB,20201120,0.7400,0.7400,0.7400,0.7400,1504
ZUE,20201120,3.4400,3.4400,3.3400,3.4200,1870
ZYWIEC,20201120,490.0000,490.0000,486.0000,490.0000,90
INVESTORMS,20201120,4012.2100,4020.9600,4012.2100,4020.9600,237250.900
MWIG40,20201120,3678.4500,3715.9000,3676.6400,3687.7600,160170.523
MWIG40DVP,20201120,63.1100,63.1100,63.1100,63.1100,160170.523
MWIG40TR,20201120,4871.9200,4919.7500,4870.9400,4884.2500,160170.523
SWIG80,20201120,14887.8000,14924.5600,14818.4500,14924.5600,35038.461
SWIG80DVP,20201120,284.2700,284.2700,284.2700,284.2700,35038.461
SWIG80TR,20201120,19250.4800,19298.0100,19165.4500,19298.0100,35038.461
WIG,20201120,51581.8300,52418.1300,51521.7700,52353.6400,1100209.743
WIG-BANKI,20201120,4329.8700,4435.7300,4329.8700,4428.4100,162579.013
WIG-BUDOW,20201120,3079.5900,3080.9000,3038.9400,3074.2300,6815.684
WIG-CEE,20201120,1175.5100,1175.5100,1173.0600,1173.0600,3396.371
WIG-CHEMIA,20201120,7266.4200,7351.9900,7207.7900,7235.9500,5452.497
WIG-ENERG,20201120,1787.5400,1809.5300,1784.6100,1808.1100,17271.985
WIG-ESG,20201120,8506.7400,8602.8100,8478.3800,8593.1700,791464.432
WIG-GORNIC,20201120,4248.0300,4396.6200,4218.2000,4396.6200,81471.962
WIG-INFO,20201120,3656.0000,3750.3800,3654.8500,3725.1100,17463.796
WIG-LEKI,20201120,5634.5000,5684.2100,5569.3800,5625.7000,11508.013
WIG-MEDIA,20201120,5382.9700,5420.8900,5350.2100,5369.4300,675.658
WIG-MOTO,20201120,3854.8000,3910.2300,3845.2100,3875.8500,944.450
WIG-NRCHOM,20201120,2181.1300,2205.1800,2153.6500,2153.6500,1638.007
WIG-ODZIEZ,20201120,4102.6800,4167.5800,4072.7800,4121.6600,30982.205
WIG-PALIWA,20201120,4299.9100,4299.9100,4173.2700,4259.6600,175441.185
WIG-POLAND,20201120,52912.5700,53474.1600,52912.5700,53474.1600,1095948.072
WIG-SPOZYW,20201120,3307.5500,3340.7500,3261.6700,3286.5800,7588.922
WIG-TELKOM,20201120,893.8900,895.7900,889.3100,894.1200,32033.118
WIG-UKRAIN,20201120,419.2100,421.5200,416.6700,416.6700,2883.615
WIG.GAMES,20201120,32895.5000,33118.6200,32563.4700,32652.8400,130199.565
WIG.MS-BAS,20201120,9211.0700,9419.2400,9143.2900,9416.7400,96041.639
WIG.MS-FIN,20201120,6516.7900,6680.3800,6514.6900,6677.0700,177016.711
WIG.MS-PET,20201120,5775.6200,5776.9700,5622.3200,5715.7200,179978.652
WIG20,20201120,1788.4800,1821.3000,1780.1100,1820.8500,888976.465
WIG20DVP,20201120,10.3700,10.3700,10.3700,10.3700,888976.465
WIG20LEV,20201120,349.8900,362.7400,346.6300,362.5600,888976.465
WIG20SHORT,20201120,4002.4300,4021.0200,3929.0900,3930.1000,888976.465
WIG20TR,20201120,3264.1300,3334.9900,3264.1300,3334.9900,888976.465
WIG30,20201120,2062.5800,2103.0400,2059.1100,2101.3400,930694.316
WIG30TR,20201120,3746.4700,3798.0100,3746.4700,3798.0100,930694.316
WIGDIV,20201120,989.7200,996.3400,985.3000,992.1800,182199.057
WIGTECH,20201120,14475.5500,14553.1300,14440.1100,14498.4100,0.000
