06MAGNA,20201210,1.4700,1.4800,1.4500,1.4700,37176
11BIT,20201210,475.5000,478.0000,465.5000,470.5000,5777
4FUNMEDIA,20201210,4.6500,4.6500,4.6300,4.6500,571
ABPL,20201210,32.4000,32.9000,31.8000,31.8000,4177
ACAUTOGAZ,20201210,36.7000,36.7000,36.4000,36.6000,416
ACTION,20201210,5.1200,5.1600,5.0400,5.0800,13525
ADIUVO,20201210,5.1000,5.1000,5.0200,5.0200,1295
AGORA,20201210,6.9400,7.0400,6.7800,6.8600,9548
AGROTON,20201210,4.4700,4.5000,4.3400,4.4900,27593
AIGAMES,20201210,14.9000,14.9000,14.0500,14.2000,15594
AILLERON,20201210,10.6500,10.7000,10.3000,10.7000,50317
AIRWAY,20201210,1.6950,1.7800,1.6250,1.6800,369267
ALIOR,20201210,18.2550,18.2950,17.6700,17.9700,383998
ALLEGRO,20201210,76.0400,78.9600,75.8600,78.7000,1165328
ALTA,20201210,1.3100,1.4200,1.3100,1.3900,9866
ALTUSTFI,20201210,0.8760,0.8860,0.8640,0.8800,75038
ALUMETAL,20201210,44.9000,44.9000,43.8000,43.8000,144
AMBRA,20201210,18.9500,18.9500,18.2500,18.6500,4567
AMICA,20201210,149.8000,149.8000,147.2000,147.2000,4122
AMREST,20201210,28.4000,28.4000,26.9500,27.3000,155751
APATOR,20201210,22.6000,22.6000,22.3000,22.3000,8032
APLISENS,20201210,11.2000,11.2000,11.2000,11.2000,2
APSENERGY,20201210,1.7000,1.7100,1.6650,1.6700,15463
ARCHICOM,20201210,20.6000,20.6000,20.2000,20.5000,25203
ARCTIC,20201210,5.5600,5.5600,5.1600,5.3200,118180
ARTERIA,20201210,4.0600,4.0600,3.9400,3.9400,272
ARTIFEX,20201210,8.8400,8.8400,8.4600,8.6800,7521
ASBIS,20201210,6.7900,6.7900,6.6300,6.6900,118833
ASSECOBS,20201210,35.4000,35.4000,34.8000,34.8000,2456
ASSECOPOL,20201210,66.4000,66.9000,66.0000,66.8000,64338
ASSECOSEE,20201210,38.8000,39.3000,38.7000,39.1000,28442
ASTARTA,20201210,25.0000,25.1000,24.1000,25.0000,16813
ATAL,20201210,32.5000,32.5000,31.3000,31.5000,764
ATENDE,20201210,3.5400,3.6800,3.5000,3.5600,24514
ATLANTAPL,20201210,6.3000,6.3000,6.2200,6.2200,1583
ATLANTIS,20201210,0.6600,0.7200,0.6600,0.7200,3012
ATLASEST,20201210,1.3500,1.3500,1.3500,1.3500,5500
ATMGRUPA,20201210,4.1000,4.2000,3.9000,4.1700,8424
ATREM,20201210,2.1000,2.1800,2.0800,2.1700,17688
AUTOPARTN,20201210,7.6200,7.8600,7.5800,7.5800,10893
BAHOLDING,20201210,0.8380,0.8880,0.7710,0.7960,6495915
BBIDEV,20201210,3.8700,3.8700,3.8300,3.8300,3628
BEDZIN,20201210,9.9000,10.0000,9.9000,10.0000,4838
BENEFIT,20201210,803.0000,803.0000,768.0000,770.0000,597
BEST,20201210,17.7000,17.7000,16.5000,17.7000,593
BETACOM,20201210,10.2500,10.2500,10.2000,10.2000,64
BETAM40TR,20201210,54.4200,54.4800,53.2500,53.5500,8630
BETAW20LV,20201210,39.8300,40.6300,39.5700,40.0000,4032
BETAW20ST,20201210,367.0000,370.4000,366.5000,368.0000,2617
BETAW20TR,20201210,34.0000,34.1450,33.6100,33.7200,9937
BIK,20201210,12.8500,14.1000,12.8500,14.0000,3369
BIOMEDLUB,20201210,10.8000,10.8000,10.2000,10.2500,804861
BIOTON,20201210,4.4950,4.5500,4.4400,4.4500,69967
BNPPBNK20622,20201210,1059.5000,1059.5000,1059.5000,1059.5000,200
BNPPENDL10522,20201210,996.0000,996.0000,996.0000,996.0000,400
BNPPENDL1122,20201210,985.5000,986.0000,985.5000,986.0000,110
BNPPGOLD0223,20201210,997.0000,997.0000,997.0000,997.0000,34
BNPPPL,20201210,58.0000,59.0000,56.4000,56.4000,1794
BNPPSLVR0323,20201210,991.5000,991.5000,991.5000,991.5000,51
BNPPSOGO1021,20201210,1055.0000,1055.0000,1055.0000,1055.0000,29
BNPPSOHU0923,20201210,973.0000,973.0000,973.0000,973.0000,50
BNPPSOLE0822,20201210,992.5000,992.5000,992.5000,992.5000,100
BNPPSOLE1221,20201210,1025.0000,1025.0000,1025.0000,1025.0000,200
BNPPSOLED1221,20201210,1059.0000,1059.0000,1059.0000,1059.0000,40
BNPPSX5E0222,20201210,1010.0000,1010.0000,1010.0000,1010.0000,65
BNPPSX5E0922,20201210,984.5000,984.5000,984.5000,984.5000,263
BNPPSX7E0321,20201210,765.0000,765.0000,765.0000,765.0000,10
BNPPSXPP0221,20201210,1023.5000,1023.5000,1023.5000,1023.5000,500
BNPPSXPP0421,20201210,1046.5000,1053.5000,1045.5000,1053.5000,1018
BNPPSXPP0624,20201210,112.0000,112.0000,112.0000,112.0000,800
BOGDANKA,20201210,19.1200,19.2000,18.5600,18.8000,44683
BOOMBIT,20201210,16.9000,17.1400,16.8000,17.0400,8481
BORYSZEW,20201210,3.2500,3.3150,3.1350,3.2000,94535
BOS,20201210,6.1400,6.1400,5.9800,6.0600,21943
BOWIM,20201210,2.4600,2.6600,2.4600,2.6600,21660
BRASTER,20201210,0.4650,0.4650,0.4510,0.4630,56277
BUDIMEX,20201210,281.0000,282.0000,274.0000,281.5000,7064
BUMECH,20201210,1.9450,1.9600,1.8950,1.9450,23295
CCC,20201210,78.0000,78.2000,73.0000,74.5400,628108
CDPROJEKT,20201210,391.5000,401.1000,358.3000,362.0000,2046291
CDRL,20201210,16.3500,16.5500,16.2000,16.5000,411
CELTIC,20201210,7.0500,7.0500,7.0500,7.0500,100
CEZ,20201210,79.4000,79.6000,79.2000,79.3000,654
CFI,20201210,0.2350,0.2390,0.2290,0.2360,139007
CIECH,20201210,31.5000,31.5000,29.9000,30.4500,306286
CIGAMES,20201210,1.3600,1.3700,1.2880,1.3000,1100454
CITYSERV,20201210,7.4500,7.7490,7.4500,7.7490,150
CLNPHARMA,20201210,42.5500,42.6000,41.6500,41.8000,4972
CNT,20201210,13.0000,13.1000,12.8000,13.1000,212
COALENERG,20201210,0.6500,0.7700,0.6500,0.7000,306988
COGNOR,20201210,1.5000,1.7000,1.4700,1.5800,1381924
COMARCH,20201210,196.5000,197.5000,193.0000,193.5000,459
COMP,20201210,54.4000,54.8000,53.0000,54.8000,1661
CORMAY,20201210,1.2900,1.3000,1.2550,1.2700,234046
CPGROUP,20201210,6.9400,6.9600,6.7200,6.9600,2219
CYFRPLSAT,20201210,28.0000,28.2400,27.0200,27.3400,283201
CZTOREBKA,20201210,0.7900,0.7900,0.7200,0.7900,1694
DATAWALK,20201210,200.0000,208.0000,198.0000,199.0000,7336
DEBICA,20201210,78.2000,78.6000,77.8000,77.8000,1523
DECORA,20201210,31.4000,31.4000,30.7000,30.7000,1710
DEKPOL,20201210,27.0000,27.8000,26.8000,27.2000,33458
DELKO,20201210,16.2000,16.5000,15.5000,15.7000,17825
DEVELIA,20201210,1.9200,1.9800,1.9000,1.9300,214348
DGA,20201210,5.2200,5.2200,4.8200,4.8200,534
DIGITREE,20201210,5.7000,6.0000,5.7000,6.0000,302
DINOPL,20201210,261.0000,266.8000,259.4000,260.0000,77144
DOMDEV,20201210,107.5000,107.5000,103.0000,103.5000,1248
DROZAPOL,20201210,1.6400,1.7100,1.6400,1.6450,1255
ECHO,20201210,4.2400,4.2400,3.9900,4.0000,89315
EDINVEST,20201210,3.8400,4.2000,3.7600,4.1000,12363
EFEKT,20201210,5.0500,5.0500,5.0500,5.0500,4420
EKOEXPORT,20201210,3.4400,3.6450,3.4400,3.4550,59371
ELBUDOWA,20201210,0.9350,0.9350,0.8120,0.8500,37531
ELEKTROTI,20201210,6.0800,6.0800,5.7600,6.0000,9352
ELEMENTAL,20201210,2.4050,2.4100,2.4050,2.4100,85553
ELKOP,20201210,0.2580,0.2630,0.2500,0.2590,135686
ELZAB,20201210,5.6500,5.7500,5.4500,5.5500,5879
EMCINSMED,20201210,15.5000,15.7000,15.1000,15.6000,5145
ENAP,20201210,1.4500,1.4500,1.4500,1.4500,2
ENEA,20201210,6.5100,6.6550,6.2800,6.4200,1114078
ENELMED,20201210,25.0000,25.0000,22.4000,22.4000,3169
ENERGA,20201210,7.8750,7.9000,7.8000,7.9000,241461
ENERGOINS,20201210,0.7320,0.7700,0.7320,0.7600,87262
ENTER,20201210,35.9000,35.9000,34.5000,35.2000,8992
ERBUD,20201210,21.5000,23.0000,21.5000,22.4000,8860
ERG,20201210,40.0000,42.0000,40.0000,42.0000,266
ESOTIQ,20201210,14.0000,14.0000,13.2000,13.9000,3481
ETFDAX,20201210,555.7000,556.9000,550.0000,552.0000,377
ETFSP500,20201210,139.0000,140.0000,136.1800,136.5000,4686
ETFW20L,20201210,246.1000,247.0000,244.0000,245.5000,1156
EUCO,20201210,4.3000,4.3000,4.0400,4.2300,21261
EUROCASH,20201210,14.8500,14.8500,14.1300,14.1700,330608
EUROTEL,20201210,26.8000,27.0000,26.3000,27.0000,798
FAMUR,20201210,1.9100,1.9300,1.8800,1.9000,478705
FASING,20201210,10.4000,10.4000,10.3500,10.4000,1288
FEERUM,20201210,10.8000,10.8000,10.0000,10.5000,1270
FERRO,20201210,23.4000,23.6000,23.0000,23.6000,17365
FERRUM,20201210,3.1800,3.1800,3.0000,3.1200,6501
FON,20201210,0.1100,0.1120,0.1070,0.1100,330636
FORTE,20201210,39.3000,39.3000,38.8000,38.8000,1051
GAMEOPS,20201210,23.4500,23.4500,21.1050,22.5000,26506
GAMFACTOR,20201210,16.0000,16.0000,14.7000,15.0000,6159
GAMFACTOR-PDA,20201210,15.3000,15.3000,14.5100,14.9980,5235
GETIN,20201210,0.9400,0.9400,0.9050,0.9340,322086
GETINOBLE,20201210,0.2500,0.2550,0.2400,0.2520,2884607
GLCOSMED,20201210,4.2000,4.2400,4.0200,4.1000,70338
GPW,20201210,44.3500,44.3500,43.2500,43.3000,57431
GROCLIN,20201210,1.0900,1.1250,1.0450,1.0600,42460
GRODNO,20201210,12.5500,12.5500,12.0500,12.0500,64981
GRUPAAZOTY,20201210,28.7000,28.7000,27.3500,27.5000,213922
GTC,20201210,6.8200,6.8400,6.7200,6.7800,4027214
HANDLOWY,20201210,38.5000,39.1000,36.9500,36.9500,42216
HARPER,20201210,13.0000,13.0000,12.3000,12.5000,24816
HELIO,20201210,11.6000,11.6000,10.6000,11.2000,1772
HERKULES,20201210,1.3000,1.3600,1.3000,1.3400,28405
HMINWEST,20201210,11.6000,11.6000,11.4000,11.4000,1341
HUBSTYLE,20201210,1.1000,1.1500,1.0100,1.0700,33950
HYDROTOR,20201210,28.6000,28.8000,27.8000,28.4000,1907
I2DEV,20201210,9.2000,9.3000,9.0500,9.0500,305
IALBGR,20201210,0.2700,0.2700,0.2500,0.2500,6900
IDEABANK,20201210,1.7200,1.7200,1.6620,1.6620,64959
IDMSA,20201210,0.9600,1.0300,0.9600,1.0300,17144
IFCAPITAL,20201210,0.7050,0.7200,0.7050,0.7100,13700
IFIRMA,20201210,5.3400,5.7000,5.3000,5.6400,9383
IIAAV,20201210,72.6000,72.6000,72.6000,72.6000,5
IMCOMPANY,20201210,16.4000,16.4500,16.2000,16.4500,4261
IMMOBILE,20201210,2.4700,2.4700,2.3800,2.3900,18188
IMPEL,20201210,12.2500,12.2500,12.2500,12.2500,1990
IMPERA,20201210,2.0000,2.0800,1.9000,2.0000,56312
IMS,20201210,2.6300,2.6500,2.6100,2.6300,1620
INC,20201210,7.1800,7.1800,6.8600,7.1000,55351
INGBSK,20201210,167.0000,167.0000,158.2000,160.4000,15818
INPRO,20201210,4.7000,4.7000,4.7000,4.7000,2
INSTALKRK,20201210,20.0000,20.0000,19.7000,20.0000,2007
INTERAOLT,20201210,15.8500,15.9000,15.5000,15.5000,5808
INTERCARS,20201210,239.0000,245.0000,237.0000,237.0000,1222
INTERSPPL,20201210,1.3900,1.4000,1.3500,1.3500,15240
INTLALE35055,20201210,19.5800,22.1000,19.5800,22.1000,798
INTLALE36046,20201210,15.2400,17.2000,14.7800,17.2000,3275
INTLBCO31179,20201210,103.0000,106.8000,103.0000,106.8000,157
INTLBCO31294,20201210,129.6000,132.4000,129.6000,132.4000,121
INTLBCO31641,20201210,63.4000,63.4000,63.4000,63.4000,1254
INTLBCO35246,20201210,57.7000,59.5000,57.7000,59.5000,40
INTLBCO35725,20201210,38.3500,40.6500,38.3500,40.6500,3956
INTLBCO36152,20201210,30.6500,30.6500,30.6500,30.6500,16
INTLCCC30510,20201210,5.7200,5.7200,5.7200,5.7200,50
INTLCCC30734,20201210,5.2100,5.2100,5.2100,5.2100,100
INTLCCC30999,20201210,4.6600,4.8400,4.4300,4.4400,13390
INTLCCC31005,20201210,4.9000,4.9000,4.9000,4.9000,600
INTLCCC36475,20201210,2.9100,2.9200,2.9100,2.9200,1620
INTLCDR22509,20201210,23.9500,23.9500,23.9500,23.9500,32
INTLCDR22517,20201210,24.6000,24.6000,24.6000,24.6000,42
INTLCDR28951,20201210,18.0000,18.0000,17.2000,17.2000,265
INTLCDR28969,20201210,17.7600,17.7600,17.7600,17.7600,500
INTLCDR30478,20201210,14.4200,14.4200,11.2800,11.2800,4417
INTLCDR30486,20201210,14.7600,14.7600,14.5200,14.5200,300
INTLCDR30494,20201210,14.4800,14.4800,13.7000,14.2200,2784
INTLCDR30718,20201210,10.8200,11.6600,8.4300,9.0200,151935
INTLCDR30726,20201210,11.8200,13.2200,10.0200,10.1400,62460
INTLCDR35345,20201210,7.6000,9.7900,5.5500,6.0700,66201
INTLCDR35352,20201210,9.1400,11.0800,7.1500,7.7500,12895
INTLCDR36277,20201210,6.1800,8.2200,5.0200,5.0200,77335
INTLDAX29959,20201210,187.2000,187.2000,187.2000,187.2000,2
INTLDAX35923,20201210,33.7500,34.0000,28.1000,31.0000,1034
INTLDAX35931,20201210,43.8000,43.8000,43.8000,43.8000,20
INTLDAX36186,20201210,23.0000,23.6000,17.3200,21.1000,12473
INTLDNP35493,20201210,6.0800,6.0800,5.6200,5.6200,2449
INTLDOW33134,20201210,226.0000,226.0000,226.0000,226.0000,9
INTLDOW35956,20201210,98.0000,98.0000,98.0000,98.0000,289
INTLDOW35964,20201210,110.0000,110.0000,110.0000,110.0000,3
INTLEUD29124,20201210,78.5000,78.5000,78.5000,78.5000,8
INTLEUD33860,20201210,25.6500,25.6500,25.6500,25.6500,21
INTLEUR24059,20201210,16.4800,16.4800,16.4800,16.4800,10
INTLEUR25643,20201210,23.2000,23.2000,23.2000,23.2000,301
INTLEUR25650,20201210,28.0000,28.0000,28.0000,28.0000,20
INTLEUR27599,20201210,12.7000,12.7000,11.9000,11.9000,300
INTLGBP34645,20201210,13.7400,13.9000,11.1600,11.4600,3762
INTLGBU34850,20201210,29.2500,29.2500,27.6000,27.6000,1245
INTLGBU34868,20201210,40.9500,41.2500,40.9500,41.2500,868
INTLGLD09746,20201210,226.0000,226.0000,226.0000,226.0000,120
INTLGLD24166,20201210,150.4000,150.4000,149.6000,149.6000,40
INTLGLD30866,20201210,104.0000,104.0000,104.0000,104.0000,5
INTLGLD31310,20201210,81.9000,81.9000,81.9000,81.9000,40
INTLGLD33092,20201210,58.5000,62.8000,57.5000,62.8000,168
INTLGLD33100,20201210,47.8000,52.7000,45.0000,49.1500,598
INTLJSW28993,20201210,17.9400,17.9400,17.9400,17.9400,35
INTLJSW32136,20201210,14.5200,14.9400,14.5200,14.9400,260
INTLJSW35386,20201210,12.3400,12.3400,12.3400,12.3400,176
INTLJSW36020,20201210,10.8000,11.1400,10.5000,10.8000,10508
INTLJSW36038,20201210,11.8200,11.9600,11.8000,11.9600,500
INTLKGH35782,20201210,67.9000,70.1000,67.2000,69.8000,381
INTLKGH36228,20201210,57.9000,62.9000,57.9000,62.5000,115
INTLKGH36376,20201210,48.5000,49.5000,48.5000,49.5000,25
INTLLTS34702,20201210,22.7000,22.8500,20.2500,22.0000,5077
INTLLTS35360,20201210,23.1000,24.0000,23.1000,23.7000,450
INTLLTS36509,20201210,19.7200,19.9000,19.7200,19.8800,500
INTLNAG34462,20201210,4.3200,4.3200,4.3200,4.3200,275
INTLNDX34777,20201210,69.7000,69.7000,66.5000,66.5000,50
INTLNDX35659,20201210,45.8500,48.6500,45.7000,48.6500,91
INTLNDX36566,20201210,33.9500,36.2500,33.9500,36.2500,16
INTLOPL21626,20201210,2.7800,2.8100,2.7800,2.8100,1000
INTLPAL25031,20201210,297.0000,297.0000,297.0000,297.0000,33
INTLPEO29439,20201210,29.9500,29.9500,29.9500,29.9500,30
INTLPEO35451,20201210,24.6000,24.6000,24.6000,24.6000,110
INTLPEO35824,20201210,20.6000,20.6000,18.4600,19.6800,1930
INTLPEO36251,20201210,15.9600,16.5000,14.6000,14.6000,3217
INTLPGE31427,20201210,3.1600,3.1600,3.0000,3.1400,7300
INTLPGE35741,20201210,1.9700,1.9700,1.7100,1.8500,5086
INTLPGE35758,20201210,2.2500,2.2500,2.1300,2.1300,3470
INTLPGN32615,20201210,1.6500,1.7600,1.6500,1.7600,1700
INTLPKN04101,20201210,29.7000,31.0500,29.7000,31.0500,300
INTLPKN04119,20201210,33.5000,33.5000,33.5000,33.5000,50
INTLPKN05496,20201210,29.0000,29.0000,29.0000,29.0000,30
INTLPKN35840,20201210,21.0000,21.3000,20.6000,21.3000,6599
INTLPKN36392,20201210,11.7800,13.0400,11.7800,12.4000,4213
INTLPKN36400,20201210,14.6800,15.2800,14.5600,15.2800,19030
INTLPKN36418,20201210,16.7000,17.3000,16.5800,17.3000,7350
INTLPKO29405,20201210,13.4400,13.4400,13.4400,13.4400,1
INTLPKO30395,20201210,12.0800,12.3000,11.8200,11.8800,1195
INTLPKO35808,20201210,8.5700,8.5700,8.5700,8.5700,350
INTLPKO35816,20201210,10.4200,10.4200,10.4200,10.4200,300
INTLPKO36236,20201210,6.7500,6.7500,5.9000,6.2800,1659
INTLPLA29744,20201210,14.7200,14.7200,14.7200,14.7200,700
INTLPLA31138,20201210,11.5000,11.5000,11.5000,11.5000,48
INTLPLA35709,20201210,6.7000,6.7000,6.7000,6.7000,200
INTLPLA36178,20201210,5.5100,6.7800,5.3800,6.7800,2733
INTLPZU15610,20201210,9.7900,10.5000,9.7900,10.1200,4230
INTLPZU15800,20201210,11.0600,11.4200,10.9000,11.3600,565
INTLPZU35766,20201210,8.3700,8.3700,8.3700,8.3700,100
INTLPZU35774,20201210,9.2400,9.2400,9.2400,9.2400,100
INTLPZU35980,20201210,5.8000,6.4600,5.6300,5.9600,4233
INTLPZU35998,20201210,6.9400,7.5300,6.6000,7.5300,5745
INTLSLV33043,20201210,26.4000,26.4000,26.4000,26.4000,40
INTLSLV33340,20201210,11.6200,13.0600,11.6000,13.0600,597
INTLSLV33357,20201210,14.7800,16.1000,14.7800,16.1000,1250
INTLSLV33381,20201210,22.3500,22.3500,22.3500,22.3500,1000
INTLSLV36582,20201210,9.5600,11.0200,9.5600,11.0200,2025
INTLSPX28928,20201210,62.9000,62.9000,62.9000,62.9000,30
INTLSPX31575,20201210,43.0000,43.0000,42.5000,42.5000,60
INTLSPX33894,20201210,27.3000,27.3000,27.3000,27.3000,80
INTLUSD20602,20201210,11.8200,12.3200,9.9900,10.7000,5596
INTLUSD20610,20201210,17.0400,17.0400,15.5000,15.9000,6593
INTLUSD20826,20201210,21.5000,22.3500,20.8000,22.3500,428
INTLUSD20842,20201210,28.1000,28.1000,27.8000,27.8000,1890
INTLW2028647,20201210,12.7000,12.7000,12.7000,12.7000,100
INTLW2029892,20201210,5.7800,5.7800,5.7000,5.7000,1800
INTLW2030593,20201210,5.6200,5.6200,5.6200,5.6200,4000
INTLW2035261,20201210,4.8700,4.8700,4.8700,4.8700,600
INTLW2035550,20201210,4.1000,4.1100,4.0100,4.1100,3351
INTLW2035907,20201210,3.6700,3.6700,3.5700,3.5700,2453
INTLW2035915,20201210,3.7900,3.7900,3.6100,3.6100,2084
INTLW2036079,20201210,2.5900,2.6500,2.3800,2.4700,16389
INTLW2036095,20201210,2.9100,2.9100,2.8200,2.8200,1255
INTLW2036517,20201210,1.6400,1.6400,1.5900,1.5900,21029
INTROL,20201210,3.9200,3.9200,3.8000,3.8200,36019
INTSALE35212,20201210,63.7000,63.7000,61.9000,62.4000,850
INTSBCO27169,20201210,87.4000,87.4000,87.3000,87.4000,500
INTSBCO27573,20201210,71.5000,71.5000,69.5000,69.5000,38
INTSBCO28035,20201210,19.4000,19.4000,13.2200,13.2200,7071
INTSBCO28043,20201210,25.5000,25.5000,20.2000,20.2000,740
INTSBCO28050,20201210,34.1500,34.1500,34.1500,34.1500,40
INTSCCC27698,20201210,3.0000,3.3000,2.9500,3.0900,30069
INTSCDR34124,20201210,17.7600,19.8800,15.8200,19.1600,90685
INTSCDR34199,20201210,21.7500,23.7000,19.7200,22.9500,15416
INTSDAX25783,20201210,20.3000,25.6000,19.4000,22.0000,13430
INTSDAX25825,20201210,32.0000,37.4500,32.0000,35.0000,387
INTSDAX26609,20201210,57.7000,57.7000,57.7000,57.7000,27
INTSDAX36111,20201210,71.2000,73.4000,71.2000,73.4000,44
INTSDOW27128,20201210,52.3000,53.9000,52.3000,53.9000,56
INTSDOW33282,20201210,67.4000,67.4000,67.4000,67.4000,100
INTSDOW33597,20201210,104.0000,104.0000,104.0000,104.0000,20
INTSEUD02683,20201210,16.0800,16.0800,14.9600,15.0400,270
INTSEUD03764,20201210,27.8500,27.8500,25.5000,25.5000,41
INTSEUD05033,20201210,38.0000,38.0000,38.0000,38.0000,25
INTSEUR36053,20201210,18.1200,18.1200,18.1200,18.1200,20
INTSGBP31419,20201210,49.0500,49.0500,49.0500,49.0500,40
INTSGBU21030,20201210,62.6000,62.6000,62.6000,62.6000,30
INTSGBU26971,20201210,30.5500,31.1000,30.3000,31.1000,307
INTSGLD34504,20201210,85.4000,85.8000,82.3000,82.3000,125
INTSGLD36301,20201210,41.9000,41.9000,41.9000,41.9000,24
INTSLTS34041,20201210,12.2400,13.0000,12.2400,13.0000,728
INTSLTS34058,20201210,19.5000,19.5000,19.5000,19.5000,76
INTSNDX33233,20201210,33.2000,33.9000,29.5000,29.5000,1846
INTSNDX33241,20201210,47.7500,47.7500,45.0000,45.0000,389
INTSNDX33258,20201210,64.6000,64.6000,64.6000,64.6000,830
INTSNDX33647,20201210,111.4000,113.0000,108.6000,108.6000,48
INTSNDX34405,20201210,146.0000,146.0000,146.0000,146.0000,2
INTSNKX36137,20201210,162.6000,162.6000,162.2000,162.2000,135
INTSPGE34157,20201210,1.7200,1.7200,1.7200,1.7200,100
INTSPKN27649,20201210,17.2000,17.4000,17.2000,17.4000,3000
INTSPKO20693,20201210,22.3500,22.3500,22.3500,22.3500,45
INTSPKO26997,20201210,15.2600,15.7000,15.2600,15.7000,1163
INTSPLA25544,20201210,5.3500,5.4800,5.3500,5.4700,370
INTSPZU34165,20201210,9.2300,9.3400,9.2300,9.3400,212
INTSSLV36343,20201210,8.7000,9.1900,8.4500,8.4800,1977
INTSSPX34140,20201210,10.0000,11.0000,9.7100,10.0000,4010
INTSSPX34215,20201210,21.7500,22.5000,21.7500,21.9500,1800
INTSUSD36061,20201210,25.1000,26.1000,25.1000,26.1000,15
INTSW2019596,20201210,5.9100,5.9100,5.9100,5.9100,1750
INTSW2019976,20201210,8.3700,8.3700,8.3700,8.3700,100
INTSW2020867,20201210,3.5300,3.5300,3.5300,3.5300,150
INTSW2020875,20201210,3.8500,4.0400,3.8500,4.0400,2795
INTSW2026328,20201210,2.5200,2.5200,2.5200,2.5200,1100
INTSW2027060,20201210,1.9000,1.9900,1.7900,1.9800,132790
INTSW2027243,20201210,1.6900,1.6900,1.6900,1.6900,700
INTSW2027391,20201210,1.0700,1.2500,1.0000,1.1400,86593
INTSW2027409,20201210,1.2000,1.4700,1.2000,1.4700,38522
INVFIZ,20201210,948.1100,948.1100,948.1100,948.1100,5
INVGLDFIZ,20201210,1751.0100,1751.0100,1751.0100,1751.0100,7
INVISTA,20201210,0.3000,0.3000,0.3000,0.3000,100
INVPEFIZ,20201210,831.1000,840.8900,828.1000,828.1000,5
IPOPEMA,20201210,3.9200,4.0200,3.8200,3.9800,11191
ITMTRADE,20201210,0.1480,0.1480,0.1370,0.1480,7167
IZOBLOK,20201210,37.2000,37.3000,37.2000,37.3000,1518
IZOLACJA,20201210,1.8200,1.9050,1.8000,1.8800,21542
IZOSTAL,20201210,2.4400,2.4500,2.4000,2.4300,34533
JSW,20201210,27.3000,27.8900,26.3300,27.0000,1176411
JWCONSTR,20201210,3.0200,3.1500,3.0200,3.0300,5088
K2INTERNT,20201210,24.8000,24.8000,23.4000,24.6000,1806
KCI,20201210,0.6500,0.6580,0.6460,0.6460,8058
KERNEL,20201210,47.5000,47.5500,46.1000,46.2000,34951
KETY,20201210,455.0000,455.5000,445.0000,447.0000,3129
KGHM,20201210,185.0000,190.9500,184.0000,189.3500,508179
KGL,20201210,16.0000,17.4500,15.7000,17.1500,23749
KINOPOL,20201210,8.3000,8.3000,8.0500,8.2000,24199
KOGENERA,20201210,32.7000,32.7000,32.1000,32.1000,1054
KOMPAP,20201210,11.8000,11.8000,11.8000,11.8000,44
KOMPUTRON,20201210,2.2900,2.3100,2.2100,2.3000,70073
KPPD,20201210,29.2000,29.2000,29.2000,29.2000,15
KREC,20201210,7.8000,7.9600,7.6400,7.6400,201585
KREDYTIN,20201210,10.9000,10.9000,10.1000,10.9000,84
KRKA,20201210,410.0000,410.0000,396.0000,402.0000,21
KRUK,20201210,137.9000,138.7000,132.6000,135.0000,22337
KRUSZWICA,20201210,65.6000,65.8000,65.6000,65.6000,38635
KRVITAMIN,20201210,19.1000,19.7500,18.8000,19.0000,19345
KSGAGRO,20201210,2.3600,2.4800,2.3000,2.4200,28564
LABOPRINT,20201210,11.7000,11.7000,11.3000,11.3000,30
LARQ,20201210,1.7550,1.7900,1.7050,1.7900,5427
LENA,20201210,3.8300,3.8800,3.8100,3.8500,10160
LENTEX,20201210,10.8500,10.8500,10.6000,10.7000,3373
LIBET,20201210,2.1200,2.1200,2.0700,2.0700,102352
LIVECHAT,20201210,98.4000,98.7000,96.7000,97.3000,113472
LMASFIZ,20201210,1200.0000,1200.0000,1200.0000,1200.0000,5
LOKUM,20201210,12.4000,12.8000,12.0000,12.4000,3488
LOTOS,20201210,44.1000,45.4400,42.0000,43.9000,2289962
LPP,20201210,7390.0000,7390.0000,7050.0000,7065.0000,3007
LSISOFT,20201210,12.2500,12.5000,12.2500,12.3000,4081
LUBAWA,20201210,1.4500,1.4850,1.3400,1.3950,917134
MABION,20201210,22.2000,23.0000,21.8500,22.2000,26943
MAKARONPL,20201210,5.7000,5.7000,5.6000,5.6500,4419
MANGATA,20201210,58.0000,58.0000,57.5000,57.5000,330
MARVIPOL,20201210,5.2400,5.2800,5.1400,5.1800,26360
MASTERPHA,20201210,4.1300,4.1300,3.8900,4.1000,879
MAXCOM,20201210,12.5000,12.6000,12.3000,12.5000,1044
MBANK,20201210,191.2000,191.7000,183.0000,183.5000,93128
MBWS,20201210,6.1000,6.1000,5.8600,6.0000,434
MCI,20201210,15.1500,15.3500,14.9500,15.0500,9118
MDIENERGIA,20201210,3.0600,3.6500,2.8800,3.5000,211373
MEDIACAP,20201210,1.8900,1.9100,1.8300,1.8300,23125
MEDICALG,20201210,21.2500,21.2500,20.6000,20.6500,10297
MENNICA,20201210,19.7000,19.7000,19.0000,19.3000,9054
MERCATOR,20201210,450.0000,450.0000,418.0000,431.0000,214043
MERCOR,20201210,10.3500,10.5000,10.3000,10.5000,1409
MEXPOLSKA,20201210,1.4000,1.4100,1.4000,1.4100,2479
MFO,20201210,24.0000,24.6000,23.2000,24.6000,51944
MILKILAND,20201210,0.6950,0.6950,0.6700,0.6899,17580
MILLENNIUM,20201210,3.3780,3.3800,3.2120,3.2320,2349145
MIRACULUM,20201210,1.1300,1.1600,1.1150,1.1600,41094
MIRBUD,20201210,3.1600,3.2400,3.1100,3.2300,576514
MLPGROUP,20201210,83.0000,83.0000,81.5000,81.5000,43
MLSYSTEM,20201210,80.0000,80.0000,78.0000,78.6000,16791
MOBRUK,20201210,212.0000,214.0000,210.0000,212.0000,7009
MOJ,20201210,1.1700,1.1700,1.1700,1.1700,450
MOL,20201210,26.0000,26.3000,25.9000,26.3000,8820
MONNARI,20201210,2.0400,2.1000,2.0200,2.0700,65312
MOSTALPLC,20201210,8.8000,8.8000,8.5400,8.7800,520
MOSTALWAR,20201210,4.4500,4.4500,4.3700,4.4300,1548
MOSTALZAB,20201210,1.0100,1.0300,1.0000,1.0050,39147
MUZA,20201210,3.3600,3.3800,3.3600,3.3800,291
MWTRADE,20201210,1.8100,1.8100,1.8000,1.8000,3400
NANOGROUP,20201210,5.8500,5.9000,5.2000,5.2500,42747
NANOGROUP-PDA,20201210,4.6000,4.7400,4.5600,4.5800,39073
NETIA,20201210,4.4500,4.5100,4.4500,4.5000,31609
NEUCA,20201210,651.0000,651.0000,625.0000,650.0000,3150
NEWAG,20201210,25.8000,26.1000,25.8000,25.8000,4166
NEXITY,20201210,20.0000,21.0000,19.6000,20.2000,1347
NOVATURAS,20201210,12.4000,14.4000,12.2000,14.4000,177
NOVAVISGR,20201210,1.6000,1.6500,1.6000,1.6100,17602
NOVITA,20201210,135.0000,138.0000,133.5000,138.0000,606
NOWAGALA,20201210,0.9700,0.9700,0.9700,0.9700,521
NTTSYSTEM,20201210,4.2000,4.8500,4.2000,4.7400,58051
OAT,20201210,46.6000,48.4000,45.8000,46.5000,27425
ODLEWNIE,20201210,4.9900,5.1400,4.8500,4.9000,9209
OEX,20201210,15.4000,15.8000,15.3000,15.5000,4709
OPENFIN,20201210,1.0400,1.0400,0.9600,1.0000,18072
OPONEO.PL,20201210,38.9000,41.0000,38.6000,40.0000,140284
OPTEAM,20201210,32.0000,32.2000,31.6000,31.8000,23976
ORANGEPL,20201210,6.3800,6.4300,6.3600,6.4000,1300991
ORCOGROUP,20201210,1.3300,1.3300,1.3300,1.3300,1039
ORZBIALY,20201210,11.5000,11.5000,10.7500,11.4000,5865
OTLOG,20201210,4.1400,4.1800,4.0000,4.1800,304
OTMUCHOW,20201210,1.6900,1.7000,1.6100,1.6500,4418
PAMAPOL,20201210,1.3700,1.3900,1.3500,1.3700,7743
PANOVA,20201210,10.9000,11.2500,10.8000,11.2500,3885
PATENTUS,20201210,1.0250,1.0250,1.0000,1.0250,12971
PBKM,20201210,78.0000,78.0000,73.6000,74.0000,2475
PCCEXOL,20201210,3.3400,3.3500,3.2700,3.3100,146957
PCCROKITA,20201210,54.0000,54.4000,54.0000,54.2000,3715
PEKABEX,20201210,16.2500,16.3500,15.7500,16.3500,10667
PEKAO,20201210,63.8000,63.9400,60.9400,61.8000,1072097
PEMANAGER,20201210,14.9500,14.9500,14.9000,14.9000,1324
PEP,20201210,50.4000,52.0000,50.4000,51.0000,4417
PEPEES,20201210,1.3500,1.3500,1.3000,1.3500,6519
PGE,20201210,6.5600,6.7500,6.3720,6.6620,6095850
PGNIG,20201210,5.2960,5.4480,5.2960,5.4480,5575661
PGO,20201210,1.3450,1.3450,1.2900,1.3300,25429
PGSSOFT,20201210,13.0000,13.0000,12.8000,12.8000,977
PHARMENA,20201210,10.3000,10.3000,9.8200,9.9000,6769
PHN,20201210,10.3500,11.3000,10.3500,11.0000,13905
PKNORLEN,20201210,61.7600,62.3600,60.1000,61.9800,2152723
PKOBP,20201210,29.2000,29.4000,28.2100,28.6600,2859046
PKOSO,20201210,108.7900,108.7900,108.0200,108.2000,1288
PKPCARGO,20201210,13.5000,13.9400,13.3200,13.6000,94355
PLASTBOX,20201210,1.8900,1.8900,1.8700,1.8700,2510
PLAY,20201210,38.5200,38.5200,38.5000,38.5000,39791
PLAYWAY,20201210,602.0000,621.0000,587.0000,600.0000,4254
PMPG,20201210,1.8200,1.8200,1.8200,1.8200,1003
POLICE,20201210,12.1000,12.2000,12.1000,12.1000,6390
POLIMEXMS,20201210,2.3400,2.4900,2.3200,2.4300,540803
POLNORD,20201210,3.4950,3.5200,3.4950,3.5000,54714
POLWAX,20201210,3.4100,3.4200,3.3000,3.4200,70541
POZBUD,20201210,2.2900,2.2900,2.1200,2.2400,151339
PRAGMAFA,20201210,24.2000,24.4000,24.0000,24.2000,9772
PRAGMAINK,20201210,6.0200,6.3000,6.0200,6.3000,742
PRAIRIE,20201210,0.5680,0.5740,0.5500,0.5500,450257
PRIMETECH,20201210,1.1650,1.1700,1.1650,1.1700,222
PROCHEM,20201210,18.7000,18.7000,18.7000,18.7000,2
PROJPRZEM,20201210,16.5000,16.5000,15.7000,16.4000,168
PROTEKTOR,20201210,3.8600,3.9000,3.7000,3.8400,90559
PROVIDENT,20201210,4.7900,4.7900,4.3800,4.5500,71910
PULAWY,20201210,87.2000,87.2000,85.0000,85.2000,568
PUNKPIRAT,20201210,0.7500,0.7500,0.7300,0.7500,23349
PZU,20201210,28.6500,29.5000,28.1300,29.0700,3728139
PZUAKORD,20201210,121.0000,121.0000,121.0000,121.0000,100
QUERCUS,20201210,3.4100,3.4900,3.3800,3.4400,22532
R22,20201210,34.7000,35.0000,33.6000,33.9000,9888
RADPOL,20201210,2.3600,2.3600,2.2600,2.2900,10505
RAFAKO,20201210,1.0900,1.1460,1.0220,1.1100,1391500
RAFAMET,20201210,14.8000,14.8000,14.8000,14.8000,29
RAINBOW,20201210,24.0000,24.8000,23.4000,24.1000,57840
RANKPROGR,20201210,1.8450,1.8800,1.7800,1.8500,57969
RAWLPLUG,20201210,8.8000,8.8000,8.7000,8.7000,222
RCBMWIG401121,20201210,1000.5000,1000.5000,1000.5000,1000.5000,200
RCEHBSK0824,20201210,980.5000,980.5000,980.5000,980.5000,252
RCESX7E0621,20201210,717.0000,717.0000,717.0000,717.0000,400
RCESXPP0823,20201210,1106.5000,1106.5000,1106.5000,1106.5000,20
RCESXPP08232,20201210,1000.0000,1000.0000,1000.0000,1000.0000,248
RCFL10GOLD,20201210,7.1600,7.5400,7.0100,7.3200,6648
RCFL10GOLD1,20201210,3.2700,3.4700,3.2600,3.4000,8228
RCFL2COFF3,20201210,8.5800,8.5800,8.5800,8.5800,500
RCFL2NAG2,20201210,3.5800,3.9100,3.5800,3.9100,29530
RCFL2OIL,20201210,2.8500,2.9400,2.8500,2.9400,76300
RCFL2OIL3,20201210,1.4000,1.4000,1.4000,1.4000,290
RCFL2PALL1,20201210,35.0500,35.0500,35.0500,35.0500,50
RCFL2PLAT1,20201210,8.8700,9.3800,8.8700,9.2700,3714
RCFL2SILVE,20201210,28.9000,28.9000,28.9000,28.9000,65
RCFL2TEN,20201210,7.6500,7.6500,7.6500,7.6500,1
RCFL311B,20201210,4.1000,4.1000,4.0400,4.0700,2000
RCFL3ALE,20201210,13.0200,13.2000,12.9800,13.2000,722
RCFL3ALR1,20201210,9.6500,9.6500,9.6500,9.6500,310
RCFL3BAS,20201210,23.4000,23.7500,23.4000,23.7500,90
RCFL3BMW,20201210,19.2400,19.2400,19.2400,19.2400,25
RCFL3BOSS,20201210,0.2300,0.2300,0.2300,0.2300,1666
RCFL3BZW,20201210,2.8700,2.8700,2.8700,2.8700,1000
RCFL3CCC,20201210,0.1000,0.1000,0.0800,0.0800,27000
RCFL3CCC1,20201210,23.0000,23.0000,22.9500,22.9500,100
RCFL3CDPRO1,20201210,70.2000,70.2000,70.2000,70.2000,6
RCFL3CDPRO2,20201210,6.5600,7.2000,6.5600,6.7800,590
RCFL3CORN2,20201210,13.7600,13.7600,13.7600,13.7600,3
RCFL3EUH,20201210,0.8700,0.8700,0.8100,0.8100,23200
RCFL3FDX,20201210,130.0000,130.0000,130.0000,130.0000,7
RCFL3GOLD,20201210,58.8000,59.5000,58.8000,59.5000,26
RCFL3GOLD1,20201210,11.1200,11.1200,11.1200,11.1200,1
RCFL3JSW,20201210,0.6700,0.6700,0.6000,0.6400,352269
RCFL3JSW1,20201210,22.0500,22.9000,20.9000,21.5000,1451
RCFL3KGH,20201210,11.8600,11.8600,11.8600,11.8600,300
RCFL3LTS1,20201210,0.3700,0.3700,0.3100,0.3600,132654
RCFL3MBK,20201210,1.5300,1.5300,1.4800,1.4900,28500
RCFL3MSFIN,20201210,2.0300,2.0300,2.0300,2.0300,800
RCFL3NAG2,20201210,1.6000,1.8500,1.6000,1.8200,41450
RCFL3OIL2,20201210,1.7700,1.9500,1.7700,1.9500,15600
RCFL3OIL3,20201210,0.1500,0.1800,0.1500,0.1800,43217
RCFL3OIL4,20201210,0.0400,0.0400,0.0400,0.0400,24445
RCFL3PALL3,20201210,1.0000,1.0900,1.0000,1.0900,2440
RCFL3PEO,20201210,1.3000,1.3000,1.1800,1.1800,1109
RCFL3PEO1,20201210,14.1600,14.4400,13.8800,14.4400,721
RCFL3PGE1,20201210,12.5600,12.5600,12.5600,12.5600,300
RCFL3PKN,20201210,15.3000,15.3000,15.2000,15.2000,490
RCFL3PLAT1,20201210,6.0300,6.1900,6.0300,6.1900,2
RCFL3PLAT2,20201210,11.8400,11.8400,11.8400,11.8400,45
RCFL3PLW,20201210,12.3600,12.3600,12.3600,12.3600,83
RCFL3PZU,20201210,11.8000,12.7800,11.8000,12.3000,2366
RCFL3SILVE,20201210,5.5200,5.5400,5.5200,5.5400,1000
RCFL3SILVE3,20201210,14.8800,15.6400,14.8600,15.6400,8054
RCFL3TEN,20201210,5.3100,5.7000,5.3100,5.5600,410
RCFL3TPE,20201210,8.3600,8.7100,7.7500,7.8400,2490
RCFL3W20,20201210,30.8500,30.8500,30.8500,30.8500,7580
RCFL3WHT2,20201210,8.0500,8.1900,8.0500,8.1900,250
RCFL4ALE,20201210,12.8800,12.8800,12.8800,12.8800,70
RCFL4CDPRO,20201210,28.1000,33.0500,21.0500,23.4500,34916
RCFL4CDPRO1,20201210,5.5900,5.8000,3.5900,4.0000,114419
RCFL4COFF,20201210,0.5200,0.5200,0.5200,0.5200,120
RCFL4DBK1,20201210,2.8300,2.8300,2.8300,2.8300,4000
RCFL4DNP,20201210,26.2500,26.2500,26.2500,26.2500,45
RCFL4GAMES,20201210,55.8000,56.6000,51.7000,51.8000,1085
RCFL4GASO2,20201210,5.0500,5.0500,5.0500,5.0500,183
RCFL4GOLD,20201210,19.6600,19.6600,19.6600,19.6600,40
RCFL4KGH,20201210,15.4600,16.4000,15.2800,15.8200,261
RCFL4NAG1,20201210,0.1300,0.1300,0.1300,0.1300,4800
RCFL4PALL2,20201210,1.1600,1.1600,1.1600,1.1600,100
RCFL4PGE,20201210,7.9600,7.9600,7.2400,7.7200,4111
RCFL4PGN2,20201210,8.0300,8.0300,8.0300,8.0300,80
RCFL4PKN1,20201210,3.4700,3.7100,3.4700,3.6800,16100
RCFL4PKO,20201210,0.6000,0.6000,0.6000,0.6000,3000
RCFL4PKO1,20201210,13.9200,13.9200,12.8000,13.2000,575
RCFL4PLAT2,20201210,10.7400,10.7400,10.7400,10.7400,2000
RCFL4PZU,20201210,0.6000,0.6300,0.6000,0.6300,45725
RCFL4PZU1,20201210,9.0100,9.0100,8.9500,8.9500,4052
RCFL4SAP,20201210,1.4900,1.4900,1.4900,1.4900,3000
RCFL4SILVE1,20201210,5.3800,5.3800,5.3800,5.3800,48
RCFL4SILVE2,20201210,7.4100,7.6200,7.4100,7.6200,340
RCFL5ALE,20201210,11.1000,13.0600,11.1000,13.0600,510
RCFL5COFF4,20201210,6.0500,6.2400,6.0500,6.2400,30
RCFL5COPP,20201210,12.0000,12.0000,12.0000,12.0000,260
RCFL5FW20,20201210,0.8700,0.8700,0.8700,0.8700,1000
RCFL5NAG4,20201210,1.0000,1.0000,1.0000,1.0000,2000
RCFL5SILVE,20201210,1.0200,1.1000,1.0200,1.1000,1992
RCFL5SILVE1,20201210,2.4700,2.4700,2.4700,2.4700,1250
RCFL5SUGA1,20201210,1.3000,1.3300,1.3000,1.3300,4000
RCFL6COPP1,20201210,13.6600,13.6600,13.6600,13.6600,150
RCFL6GASO1,20201210,22.4000,22.4000,22.4000,22.4000,50
RCFL6GOLD1,20201210,8.8300,9.1300,8.8300,9.1300,150
RCFL6NAG1,20201210,0.0100,0.0100,0.0100,0.0100,11000
RCFL6OIL3,20201210,16.9800,16.9800,16.9800,16.9800,292
RCFL6PLAT2,20201210,6.3100,7.4000,6.2200,7.4000,1700
RCFL6SILVE,20201210,1.1000,1.1000,1.1000,1.1000,1000
RCFL6W20,20201210,17.4800,18.1800,17.4800,18.1800,274
RCFL6W201,20201210,0.6000,0.6100,0.5900,0.5900,201384
RCFL8COFF1,20201210,0.3600,0.4200,0.3600,0.4200,41000
RCFL8GOLD1,20201210,6.2300,6.3200,6.2300,6.3200,40
RCFS10GOLD2,20201210,12.5000,12.5000,11.9400,12.0000,2400
RCFS10OIL2,20201210,0.1900,0.1900,0.1900,0.1900,28000
RCFS10SILVE2,20201210,2.8000,2.8200,2.5200,2.5200,1682
RCFS2COPP,20201210,2.4800,2.4800,2.4800,2.4800,500
RCFS2KGH,20201210,1.7000,1.7500,1.6400,1.6400,1800
RCFS3CDPRO,20201210,2.5000,2.8600,2.5000,2.8600,510
RCFS3CDPRO2,20201210,0.0900,0.0900,0.0900,0.0900,1528
RCFS3COCO2,20201210,10.2400,10.2400,10.2400,10.2400,1000
RCFS3COFF,20201210,8.1400,8.1400,8.1400,8.1400,1165
RCFS3COPP,20201210,1.1100,1.1100,1.1100,1.1100,5000
RCFS3DNP,20201210,4.0300,4.0300,4.0300,4.0300,1000
RCFS3FDX,20201210,4.2100,4.2200,4.2100,4.2200,303
RCFS3GAMES,20201210,1.3100,1.3100,1.3100,1.3100,3000
RCFS3KGH1,20201210,2.7800,2.7800,2.5800,2.5900,27808
RCFS3LPP,20201210,0.2400,0.2400,0.2400,0.2400,1840
RCFS3MRC,20201210,1.1900,1.1900,1.1900,1.1900,1
RCFS3PGE,20201210,0.6600,0.7300,0.6600,0.7000,304710
RCFS3PGN,20201210,3.2700,3.2700,3.2700,3.2700,1500
RCFS3SILVE1,20201210,1.2600,1.2600,1.2600,1.2600,5000
RCFS3TPE,20201210,0.3700,0.4300,0.3700,0.4300,1280250
RCFS3W20,20201210,19.1400,19.6000,19.1200,19.4200,3765
RCFS4CDPRO1,20201210,1.1900,1.5000,1.1700,1.4800,281699
RCFS4ESX,20201210,0.2600,0.2700,0.2600,0.2700,10000
RCFS4KGH1,20201210,1.6200,1.6200,1.4000,1.4000,65320
RCFS4PEO,20201210,4.8300,5.2500,4.8300,5.1500,450
RCFS4PGE,20201210,0.5500,0.5500,0.4900,0.4900,24100
RCFS4PKN,20201210,3.2200,3.2200,3.2200,3.2200,270
RCFS4PKO,20201210,2.5800,2.5800,2.5800,2.5800,2000
RCFS5FW20,20201210,1.8400,1.8800,1.8100,1.8600,10749
RCFS5FW202,20201210,1.4400,1.4400,1.4400,1.4400,6000
RCFS5PLAT2,20201210,0.6200,0.6200,0.6200,0.6200,100
RCFS5SUGA,20201210,1.6500,1.7200,1.6000,1.7200,3000
RCFS6COCO2,20201210,9.2000,9.2000,9.2000,9.2000,1000
RCFS6COPP1,20201210,1.0500,1.0500,0.9200,0.9300,27901
RCFS6CORN,20201210,1.5900,1.5900,1.5900,1.5900,508
RCFS6FW201,20201210,1.3700,1.4400,1.3700,1.4400,8250
RCFS6NAG2,20201210,12.1400,12.1400,12.1400,12.1400,38
RCFS6SUGA,20201210,0.7100,0.7100,0.7100,0.7100,200
RCFS6W201,20201210,1.1900,1.2700,1.1900,1.2400,266223
RCFS7NAG1,20201210,5.4600,5.5100,5.2800,5.5100,9638
RCFS7SILVE1,20201210,7.4700,7.4700,7.4200,7.4200,110
RCFS8COCO,20201210,1.7100,1.7100,1.7100,1.7100,500
RCFS8COPP1,20201210,0.2900,0.2900,0.2900,0.2900,4000
RCFS8OIL2,20201210,0.3900,0.3900,0.3900,0.3900,1150
RCGBSH0522,20201210,1047.5000,1047.5000,1047.5000,1047.5000,100
RCGSDGP0921,20201210,1014.5000,1014.5000,1014.5000,1014.5000,55
RCGSXHC0122,20201210,1157.5000,1157.5000,1157.5000,1157.5000,10
RCGTECBSK0621,20201210,1091.5000,1091.5000,1091.5000,1091.5000,20
RCLLCOOPEN,20201210,6.9500,6.9500,6.9500,6.9500,7200
RCLOILAOPEN,20201210,15.7600,15.8800,15.7600,15.8800,680
RCLOILAOPEN1,20201210,176.0000,176.0000,176.0000,176.0000,6
RCRPGN1220,20201210,975.5000,975.5000,974.0000,974.0000,307
RCSDAXOPEN,20201210,82.3000,82.3000,82.3000,82.3000,121
RCSDGP0421,20201210,1033.0000,1033.0000,1033.0000,1033.0000,40
RCSILAOPEN,20201210,92.5000,93.0000,92.5000,93.0000,174
RCTLCDPRO,20201210,12.2600,12.3000,12.2600,12.3000,570
RCTLCDPRO1,20201210,8.4000,9.2800,8.4000,9.2800,7864
RCTSCDPRO1,20201210,16.0000,16.0000,16.0000,16.0000,1
RCTSCOPP3,20201210,0.1900,0.1900,0.1900,0.1900,9000
RCTSKRU1,20201210,4.6900,4.7800,4.6900,4.7800,999
RCTSLTS4,20201210,1.5100,1.5100,1.3600,1.3600,18000
RCWHTAOPEN,20201210,4.8300,4.8300,4.8300,4.8300,12000
RCWHTAOPEN1,20201210,14.3800,14.3800,14.3200,14.3200,5000
REDAN,20201210,0.1850,0.1920,0.1800,0.1920,20948
REINO,20201210,1.4300,1.4300,1.4300,1.4300,2
RELPOL,20201210,5.3600,5.4400,5.3600,5.3600,5419
REMAK,20201210,10.1000,10.1000,10.0000,10.0000,1056
RONSON,20201210,1.3750,1.3900,1.3750,1.3900,13596
ROPCZYCE,20201210,23.2000,23.2000,23.0000,23.1000,1638
RYVU,20201210,50.0000,50.2000,49.0000,49.5000,5020
SANOK,20201210,19.0000,19.3000,18.9000,19.0000,13736
SANPL,20201210,189.7000,190.2000,185.0000,189.2000,49363
SANTANDER,20201210,11.8000,12.1400,11.1000,11.6100,57241
SANWIL,20201210,2.9200,2.9600,2.8000,2.8600,130786
SECOGROUP,20201210,13.7000,13.7000,13.7000,13.7000,49
SEKO,20201210,8.9500,9.3500,8.9500,9.3000,1796
SELENAFM,20201210,17.0000,17.2000,16.5000,16.9500,2997
SELVITA,20201210,47.5000,48.4000,45.8000,46.7000,6175
SERINUS,20201210,0.2200,0.2220,0.2100,0.2140,1078942
SESCOM,20201210,29.0000,29.0000,29.0000,29.0000,1
SFINKS,20201210,0.3510,0.3550,0.3450,0.3460,4410
SILVAIR-REGS,20201210,7.1900,7.6500,7.1900,7.6500,1199
SILVANO,20201210,6.9000,6.9000,6.9000,6.9000,100
SIMPLE,20201210,12.6000,13.8000,12.5000,12.9000,13843
SKARBIEC,20201210,25.7000,25.7000,25.0000,25.5000,4045
SKOTAN,20201210,1.8100,1.8100,1.7050,1.7750,18926
SLEEPZAG,20201210,0.3300,0.3300,0.3300,0.3300,1091
SNIEZKA,20201210,88.8000,88.8000,87.0000,87.0000,85
SOLAR,20201210,3.9600,3.9800,3.8200,3.8200,4852
SONEL,20201210,9.4000,9.4000,9.2500,9.2500,1397
SOPHARMA,20201210,9.9500,9.9500,9.3500,9.3500,2288
STALEXP,20201210,3.1800,3.2200,3.1700,3.2100,59972
STALPROD,20201210,230.0000,230.0000,226.0000,228.0000,2264
STALPROFI,20201210,6.8800,6.9000,6.5400,6.7200,109986
STAPORKOW,20201210,2.5000,2.5000,2.5000,2.5000,3000
STARHEDGE,20201210,0.4160,0.4480,0.4150,0.4480,13531
SUNEX,20201210,4.5400,4.5900,4.4500,4.4900,43888
SUWARY,20201210,16.7000,16.7000,16.7000,16.7000,5
SWISSMED,20201210,9.5000,9.5000,7.6800,7.6800,138324
SYGNITY,20201210,8.4800,8.4800,8.0200,8.2600,26245
SYNEKTIK,20201210,28.7000,29.0000,27.5000,27.8000,12654
TALEX,20201210,11.6000,11.6000,11.6000,11.6000,111
TATRY,20201210,154.0000,154.0000,153.0000,153.0000,8
TAURONPE,20201210,2.5500,2.6280,2.4920,2.5020,9009722
TBULL,20201210,30.7000,30.9000,29.7000,30.8000,10513
TERMOREX,20201210,0.9200,0.9200,0.9100,0.9100,735
TESGAS,20201210,4.6000,4.6000,4.4200,4.4600,22423
TIM,20201210,18.2500,18.3000,17.6000,18.2500,189451
TORPOL,20201210,12.3000,12.3000,11.7000,12.1000,28641
TOWERINVT,20201210,12.8000,12.8000,12.8000,12.8000,758
TOYA,20201210,5.9400,5.9400,5.7000,5.8200,98875
TRAKCJA,20201210,1.9000,1.9340,1.8820,1.9080,309217
TRANSPOL,20201210,2.8100,2.8200,2.7700,2.8100,21840
TRITON,20201210,2.1400,2.1700,2.1200,2.1200,5671
TSGAMES,20201210,510.0000,529.0000,503.0000,525.0000,18361
ULMA,20201210,46.2000,46.2000,46.2000,46.2000,40
ULTGAMES,20201210,32.9000,33.4000,32.0000,33.0000,12272
UNIBEP,20201210,8.1000,8.1000,7.3200,7.7200,16320
UNICREDIT,20201210,36.0000,36.1000,35.2500,35.2800,16251
UNIMA,20201210,2.9600,2.9600,2.9600,2.9600,100
UNIMOT,20201210,34.4000,35.0000,33.8500,33.9000,32406
URSUS,20201210,0.7320,0.7500,0.7210,0.7490,96004
VENTUREIN,20201210,2.0200,2.0200,2.0200,2.0200,2186
VIGOSYS,20201210,590.0000,590.0000,570.0000,570.0000,998
VINDEXUS,20201210,4.6400,4.6400,4.5200,4.6000,7794
VISTAL,20201210,2.9150,3.0800,2.7600,2.8050,6488
VIVID,20201210,1.7980,1.7980,1.7040,1.7380,65354
VOTUM,20201210,12.0000,12.0000,11.2000,11.2000,47941
VOXEL,20201210,41.1000,42.0000,40.8000,42.0000,7108
VRG,20201210,2.7050,2.7750,2.6500,2.7200,234084
WARIMPEX,20201210,5.0000,5.0000,4.9500,4.9500,427
WASKO,20201210,1.2450,1.2700,1.2400,1.2700,10706
WAWEL,20201210,576.0000,578.0000,574.0000,574.0000,404
WIELTON,20201210,6.1900,6.2600,6.0000,6.1100,228699
WIKANA,20201210,2.2000,2.3000,2.2000,2.3000,200
WIRTUALNA,20201210,82.2000,83.8000,80.2000,81.0000,8216
WITTCHEN,20201210,8.6200,8.7200,8.5800,8.7000,10254
WOJAS,20201210,5.0000,5.0000,4.8000,4.9600,2110
WORKSERV,20201210,1.4680,1.4700,1.3420,1.4620,829836
XTB,20201210,16.3000,17.5000,16.0500,17.2000,956417
XTPL,20201210,77.6000,77.6000,75.0000,76.4000,1355
ZAMET,20201210,0.7600,0.7900,0.7600,0.7900,13293
ZASTAL,20201210,30.6000,30.6000,28.8000,30.0000,215
ZEPAK,20201210,9.6200,9.6400,9.4600,9.6000,9002
ZPUE,20201210,146.0000,146.0000,144.0000,144.0000,196
ZREMB,20201210,0.6300,0.7000,0.6300,0.6850,21892
ZUE,20201210,3.5400,3.6000,3.3200,3.5000,36622
ZYWIEC,20201210,498.0000,500.0000,496.0000,496.0000,153
INVESTORMS,20201210,4217.2800,4217.2800,4177.4600,4177.4600,399904.626
MWIG40,20201210,3886.5900,3886.5900,3805.6600,3808.9600,254211.354
MWIG40DVP,20201210,63.1100,63.1100,63.1100,63.1100,254211.354
MWIG40TR,20201210,5147.8800,5147.8800,5044.4000,5044.7700,254211.354
SWIG80,20201210,15511.5100,15519.5900,15391.9900,15391.9900,41557.247
SWIG80DVP,20201210,311.2700,311.2700,311.2700,311.2700,41557.247
SWIG80TR,20201210,20093.1300,20095.3800,19938.3000,19938.3000,41557.247
WIG,20201210,56713.9100,56838.5500,56073.0000,56230.4000,2015756.135
WIG-BANKI,20201210,4873.3600,4874.5600,4725.0300,4759.8500,197468.716
WIG-BUDOW,20201210,3362.3100,3370.5200,3309.2700,3366.9900,11095.318
WIG-CEE,20201210,1204.1500,1204.1500,1200.6900,1203.8800,3246.281
WIG-CHEMIA,20201210,7816.7700,7816.7700,7530.9200,7570.4000,15784.567
WIG-ENERG,20201210,1987.0200,2031.3800,1951.9800,1990.4900,72576.304
WIG-ESG,20201210,9378.0500,9402.2500,9219.1900,9243.3000,1855933.062
WIG-GORNIC,20201210,5699.8200,5864.8700,5666.9200,5819.5200,128702.055
WIG-INFO,20201210,3735.9200,3752.1700,3719.7200,3731.0600,20477.032
WIG-LEKI,20201210,5091.2000,5091.2000,4970.4300,4973.7100,9948.431
WIG-MEDIA,20201210,5509.6800,5587.3800,5410.1000,5447.4900,1033.482
WIG-MOTO,20201210,3986.1800,4056.2100,3959.7500,3959.7500,6100.504
WIG-NRCHOM,20201210,2321.6500,2323.7400,2270.9900,2282.4700,29503.353
WIG-ODZIEZ,20201210,4630.9400,4630.9400,4423.4100,4439.1800,72993.360
WIG-PALIWA,20201210,5110.6500,5160.6800,5013.3900,5158.7000,263703.974
WIG-POLAND,20201210,57872.7100,57872.7100,57458.6200,57489.1800,2009942.465
WIG-SPOZYW,20201210,3517.7900,3525.0700,3454.3700,3463.8000,5627.270
WIG-TELKOM,20201210,916.2200,920.8800,898.2600,903.4100,16261.282
WIG-UKRAIN,20201210,438.6700,438.6700,435.5500,436.8400,2519.899
WIG.GAMES,20201210,31572.4700,31934.1200,30739.7500,30867.3600,781307.243
WIG.MS-BAS,20201210,11398.0100,11600.4000,11308.8100,11509.4700,198094.874
WIG.MS-FIN,20201210,7270.0900,7293.8500,7103.8400,7195.0700,273685.956
WIG.MS-PET,20201210,6790.0500,6838.6600,6656.8000,6834.8200,277355.770
WIG20,20201210,1995.6300,2008.9600,1975.2600,1984.0000,1692158.164
WIG20DVP,20201210,10.3700,10.3700,10.3700,10.3700,1692158.164
WIG20LEV,20201210,434.5100,440.3100,425.6400,429.4500,1692158.164
WIG20SHORT,20201210,3577.8900,3614.4600,3553.9500,3598.7700,1692158.164
WIG20TR,20201210,3655.3600,3672.5800,3619.3000,3633.8000,1692158.164
WIG30,20201210,2303.0400,2311.4900,2278.1100,2287.4400,1748091.553
WIG30TR,20201210,4160.0200,4160.0200,4128.7200,4134.3700,1748091.553
WIGDIV,20201210,1061.2800,1061.8900,1055.3200,1059.6600,199566.988
WIGTECH,20201210,14494.7400,14494.7400,14322.9300,14322.9300,0.000
WIGTECHTR,20201210,14872.0800,14920.9600,14670.9400,14700.7700,0.000
