06MAGNA,20201002,1.0900,1.0900,1.0300,1.0600,116594
11BIT,20201002,472.0000,482.0000,472.0000,482.0000,7960
4FUNMEDIA,20201002,4.8800,5.0600,4.8200,4.9400,8501
ABPL,20201002,29.3000,29.3000,27.7000,28.4000,1739
ACAUTOGAZ,20201002,40.7000,41.8000,40.7000,40.9000,401
ACTION,20201002,4.7800,4.7800,4.5300,4.6200,13708
ADIUVO,20201002,5.9800,5.9800,5.7000,5.8000,3120
AGORA,20201002,6.5000,6.5000,5.9000,6.2400,8511
AGROTON,20201002,4.0000,4.0000,3.6500,3.9400,3669
AIGAMES,20201002,22.5000,22.6000,21.7000,21.7000,10529
AILLERON,20201002,6.9800,7.0000,6.6000,6.6800,82470
AIRWAY,20201002,1.5700,1.6300,1.4850,1.5600,1040560
ALIOR,20201002,13.0850,13.3500,12.9000,13.1500,431872
ALTA,20201002,1.0800,1.1200,1.0300,1.1100,18384
ALTUSTFI,20201002,0.8080,0.8080,0.7740,0.7860,30525
ALUMETAL,20201002,35.4000,36.0000,35.3000,36.0000,28735
AMBRA,20201002,18.6500,18.6500,18.2000,18.2000,1518
AMICA,20201002,134.0000,136.2000,132.6000,133.6000,793
AMREST,20201002,18.5000,18.9800,18.0600,18.9000,170591
APATOR,20201002,20.5000,20.7000,20.3000,20.6000,1799
APLISENS,20201002,11.2000,11.2000,11.2000,11.2000,2
APSENERGY,20201002,1.7050,1.7200,1.7050,1.7200,4629
ARCHICOM,20201002,18.2000,18.2000,17.8500,17.8500,385
ARCTIC,20201002,3.8100,3.8600,3.7400,3.8600,13212
ARTERIA,20201002,4.4000,4.4800,4.3000,4.4800,1155
ARTIFEX,20201002,10.0000,10.0000,9.2000,9.6200,4323
ASBIS,20201002,5.0900,5.0900,4.9500,5.0000,106682
ASSECOBS,20201002,35.0000,35.0000,33.2000,33.8000,1595
ASSECOPOL,20201002,67.2000,67.5000,66.6000,66.9000,43960
ASSECOSEE,20201002,45.1000,46.0000,45.1000,46.0000,1342
ASTARTA,20201002,17.5000,17.5000,17.0000,17.1500,14268
ATAL,20201002,32.4000,32.4000,31.0000,31.5000,6577
ATENDE,20201002,3.0600,3.1200,3.0000,3.1000,12631
ATLANTAPL,20201002,6.1000,6.1000,5.9400,5.9400,1426
ATLANTIS,20201002,0.6700,0.6800,0.6700,0.6800,3300
ATLASEST,20201002,1.1950,1.1950,1.1900,1.1900,35415
ATMGRUPA,20201002,4.2100,4.2100,3.8200,4.1000,340544
ATREM,20201002,1.9600,1.9600,1.9200,1.9200,2645
AUTOPARTN,20201002,7.1000,7.2200,7.1000,7.2200,11504
BAHOLDING,20201002,0.5180,0.5190,0.5000,0.5150,65207
BBIDEV,20201002,3.4500,3.6400,3.4500,3.6400,290
BEDZIN,20201002,9.0000,9.0000,8.4500,9.0000,116
BENEFIT,20201002,725.0000,730.0000,700.0000,720.0000,3337
BETACOM,20201002,11.3500,11.3500,11.1000,11.1000,1470
BETAM40TR,20201002,49.5400,49.8100,49.2900,49.7550,1152
BETAW20LV,20201002,29.8500,30.4100,29.3700,30.4100,5520
BETAW20ST,20201002,441.5000,443.4000,435.0000,436.8000,2230
BETAW20TR,20201002,28.6750,28.9500,28.5350,28.9500,2852
BIK,20201002,14.9000,14.9000,13.2500,13.2500,765
BIOMEDLUB,20201002,17.1500,18.5500,16.7000,17.6000,2387160
BIOTON,20201002,4.2000,4.2650,4.1600,4.2650,27802
BNPPGOLD1222,20201002,1001.0000,1001.0000,1001.0000,1001.0000,10
BNPPPL,20201002,40.4000,41.2000,40.3000,40.3000,671
BNPPSOLED1221,20201002,1043.0000,1043.0000,1041.5000,1041.5000,130
BOGDANKA,20201002,18.5000,18.5800,18.0800,18.1800,15715
BOOMBIT,20201002,19.0800,19.4000,19.0200,19.4000,5654
BORYSZEW,20201002,3.2550,3.2550,3.1550,3.2000,33009
BOS,20201002,5.3200,5.3200,5.2600,5.3200,1475
BOWIM,20201002,1.9700,1.9700,1.9700,1.9700,1000
BRASTER,20201002,0.6000,0.6160,0.5600,0.5990,199369
BUDIMEX,20201002,243.5000,254.0000,237.0000,247.0000,10901
BUMECH,20201002,2.0600,2.0600,2.0000,2.0500,1470
CCC,20201002,55.0400,57.4000,53.1200,56.5400,761297
CDPROJEKT,20201002,390.1000,400.5000,384.1000,397.2000,758118
CDRL,20201002,13.2000,13.8000,12.3000,12.8000,2438
CELTIC,20201002,6.6000,6.6000,6.6000,6.6000,544
CEZ,20201002,77.0000,77.0000,72.6000,73.0000,102
CFI,20201002,0.2370,0.2390,0.2280,0.2390,96758
CIECH,20201002,27.4500,27.4500,26.3500,26.4500,42649
CIGAMES,20201002,1.4300,1.4400,1.3500,1.4040,979537
CLNPHARMA,20201002,41.7000,41.7000,40.5000,40.6000,27262
CNT,20201002,13.1000,13.4000,13.0000,13.4000,1798
COALENERG,20201002,0.6500,0.6800,0.6200,0.6800,29427
COGNOR,20201002,1.2700,1.2800,1.2200,1.2500,79334
COMARCH,20201002,203.0000,208.0000,203.0000,205.0000,792
COMP,20201002,60.8000,60.8000,60.4000,60.8000,1445
COMPERIA,20201002,2.1600,2.1600,2.1600,2.1600,157
CORMAY,20201002,1.5800,1.6450,1.5350,1.5550,391688
CPGROUP,20201002,6.4000,6.4000,6.1400,6.2000,326
CYFRPLSAT,20201002,27.0000,27.6400,27.0000,27.1600,244773
DATAWALK,20201002,198.0000,198.0000,188.5000,192.0000,4200
DEBICA,20201002,84.0000,84.0000,83.4000,84.0000,1075
DECORA,20201002,28.0000,29.8000,27.5000,29.8000,4107
DEKPOL,20201002,25.8000,26.6000,25.6000,26.0000,5676
DELKO,20201002,17.5000,17.9000,16.8000,17.2000,86889
DEVELIA,20201002,1.8600,1.8600,1.8140,1.8400,281988
DGA,20201002,5.4400,5.4400,5.1200,5.1200,181
DIGITREE,20201002,6.6000,6.6000,6.5500,6.5500,1500
DINOPL,20201002,229.0000,230.2000,226.4000,227.0000,231705
DOMDEV,20201002,101.0000,102.5000,99.2000,99.2000,1298
DROZAPOL,20201002,1.6900,1.8550,1.6900,1.8500,7517
ECHO,20201002,4.0800,4.0800,4.0500,4.0600,8085
EDINVEST,20201002,3.6600,3.6600,3.5200,3.6600,1275
EFEKT,20201002,4.6800,5.0000,4.6600,4.6600,1068
EKOEXPORT,20201002,4.0000,4.0650,3.7400,3.8000,238233
ELBUDOWA,20201002,1.2700,1.2800,1.2060,1.2480,46697
ELEKTROTI,20201002,5.7200,5.7200,5.4400,5.4400,2718
ELEMENTAL,20201002,2.4700,2.4800,2.4450,2.4550,48853
ELKOP,20201002,0.2370,0.2460,0.2340,0.2430,332196
ELZAB,20201002,4.0600,4.0600,3.8800,4.0600,2070
EMCINSMED,20201002,16.4000,16.4000,16.0000,16.0000,5
ENAP,20201002,1.4500,1.4500,1.3700,1.4500,5474
ENEA,20201002,6.0000,6.0350,5.8450,5.9050,195496
ENELMED,20201002,13.5000,13.5000,13.5000,13.5000,17
ENERGA,20201002,8.3200,8.3200,8.2900,8.2900,98601
ENERGOINS,20201002,0.7900,0.7900,0.7900,0.7900,1000
ENTER,20201002,22.5000,23.0000,22.1000,22.1000,7916
ERBUD,20201002,19.7500,19.7500,19.0000,19.0000,14043
ERG,20201002,49.8000,49.8000,49.8000,49.8000,1
ESOTIQ,20201002,9.8000,9.8000,9.7000,9.7000,885
ETFDAX,20201002,530.5000,535.6000,529.5000,533.5000,482
ETFSP500,20201002,130.8200,132.2800,130.0000,131.9000,1409
ETFW20L,20201002,209.9000,210.0000,207.5000,210.0000,232
EUCO,20201002,4.9000,4.9000,4.6700,4.7500,9025
EUROCASH,20201002,14.2400,14.2800,14.0500,14.1000,139206
EUROHOLD,20201002,4.3000,4.3000,4.3000,4.3000,1
EUROTEL,20201002,23.0000,23.0000,22.5000,22.8000,1248
EVEREST,20201002,20.6000,21.2000,19.9000,20.8000,723
FAMUR,20201002,1.6920,1.6920,1.6400,1.6400,192056
FEERUM,20201002,12.0000,12.0000,11.2500,11.9000,521
FERRO,20201002,18.9500,18.9500,18.4000,18.4500,449
FERRUM,20201002,3.7800,3.7800,3.5400,3.7800,13
FON,20201002,0.1220,0.1220,0.1100,0.1220,57602
FORTE,20201002,30.7500,32.0000,30.5000,30.7500,4941
GAMEOPS,20201002,31.7750,32.0000,30.3400,30.9000,7361
GAMFACTOR,20201002,18.9000,18.9040,17.3000,18.0000,8034
GAMFACTOR-PDA,20201002,17.4300,17.5000,16.1100,17.1400,10413
GETIN,20201002,0.7840,0.7885,0.7570,0.7790,192191
GETINOBLE,20201002,0.1944,0.1946,0.1838,0.1920,520621
GLCOSMED,20201002,6.0000,6.1500,5.6000,5.8500,143606
GPW,20201002,45.1500,45.8500,44.6000,45.8500,28439
GROCLIN,20201002,1.0800,1.0800,1.0300,1.0800,516
GRODNO,20201002,13.4000,13.8000,12.8000,12.9000,160692
GRUPAAZOTY,20201002,23.8500,24.6500,23.7500,23.9000,29645
GTC,20201002,6.2800,6.2800,6.1600,6.2800,55688
HANDLOWY,20201002,36.8000,36.8000,35.8000,35.8000,11981
HARPER,20201002,18.0500,18.2000,16.6000,17.3000,84354
HELIO,20201002,11.0000,11.0000,9.9000,9.9000,161
HERKULES,20201002,1.2850,1.2850,1.2350,1.2750,272
HUBSTYLE,20201002,0.9700,1.0800,0.9050,1.0400,37238
HYDROTOR,20201002,27.6000,28.4000,27.6000,28.4000,73
I2DEV,20201002,9.2000,9.8000,9.0000,9.0000,18495
IALBGR,20201002,0.2880,0.2880,0.2880,0.2880,1603
IDEABANK,20201002,1.4780,1.4780,1.4040,1.4500,32827
IDMSA,20201002,0.9050,0.9050,0.9050,0.9050,12
IFIRMA,20201002,4.3100,4.3500,4.2600,4.3500,9352
IMCOMPANY,20201002,11.3000,11.3000,10.9000,11.1500,2965
IMMOBILE,20201002,2.5300,2.5500,2.5200,2.5200,341
IMPEL,20201002,11.7000,12.1000,11.7000,12.0500,361
IMPERA,20201002,0.8900,0.8900,0.8400,0.8400,12060
IMS,20201002,2.7000,2.7000,2.5500,2.6000,42165
INC,20201002,10.5500,10.6000,10.0500,10.4000,96827
INGBSK,20201002,122.2000,124.6000,121.6000,124.6000,1986
INPRO,20201002,4.8400,4.8400,4.8400,4.8400,2
INSTALKRK,20201002,19.0000,19.4500,19.0000,19.3000,1660
INTERAOLT,20201002,15.5000,15.7000,15.2000,15.6000,3862
INTERCARS,20201002,229.0000,229.0000,220.0000,223.0000,302
INTERFERI,20201002,3.1400,3.3000,3.1400,3.3000,479
INTERSPPL,20201002,1.3400,1.3400,1.3400,1.3400,190
INTLBCO31179,20201002,72.4000,72.4000,71.9000,71.9000,84
INTLBCO31187,20201002,73.4000,73.4000,73.4000,73.4000,47
INTLBCO31294,20201002,99.3000,99.3000,97.7000,97.8000,317
INTLBCO31633,20201002,27.7000,28.1500,25.8000,25.8000,2016
INTLBCO31641,20201002,31.1000,31.1000,28.0500,30.0000,610
INTLBCO31658,20201002,33.6000,33.6000,31.0000,31.0000,4565
INTLBCO31666,20201002,37.1500,37.1500,37.1500,37.1500,35
INTLBCO31674,20201002,40.5000,40.5000,38.5500,39.0000,127
INTLBCO31682,20201002,44.4500,44.4500,43.1000,43.1000,200
INTLBCO31914,20201002,24.0000,24.5500,21.5000,22.2000,987
INTLBCO31989,20201002,16.9000,16.9000,13.1200,14.7800,6976
INTLBCO31997,20201002,20.4500,20.4500,17.2000,18.7800,470
INTLBCO32896,20201002,12.7200,13.0800,8.8600,11.4600,2595
INTLCCC31476,20201002,2.1000,2.4200,2.1000,2.4200,685
INTLCDR30486,20201002,15.6600,15.7400,15.3200,15.3200,21225
INTLCDR30726,20201002,13.7200,13.7200,12.8000,13.2800,327
INTLCDR30973,20201002,10.6600,10.9600,9.9000,10.9600,3823
INTLCDR31377,20201002,9.5200,9.5500,8.4600,9.5500,2840
INTLCDR33290,20201002,8.0000,8.0700,6.9000,8.0700,4875
INTLDAX31542,20201002,95.2000,95.2000,95.2000,95.2000,185
INTLDAX31559,20201002,103.0000,103.0000,103.0000,103.0000,8
INTLDAX31872,20201002,76.3000,76.3000,76.3000,76.3000,30
INTLDAX32821,20201002,36.5000,38.4000,33.7000,36.9500,404
INTLDAX32847,20201002,54.9000,54.9000,54.9000,54.9000,40
INTLDAX32946,20201002,23.8000,28.5500,23.5000,28.0000,12874
INTLDAX34769,20201002,17.3200,17.5000,12.7600,15.6000,12546
INTLDOW32219,20201002,190.4000,190.4000,190.4000,190.4000,3
INTLESX00778,20201002,52.2000,52.2000,52.2000,52.2000,18
INTLESX30817,20201002,29.9000,29.9000,29.9000,29.9000,200
INTLESX32524,20201002,17.9600,17.9600,17.9600,17.9600,420
INTLESX32961,20201002,11.8400,11.8400,11.8400,11.8400,140
INTLEUD33837,20201002,21.1000,21.1000,21.1000,21.1000,40
INTLEUD33860,20201002,16.1200,16.1200,16.0000,16.0000,140
INTLEUR27599,20201002,22.1500,22.1500,22.1500,22.1500,50
INTLEUR28324,20201002,17.8200,17.8200,17.8200,17.8200,200
INTLGBP34645,20201002,23.1000,23.1000,23.1000,23.1000,100
INTLGLD11726,20201002,286.0000,286.0000,286.0000,286.0000,40
INTLGLD21873,20201002,304.5000,304.5000,304.5000,304.5000,3
INTLGLD23069,20201002,228.5000,228.5000,228.5000,228.5000,4
INTLGLD23903,20201002,207.0000,207.0000,207.0000,207.0000,40
INTLGLD30866,20201002,141.8000,141.8000,141.8000,141.8000,20
INTLGLD33100,20201002,82.5000,82.5000,79.0000,79.0000,30
INTLGLD33456,20201002,43.1000,43.1000,40.0000,40.0000,1242
INTLGLD33464,20201002,58.5000,58.5000,52.4000,54.1000,80
INTLJSW30569,20201002,15.8200,15.8200,15.8200,15.8200,60
INTLJSW32136,20201002,12.8000,12.8000,12.0400,12.5800,3614
INTLJSW32144,20201002,13.1200,13.1200,13.1200,13.1200,35
INTLJSW34736,20201002,6.8500,7.0900,6.8500,7.0900,50
INTLJSW34744,20201002,8.2400,8.2400,8.2400,8.2400,150
INTLKGH33944,20201002,19.4000,19.4000,19.4000,19.4000,150
INTLLTS34017,20201002,6.7300,6.7300,6.0000,6.0000,10285
INTLLTS34702,20201002,12.1000,12.2000,11.4600,11.4800,6400
INTLNAG31732,20201002,1.4700,1.8900,1.4700,1.8900,878
INTLNAG33076,20201002,1.2900,1.2900,1.0200,1.0200,2351
INTLNDX30015,20201002,178.4000,178.4000,178.4000,178.4000,10
INTLNDX31047,20201002,136.6000,136.6000,136.6000,136.6000,12
INTLNDX31054,20201002,154.4000,154.4000,154.4000,154.4000,6
INTLNDX31906,20201002,119.8000,123.2000,119.8000,123.2000,46
INTLNDX32979,20201002,71.5000,73.2000,70.0000,73.2000,332
INTLNDX32987,20201002,87.3000,87.3000,87.3000,87.3000,28
INTLNDX33167,20201002,62.3000,62.6000,62.3000,62.6000,102
INTLNDX33621,20201002,48.0000,52.6000,48.0000,52.6000,346
INTLNDX34777,20201002,35.7500,37.8000,35.3000,37.8000,1582
INTLOPL21584,20201002,4.8700,4.9500,4.8700,4.9500,400
INTLPEO29439,20201002,17.3000,17.3000,17.3000,17.3000,1000
INTLPEO29801,20201002,8.6100,8.6900,8.3500,8.5500,2676
INTLPGE32037,20201002,2.9100,2.9100,2.9100,2.9100,200
INTLPGE32292,20201002,2.3000,2.3000,2.0900,2.2500,3930
INTLPGN29843,20201002,2.4300,2.4300,2.3300,2.3300,750
INTLPGN33027,20201002,0.9400,0.9400,0.9400,0.9400,500
INTLPKN04101,20201002,13.0000,13.0000,13.0000,13.0000,30
INTLPKN04119,20201002,15.8600,15.8600,15.5200,15.5200,75
INTLPKN05496,20201002,11.1800,11.1800,11.1800,11.1800,650
INTLPKN05835,20201002,9.1800,9.1800,8.6000,8.8300,1959
INTLPKN06353,20201002,6.3000,7.0200,6.3000,7.0200,1264
INTLPKN29835,20201002,4.5200,4.9100,4.2100,4.7700,10901
INTLPKO29413,20201002,8.2200,8.2200,8.1200,8.1200,150
INTLPKO30387,20201002,3.4300,3.8200,3.3700,3.8000,4079
INTLPKO30395,20201002,4.4100,4.4100,4.4100,4.4100,22
INTLPKO30403,20201002,5.0800,5.1600,5.0700,5.0700,1000
INTLPKO30692,20201002,3.0500,3.0800,3.0500,3.0800,6173
INTLPLA33084,20201002,4.9000,4.9000,4.7000,4.8300,1900
INTLPZU14712,20201002,4.1900,4.5500,4.1900,4.5500,2662
INTLPZU15610,20201002,5.7800,5.7800,5.7800,5.7800,63
INTLPZU15800,20201002,6.7000,6.8000,6.7000,6.8000,850
INTLPZU15941,20201002,3.0400,3.2600,2.8000,3.1400,4924
INTLPZU29371,20201002,2.5000,2.7700,2.5000,2.7700,1801
INTLSLV33043,20201002,27.8500,28.1000,27.3000,27.8000,285
INTLSLV33340,20201002,13.5400,13.8400,12.9000,13.5000,3455
INTLSLV33357,20201002,16.3600,17.0000,16.0000,17.0000,1555
INTLSLV33365,20201002,19.0000,19.3000,19.0000,19.3000,100
INTLSLV33373,20201002,22.6000,22.6000,22.0000,22.0000,50
INTLSLV33381,20201002,24.7000,24.8000,24.6500,24.6500,800
INTLSPX23622,20201002,48.8000,50.4000,48.8000,50.4000,65
INTLSPX28928,20201002,52.8000,52.8000,52.8000,52.8000,18
INTLSPX31575,20201002,32.6000,33.0500,32.6000,33.0500,200
INTLSPX33894,20201002,16.9600,18.0200,16.6200,18.0200,571
INTLUSD20602,20201002,30.6000,33.0500,30.6000,32.1000,629
INTLUSD20610,20201002,35.8000,36.6500,35.8000,36.5000,913
INTLUSD20826,20201002,41.7500,41.7500,41.6000,41.6000,365
INTLUSD20842,20201002,46.2000,48.0000,46.2000,47.7000,1019
INTLUSD21170,20201002,25.3500,27.9500,24.9500,26.5000,2104
INTLUSD34256,20201002,19.7400,22.3000,19.7400,21.7000,3913
INTLUSD34629,20201002,9.0600,11.5000,9.0600,9.9600,8624
INTLUSD34637,20201002,15.5400,16.2600,15.3600,15.7400,305
INTLW2028670,20201002,3.6000,3.8400,3.6000,3.8400,560
INTLW2030585,20201002,2.4200,2.4200,2.4200,2.4200,1000
INTLW2030759,20201002,1.7500,1.7500,1.7500,1.7500,600
INTLW2030767,20201002,1.9300,2.0800,1.8300,2.0800,6200
INTLW2031492,20201002,1.5200,1.5200,1.5000,1.5000,754
INTLW2031864,20201002,1.3100,1.4100,1.3100,1.4100,13076
INTLW2032177,20201002,0.9300,1.1800,0.9000,1.1300,12440
INTLW2032185,20201002,1.1500,1.3700,1.1500,1.2800,39647
INTLW2034751,20201002,0.7700,0.7700,0.7700,0.7700,30000
INTROL,20201002,4.0800,4.1400,4.0000,4.1000,17959
INTSBCO28027,20201002,50.6000,52.3000,50.5000,50.5000,85
INTSBCO28035,20201002,57.0000,57.0000,57.0000,57.0000,42
INTSBCO28043,20201002,64.4000,65.5000,64.4000,65.5000,30
INTSBCO28308,20201002,41.3000,43.1000,41.3000,42.7000,68
INTSBCO34447,20201002,29.1500,31.0000,28.7000,30.2000,714
INTSBCO34454,20201002,36.5500,37.4000,36.5500,37.4000,159
INTSCCC27698,20201002,5.2600,5.2600,5.2600,5.2600,95
INTSCCC34207,20201002,3.2700,3.2700,3.0400,3.0500,1600
INTSCDR34124,20201002,16.8400,17.7000,16.4000,16.4800,9822
INTSCDR34199,20201002,20.5500,20.8500,20.3000,20.3000,1143
INTSCDR34249,20201002,12.5800,13.8000,12.1800,12.1800,10128
INTSDAX25783,20201002,58.9000,61.1000,56.7000,56.7000,1924
INTSDAX25825,20201002,70.3000,70.3000,69.3000,70.0000,280
INTSDAX26591,20201002,82.9000,87.0000,82.9000,83.7000,502
INTSDAX26609,20201002,98.0000,99.5000,95.0000,96.3000,1085
INTSDAX34322,20201002,36.0000,36.8000,31.5500,33.0500,22396
INTSDAX34330,20201002,45.0000,46.8000,44.0000,44.0500,5087
INTSDNP34074,20201002,5.7800,5.7800,5.6800,5.6800,900
INTSDNP34082,20201002,7.7500,7.7700,7.7300,7.7700,826
INTSDOW24067,20201002,106.8000,111.0000,100.4000,103.8000,1093
INTSDOW33597,20201002,221.0000,221.0000,221.0000,221.0000,2
INTSESX28878,20201002,18.6800,18.6800,18.0800,18.0800,250
INTSEUD21246,20201002,21.8000,22.7000,21.6500,22.7000,624
INTSEUR28340,20201002,23.6000,23.6000,23.0000,23.0000,350
INTSEUR29165,20201002,33.1000,33.1000,32.2000,32.2000,220
INTSEUR29686,20201002,46.4500,46.4500,46.4500,46.4500,50
INTSGBU31831,20201002,33.0000,33.3500,31.7000,33.3500,270
INTSGLD33316,20201002,87.4000,90.0000,87.4000,90.0000,40
INTSGLD33886,20201002,191.4000,191.4000,191.4000,191.4000,5
INTSGLD34504,20201002,64.9000,67.9000,64.9000,67.9000,165
INTSKGH33969,20201002,57.4000,59.0000,56.5000,56.5000,2047
INTSLTS34041,20201002,23.7000,23.7000,23.4000,23.4000,1011
INTSNAG26344,20201002,6.1600,6.1600,6.0300,6.0300,134
INTSNAG27797,20201002,5.4900,5.4900,4.9000,4.9000,264
INTSNDX33225,20201002,58.0000,63.0000,57.3000,60.2000,3254
INTSNDX33233,20201002,72.8000,77.7000,72.0000,73.8000,9147
INTSNDX33241,20201002,88.4000,90.2000,88.4000,90.2000,105
INTSNDX33258,20201002,110.0000,110.0000,110.0000,110.0000,100
INTSNDX33647,20201002,155.4000,155.4000,155.4000,155.4000,6
INTSNDX34389,20201002,29.7000,33.8000,27.5000,29.4500,6205
INTSNKX27086,20201002,96.1000,98.0000,96.1000,98.0000,18
INTSNKX27094,20201002,164.0000,164.6000,163.2000,164.6000,70
INTSPEO32334,20201002,34.9000,34.9000,34.9000,34.9000,50
INTSPGE34157,20201002,1.7100,1.8600,1.7100,1.8600,11920
INTSPKN27649,20201002,35.3500,35.3500,35.3500,35.3500,41
INTSPKN34173,20201002,24.6500,24.6500,24.6500,24.6500,208
INTSPLA34587,20201002,4.4700,4.4700,4.4700,4.4700,94
INTSSLV33696,20201002,28.3000,28.3000,28.3000,28.3000,80
INTSSLV34538,20201002,20.7000,20.7000,20.7000,20.7000,100
INTSSLV34546,20201002,11.8400,11.8400,11.4800,11.4800,211
INTSSPX34140,20201002,24.7500,25.2500,24.4500,24.4500,680
INTSSPX34215,20201002,37.5500,37.5500,37.5500,37.5500,50
INTSSPX34413,20201002,18.8400,19.4600,18.1000,18.1000,1885
INTSSPX34421,20201002,44.0000,44.0000,44.0000,44.0000,33
INTSUSD29231,20201002,61.5000,61.5000,61.5000,61.5000,99
INTSUSD32698,20201002,29.2000,29.2000,26.4500,27.2500,740
INTSUSD33589,20201002,22.5000,22.5000,21.3500,21.5000,740
INTSUSJ32714,20201002,26.0000,26.0000,26.0000,26.0000,7
INTSW2019307,20201002,8.2000,8.2000,8.2000,8.2000,215
INTSW2020859,20201002,6.3800,6.3800,6.3800,6.3800,1584
INTSW2024257,20201002,6.3200,6.3200,6.3200,6.3200,234
INTSW2026005,20201002,6.0300,6.0300,5.7900,5.7900,490
INTSW2027391,20201002,4.3200,4.4000,4.3200,4.4000,1529
INTSW2027409,20201002,4.6400,4.6800,4.6100,4.6100,3531
INTSW2028464,20201002,2.8000,2.8500,2.6000,2.6600,10677
INTSW2028472,20201002,3.2000,3.2000,3.2000,3.2000,5000
INTSW2028480,20201002,3.6400,3.6400,3.6400,3.6400,2697
INTSW2034264,20201002,1.5900,1.7000,1.3800,1.5000,55385
INTSW2034272,20201002,1.8600,1.8900,1.8200,1.8900,3227
INTSW2034280,20201002,2.1100,2.1100,2.0700,2.0700,1135
INTSW2034306,20201002,2.6300,2.6300,2.6300,2.6300,420
INVPEFIZ,20201002,784.0000,858.9000,784.0000,858.2000,80
IPOPEMA,20201002,3.3800,3.4800,3.3000,3.4800,4507
ITMTRADE,20201002,0.1415,0.1415,0.1410,0.1410,11726
IZOBLOK,20201002,29.0000,29.3000,29.0000,29.2000,697
IZOLACJA,20201002,1.4700,1.4700,1.3500,1.4700,16
IZOSTAL,20201002,2.1800,2.1900,2.1400,2.1800,13135
JSW,20201002,24.5000,24.9900,23.9000,24.2100,794657
JWCONSTR,20201002,2.9200,2.9200,2.9000,2.9000,13
K2INTERNT,20201002,16.0000,16.0000,15.0000,15.4000,3357
KCI,20201002,0.7200,0.7540,0.6800,0.7460,35332
KERNEL,20201002,40.4000,40.4000,39.8000,40.0000,10759
KETY,20201002,458.0000,460.0000,454.0000,454.0000,1690
KGHM,20201002,113.7000,115.3000,112.0000,115.0000,586425
KGL,20201002,15.2000,15.3500,15.0000,15.0000,2439
KINOPOL,20201002,6.8500,6.8500,6.7000,6.8000,18576
KOGENERA,20201002,34.2000,34.2000,32.0000,33.9000,416
KOMPAP,20201002,7.7000,8.2000,7.7000,8.2000,39587
KOMPUTRON,20201002,1.9450,1.9450,1.8200,1.9400,6857
KREC,20201002,7.1800,7.4000,7.1800,7.4000,35
KREDYTIN,20201002,10.5000,10.5000,10.1000,10.4000,822
KRKA,20201002,380.0000,380.0000,376.0000,376.0000,26
KRUK,20201002,134.9000,134.9000,130.2000,132.2000,26616
KRUSZWICA,20201002,53.0000,53.0000,52.0000,52.0000,1385
KRVITAMIN,20201002,28.9000,33.7000,26.2000,33.4000,118626
LABOPRINT,20201002,9.8400,9.8600,9.8400,9.8600,10
LARQ,20201002,1.7200,1.7200,1.7150,1.7200,1000
LENA,20201002,3.3900,3.4000,3.3800,3.3800,3232
LENTEX,20201002,8.8000,9.1600,8.6800,9.0600,16919
LIBET,20201002,2.5800,2.5800,2.4200,2.4900,47046
LIVECHAT,20201002,90.9000,94.7000,89.9000,94.5000,14139
LMCSFIZ,20201002,1100.0000,1100.0000,1100.0000,1100.0000,20
LMDSFIZ,20201002,1089.9000,1109.9000,1089.9000,1109.9000,16
LOKUM,20201002,11.8000,11.8500,11.4500,11.8500,771
LOTOS,20201002,33.7000,34.0000,33.0100,33.5400,441931
LPP,20201002,6730.0000,6900.0000,6635.0000,6755.0000,1008
LUBAWA,20201002,1.2500,1.2800,1.2300,1.2650,275997
MABION,20201002,31.9000,33.9000,31.1500,31.9000,23323
MAKARONPL,20201002,5.9000,5.9500,5.7000,5.8500,12815
MANGATA,20201002,46.8000,46.8000,44.4000,46.8000,430
MARVIPOL,20201002,5.1000,5.1800,5.0400,5.0400,11778
MASTERPHA,20201002,4.3500,4.4500,4.3200,4.3200,8062
MAXCOM,20201002,11.7000,11.8500,11.6000,11.8000,1112
MBANK,20201002,169.6000,171.5000,166.4000,169.1000,22065
MBWS,20201002,5.6000,6.0000,5.4000,5.7000,7050
MCI,20201002,12.8000,13.0500,12.8000,13.0000,23875
MDIENERGIA,20201002,3.9000,3.9100,3.5600,3.9000,32742
MEDIACAP,20201002,2.2600,2.2600,2.2600,2.2600,10000
MEDICALG,20201002,21.9000,22.0000,21.6500,22.0000,3135
MENNICA,20201002,19.5000,19.6000,19.0000,19.0000,2465
MERCATOR,20201002,451.0000,486.0000,451.0000,485.0000,52161
MERCOR,20201002,10.2500,10.3000,10.1500,10.3000,2791
MEXPOLSKA,20201002,1.4300,1.4300,1.3700,1.4300,1314
MFO,20201002,20.0000,20.0000,19.5000,19.6000,1067
MILKILAND,20201002,0.6400,0.6400,0.6400,0.6400,3104
MILLENNIUM,20201002,2.7160,2.7480,2.6540,2.6940,568966
MIRACULUM,20201002,1.1700,1.1700,1.1100,1.1500,33580
MIRBUD,20201002,2.4300,2.4300,2.2500,2.3400,280703
MLPGROUP,20201002,70.5000,70.5000,70.5000,70.5000,6
MLSYSTEM,20201002,84.2000,85.0000,79.8000,83.0000,17869
MOBRUK,20201002,244.0000,256.0000,244.0000,256.0000,229
MOJ,20201002,1.4500,1.4500,1.3700,1.3700,10414
MOL,20201002,21.1000,21.1000,20.7600,20.9000,40590
MONNARI,20201002,1.8000,1.8100,1.7650,1.7650,16694
MOSTALPLC,20201002,8.2200,8.5200,8.1800,8.4600,2076
MOSTALWAR,20201002,4.7500,4.7500,4.7500,4.7500,27
MOSTALZAB,20201002,0.8380,0.8780,0.8120,0.8600,178548
MUZA,20201002,2.5000,2.5200,2.5000,2.5200,3053
MWTRADE,20201002,1.8200,1.8500,1.8200,1.8500,150
NANOGROUP,20201002,3.1800,3.2000,3.1000,3.2000,1060
NETIA,20201002,4.5000,4.5500,4.4600,4.5000,19722
NEUCA,20201002,509.0000,511.0000,505.0000,511.0000,4922
NEWAG,20201002,26.8000,26.8000,26.3000,26.3000,1896
NOVAVISGR,20201002,2.0000,2.0000,1.9000,1.9100,7267
NOVITA,20201002,129.0000,130.0000,128.0000,128.0000,265
NOWAGALA,20201002,1.0000,1.0000,1.0000,1.0000,2394
NTTSYSTEM,20201002,2.7000,2.7000,2.5900,2.7000,1888
OAT,20201002,18.3000,18.3000,17.7000,17.8000,11654
ODLEWNIE,20201002,4.7400,4.7400,4.7000,4.7000,838
OEX,20201002,15.5000,15.5000,15.0000,15.0000,1031
OPENFIN,20201002,0.8100,0.8100,0.7620,0.7840,28896
OPONEO.PL,20201002,30.9000,30.9000,30.2000,30.7000,943
OPTEAM,20201002,25.4000,26.4000,25.4000,25.8000,2121
ORANGEPL,20201002,6.9600,7.0650,6.8550,6.9350,1288058
ORCOGROUP,20201002,1.2600,1.2700,1.2600,1.2700,177
ORZBIALY,20201002,11.3500,11.5500,10.9000,11.1000,1510
OTLOG,20201002,5.0000,5.2000,5.0000,5.2000,1190
OTMUCHOW,20201002,1.2800,1.3300,1.2800,1.3300,6350
OVOSTAR,20201002,62.5000,63.0000,62.5000,63.0000,6
PAMAPOL,20201002,1.3600,1.4200,1.3300,1.3600,18001
PANOVA,20201002,10.8500,10.9000,10.8500,10.9000,1210
PBKM,20201002,80.0000,80.0000,80.0000,80.0000,300
PCCEXOL,20201002,3.5300,3.5400,3.3500,3.5100,653764
PCCROKITA,20201002,44.0000,44.0000,43.3000,43.6000,1529
PEKABEX,20201002,13.8000,13.8000,13.3500,13.6000,19460
PEKAO,20201002,49.5000,50.6000,49.2200,50.2400,363715
PEMANAGER,20201002,9.3200,9.4000,9.1000,9.4000,723
PEP,20201002,48.6000,48.9000,46.6000,48.1000,4962
PEPEES,20201002,1.4200,1.4200,1.3400,1.3700,7697
PGE,20201002,6.8100,6.8460,6.5620,6.7780,2078026
PGNIG,20201002,4.9850,5.0040,4.8440,4.9490,1951119
PGO,20201002,1.0800,1.1800,1.0800,1.1800,405
PGSSOFT,20201002,12.0000,12.2000,11.6000,11.6500,5870
PHARMENA,20201002,10.0500,10.1000,9.6200,10.0500,1882
PHN,20201002,11.5500,11.5500,11.1000,11.5000,3974
PKNORLEN,20201002,44.6400,44.6600,43.7000,43.9400,1190542
PKOBP,20201002,20.8000,21.5200,20.7400,21.3200,1299513
PKOGS,20201002,90.8800,90.8800,90.2000,90.2100,741
PKOSO,20201002,106.0500,106.4900,106.0500,106.4900,60
PKPCARGO,20201002,11.3600,11.3600,11.1200,11.2400,35179
PLASTBOX,20201002,1.6400,1.6400,1.6100,1.6400,2430
PLAY,20201002,38.7400,38.8200,38.6000,38.6400,2267832
PLAYWAY,20201002,525.0000,552.0000,515.0000,550.0000,12965
PLAZACNTR,20201002,1.7200,1.7800,1.7200,1.7500,5460
PMPG,20201002,1.5500,1.5500,1.5500,1.5500,459
POLIMEXMS,20201002,2.0400,2.0600,2.0000,2.0250,146134
POLNORD,20201002,3.0600,3.0600,3.0450,3.0450,1657
POLWAX,20201002,2.9100,2.9100,2.8900,2.8900,44
POZBUD,20201002,1.6400,1.6400,1.5600,1.6200,35514
PRAGMAFA,20201002,26.0000,26.0000,25.2000,26.0000,2183
PRAGMAINK,20201002,8.6000,8.6000,8.6000,8.6000,9
PRAIRIE,20201002,0.6720,0.6720,0.6200,0.6400,307462
PRIMETECH,20201002,1.2400,1.2400,1.2400,1.2400,120
PROCHEM,20201002,19.0000,19.0000,18.4000,18.4000,114
PROJPRZEM,20201002,16.7000,16.7000,16.5000,16.7000,225
PROTEKTOR,20201002,4.4800,4.6600,4.3600,4.6200,26110
PROVIDENT,20201002,2.3500,2.3650,2.3000,2.3500,16897
PULAWY,20201002,79.0000,80.4000,78.8000,79.0000,515
PUNKPIRAT,20201002,0.7800,0.7800,0.7100,0.7550,79822
PZU,20201002,24.4900,24.7200,24.1100,24.7000,1242486
PZUAKORD,20201002,119.1300,119.1500,119.1300,119.1500,300
QMULTIFIZ,20201002,1188.0000,1190.0000,1188.0000,1188.0000,14
QUERCUS,20201002,3.4400,3.6000,3.3400,3.5000,32799
R22,20201002,31.0000,31.5000,30.5000,30.6000,3214
RADPOL,20201002,2.2900,2.3500,2.2600,2.3500,16896
RAFAKO,20201002,0.9220,0.9220,0.8600,0.8900,497862
RAFAMET,20201002,14.0000,14.4000,14.0000,14.4000,220
RAINBOW,20201002,13.3500,13.3500,12.6500,12.9500,12691
RANKPROGR,20201002,1.7000,1.7150,1.6000,1.7150,35699
RAWLPLUG,20201002,7.7800,7.7800,7.5400,7.7800,298
RCCOFFAOPEN1,20201002,2.6100,2.6100,2.6100,2.6100,520
RCFL10GOLD,20201002,17.0000,17.0000,16.8000,16.8000,1836
RCFL10GOLD1,20201002,8.1300,8.1300,7.8400,7.8400,3000
RCFL2COFF2,20201002,4.8900,4.8900,4.8900,4.8900,2000
RCFL2COFF3,20201002,7.6800,7.7100,7.5200,7.5200,7500
RCFL2PKN1,20201002,4.4200,4.4200,4.3500,4.3500,16000
RCFL2PLAT1,20201002,7.3500,7.3500,7.3500,7.3500,283
RCFL2SILVE,20201002,31.8500,32.1000,31.8500,32.1000,532
RCFL3ALR1,20201002,4.6100,4.6600,4.6100,4.6600,1200
RCFL3CCC,20201002,0.0600,0.0600,0.0600,0.0600,23500
RCFL3CCC1,20201002,11.0400,12.5000,10.8800,12.1800,223
RCFL3CDPRO1,20201002,95.0000,95.0000,88.7000,88.7000,143
RCFL3COFF,20201002,0.4000,0.4000,0.4000,0.4000,2000
RCFL3COFF3,20201002,5.8500,5.9100,5.6800,5.6800,21150
RCFL3CORN,20201002,1.7700,1.7700,1.7700,1.7700,500
RCFL3GASO2,20201002,4.6900,4.6900,4.6500,4.6500,1100
RCFL3GOLD,20201002,71.0000,71.0000,71.0000,71.0000,10
RCFL3GOLD2,20201002,26.7000,26.7000,26.7000,26.7000,100
RCFL3JSW,20201002,0.7900,0.8000,0.7200,0.7600,802273
RCFL3JSW1,20201002,27.4500,27.4500,24.7500,26.9000,1922
RCFL3KGH,20201002,3.1400,3.1400,3.0100,3.0600,6540
RCFL3LTS1,20201002,0.2000,0.2000,0.1900,0.2000,109350
RCFL3MBK,20201002,1.6300,1.6300,1.6100,1.6100,6859
RCFL3NAG2,20201002,3.4700,3.7900,3.4700,3.7900,1500
RCFL3PEO,20201002,0.7600,0.7700,0.7500,0.7500,29200
RCFL3PGE,20201002,0.2100,0.2100,0.1900,0.2100,1398111
RCFL3PKN,20201002,6.9000,6.9000,6.6800,6.8700,906
RCFL3PLAT2,20201002,9.1700,9.2100,9.1700,9.2100,400
RCFL3PZU,20201002,8.3800,8.3800,7.9100,8.3300,801
RCFL3TPE,20201002,6.7300,6.7300,6.7300,6.7300,250
RCFL4CDPRO,20201002,49.4500,49.7500,45.0000,49.7500,1217
RCFL4COFF3,20201002,4.2500,4.4700,3.9700,4.4700,15502
RCFL4GAMES,20201002,77.4000,81.6000,77.0000,81.6000,670
RCFL4KGH,20201002,2.9400,2.9400,2.7200,2.9000,2695
RCFL4NAG1,20201002,0.4000,0.4000,0.4000,0.4000,1500
RCFL4PEO1,20201002,4.3800,4.3900,4.3800,4.3900,2507
RCFL4PKN1,20201002,1.4200,1.4300,1.3600,1.3900,7095
RCFL4PKO1,20201002,4.8200,4.8200,4.7500,4.7700,2102
RCFL4PZU,20201002,0.3700,0.3900,0.3600,0.3900,26887
RCFL4SILVE2,20201002,9.4500,9.8100,9.4500,9.8100,780
RCFL4SILVE3,20201002,20.6500,20.6500,20.6500,20.6500,47
RCFL5COFF3,20201002,2.5800,2.5800,2.5800,2.5800,300
RCFL5COPP,20201002,4.5100,5.3300,4.5100,5.3300,1500
RCFL5FW20,20201002,0.4300,0.4300,0.4300,0.4300,5000
RCFL5GOLD,20201002,27.3000,27.3000,26.9500,27.2000,251
RCFL5MWIG40,20201002,1.7300,1.7300,1.7300,1.7300,445
RCFL5SBO1,20201002,6.3700,6.4500,6.3700,6.4200,1300
RCFL5SILVE,20201002,1.5900,1.5900,1.5300,1.5500,4100
RCFL5SUGA1,20201002,0.9500,0.9500,0.9500,0.9500,1100
RCFL6COPP1,20201002,5.2800,5.7200,5.2800,5.7200,200
RCFL6FW201,20201002,0.3900,0.3900,0.3900,0.3900,1000
RCFL6GOLD1,20201002,14.1000,14.1000,14.1000,14.1000,100
RCFL6SILVE,20201002,2.0600,2.0800,1.9600,2.0700,34840
RCFL6SILVE2,20201002,13.5600,13.5600,13.1000,13.1000,2453
RCFL6W20,20201002,8.3000,8.3000,8.3000,8.3000,93
RCFL6W201,20201002,0.2700,0.2800,0.2700,0.2800,60000
RCFL7SILVE,20201002,0.4300,0.4300,0.4300,0.4300,300
RCFL8COFF,20201002,0.1100,0.1100,0.1100,0.1100,28000
RCFL8COFF1,20201002,0.3400,0.3600,0.3300,0.3600,58071
RCFL8COPP1,20201002,2.4500,2.5500,2.3900,2.5500,40150
RCFL8GOLD,20201002,23.0500,23.0500,23.0500,23.0500,46
RCFS2ADS1,20201002,7.0900,7.1200,7.0900,7.1200,15000
RCFS2KGH,20201002,5.3600,5.3600,5.3600,5.3600,24390
RCFS2PKN,20201002,6.0000,6.1300,6.0000,6.1300,1333
RCFS2SILVE1,20201002,3.3500,3.3500,3.3500,3.3500,285
RCFS2W20,20201002,66.3000,66.3000,66.3000,66.3000,95
RCFS3BMW,20201002,2.0200,2.0300,2.0200,2.0300,35000
RCFS3CDPRO,20201002,3.5200,3.5200,3.5200,3.5200,100
RCFS3FDX,20201002,5.4800,5.5600,5.4200,5.4500,13801
RCFS3GAMES,20201002,1.3200,1.3400,1.3100,1.3100,4318
RCFS3GOLD,20201002,28.9500,28.9500,28.9500,28.9500,55
RCFS3KGH,20201002,0.3100,0.3100,0.2900,0.2900,553625
RCFS3NAG2,20201002,4.8200,5.2200,4.8200,5.0900,1264
RCFS3PEO,20201002,21.0000,21.0000,21.0000,21.0000,57
RCFS3PGE,20201002,1.1000,1.2000,1.1000,1.1500,12950
RCFS3PGN,20201002,5.9700,5.9700,5.6900,5.6900,1045
RCFS3TPE,20201002,0.9000,0.9200,0.8200,0.8200,28330
RCFS3W20,20201002,35.3000,35.9000,34.7500,34.7500,283
RCFS4CDPRO1,20201002,2.1400,2.3500,1.9800,1.9800,367923
RCFS4ESX,20201002,0.5100,0.5200,0.5100,0.5200,2700
RCFS4KGH,20201002,0.1700,0.1700,0.1700,0.1700,2000
RCFS4NAG1,20201002,4.0000,4.0000,4.0000,4.0000,2000
RCFS4PGN,20201002,1.5900,1.6000,1.5900,1.5900,1800
RCFS5COPP,20201002,2.8800,2.8800,2.6800,2.7700,3600
RCFS5FW20,20201002,5.7300,5.7300,5.7300,5.7300,100
RCFS5NAG1,20201002,2.4900,2.4900,2.4900,2.4900,300
RCFS5SOY,20201002,3.8500,3.8500,3.8500,3.8500,200
RCFS6COPP1,20201002,3.6400,3.6400,3.6400,3.6400,297
RCFS6FW201,20201002,5.4200,5.4200,5.4200,5.4200,441
RCFS6NAG,20201002,0.5700,0.5800,0.4600,0.4600,5530
RCFS6W201,20201002,4.6800,4.9200,4.5300,4.5300,11437
RCFS8COPP1,20201002,1.7600,1.7600,1.5800,1.5800,40000
RCGBSK0621B,20201002,1049.5000,1049.5000,1049.5000,1049.5000,20
RCGLDAOPEN,20201002,730.0000,730.0000,730.0000,730.0000,4
RCGTECBSK0621,20201002,1070.0000,1070.0000,1070.0000,1070.0000,400
RCLNAGOPEN,20201002,1.5900,1.5900,1.5400,1.5500,134200
RCLOILAOPEN1,20201002,149.2000,149.2000,149.2000,149.2000,100
RCRBSPX0522,20201002,554.0000,554.0000,554.0000,554.0000,4
RCRBSPX0822,20201002,626.0000,626.0000,626.0000,626.0000,4
RCRBSPX1122,20201002,704.0000,704.0000,704.0000,704.0000,6
RCSCEAOPEN,20201002,70.4000,70.4000,70.4000,70.4000,42
RCSDAXOPEN,20201002,89.2000,89.2000,89.2000,89.2000,1010
RCSILAOPEN,20201002,95.5000,95.5000,95.1000,95.1000,2
RCTLBML,20201002,1.0200,1.0200,1.0200,1.0200,110
RCTLOIL0028,20201002,7.1100,7.1100,7.1100,7.1100,324
RCTSCOFF002,20201002,5.9000,5.9000,5.9000,5.9000,149
REDAN,20201002,0.1940,0.1940,0.1900,0.1940,1356
REINO,20201002,1.4800,1.4800,1.3800,1.3800,19064
RELPOL,20201002,5.2200,5.3000,5.1800,5.2800,9286
REMAK,20201002,10.4500,11.3000,10.1000,10.9500,1070
RONSON,20201002,1.2700,1.2850,1.2600,1.2800,15543
ROPCZYCE,20201002,22.2000,22.4000,22.0000,22.0000,494
RYVU,20201002,60.8000,60.8000,60.0000,60.4000,1206
SANOK,20201002,13.8000,13.8000,13.2500,13.2500,2240
SANPL,20201002,140.4000,145.0000,139.2000,144.5000,37485
SANTANDER,20201002,7.2500,7.2500,7.0100,7.0800,102971
SANWIL,20201002,4.1800,4.2000,3.9800,4.2000,198221
SEKO,20201002,9.0000,9.0000,9.0000,9.0000,147
SELENAFM,20201002,13.5000,13.9500,13.1500,13.9500,2457
SELVITA,20201002,41.4000,41.4000,40.0000,40.5000,10081
SERINUS,20201002,0.3740,0.3740,0.3540,0.3700,93230
SESCOM,20201002,32.0000,32.0000,31.8000,31.8000,37
SFINKS,20201002,0.3800,0.3800,0.3800,0.3800,150
SILVAIR-REGS,20201002,8.5000,8.5000,8.5000,8.5000,23
SILVANO,20201002,7.0000,7.0000,6.4400,6.4400,1081
SIMPLE,20201002,10.6000,10.6000,10.0000,10.4000,1024
SKARBIEC,20201002,24.8000,25.0000,24.1000,25.0000,903
SKOTAN,20201002,1.9550,2.0300,1.9100,2.0100,24677
SKYLINE,20201002,0.7000,0.7000,0.7000,0.7000,20
SLEEPZAG,20201002,0.5700,0.6000,0.5400,0.6000,38462
SNIEZKA,20201002,88.0000,88.6000,88.0000,88.4000,134
SOLAR,20201002,3.7200,3.8800,3.4800,3.7400,6709
SONEL,20201002,9.2500,9.7000,9.2000,9.2000,1495
STALEXP,20201002,2.9500,2.9500,2.8900,2.9300,99147
STALPROD,20201002,188.0000,188.0000,183.4000,187.8000,1190
STALPROFI,20201002,5.9200,5.9400,5.7200,5.9400,5118
STARHEDGE,20201002,0.4450,0.4450,0.4450,0.4450,20
SUNEX,20201002,5.4000,5.7800,5.2000,5.5000,68760
SUWARY,20201002,17.8000,17.8000,16.5000,16.5000,520
SWISSMED,20201002,3.0100,3.1000,3.0100,3.1000,700
SYGNITY,20201002,7.5200,7.7600,7.4400,7.6800,8437
SYNEKTIK,20201002,22.8000,22.8000,21.0000,21.8000,7397
TALEX,20201002,11.4000,11.4000,11.4000,11.4000,10
TAURONPE,20201002,2.2500,2.3200,2.2340,2.3060,2306072
TBULL,20201002,21.2000,21.2000,19.6000,20.9000,11955
TERMOREX,20201002,1.3000,1.3000,1.1700,1.2300,28762
TESGAS,20201002,4.8000,4.8000,4.5600,4.5600,11867
TIM,20201002,13.1000,13.2500,12.9000,13.1500,18143
TORPOL,20201002,12.1000,12.4000,11.7000,12.0500,28070
TOYA,20201002,7.7000,7.7000,7.5600,7.7000,6512
TRAKCJA,20201002,1.6500,1.6500,1.6020,1.6160,84179
TRANSPOL,20201002,2.8400,2.9200,2.8400,2.9200,25123
TRITON,20201002,2.2500,2.2500,2.2200,2.2200,3607
TSGAMES,20201002,579.0000,594.0000,579.0000,590.0000,22700
ULMA,20201002,49.4000,49.4000,49.4000,49.4000,30
ULTGAMES,20201002,28.6000,29.2000,26.3000,29.2000,6157
UNIBEP,20201002,7.7000,7.7000,7.6200,7.6600,495
UNICREDIT,20201002,32.0000,32.0000,31.2850,31.3450,864
UNIMA,20201002,3.2800,3.2800,3.2600,3.2600,120
UNIMOT,20201002,33.7000,34.4000,32.4500,33.5000,22265
URSUS,20201002,0.5550,0.5690,0.5420,0.5560,92724
VENTUREIN,20201002,1.8200,1.8200,1.8200,1.8200,82
VIGOSYS,20201002,560.0000,570.0000,545.0000,545.0000,239
VINDEXUS,20201002,4.7200,4.7200,4.6500,4.7200,3685
VISTAL,20201002,3.3000,3.4000,3.1750,3.3600,81969
VIVID,20201002,2.0500,2.0500,1.9740,2.0300,34107
VOTUM,20201002,12.9000,12.9000,12.5000,12.6000,17207
VOXEL,20201002,40.7000,41.0000,39.7000,40.5000,7220
VRG,20201002,2.3400,2.4300,2.2700,2.4250,72595
WARIMPEX,20201002,5.2800,5.2800,5.2800,5.2800,286
WASKO,20201002,1.3750,1.3750,1.3300,1.3750,12529
WAWEL,20201002,550.0000,556.0000,548.0000,550.0000,99
WIELTON,20201002,4.2700,4.2700,4.1000,4.2000,14979
WIKANA,20201002,2.2000,2.4200,2.2000,2.4200,42450
WIRTUALNA,20201002,69.8000,71.4000,66.8000,68.0000,2034
WITTCHEN,20201002,7.3000,7.3000,7.1000,7.2200,1445
WOJAS,20201002,4.3200,4.3200,4.2400,4.2400,395
WORKSERV,20201002,1.0300,1.0480,0.9600,1.0080,657766
XTB,20201002,15.2000,15.6000,15.2000,15.2500,352585
XTPL,20201002,88.0000,88.0000,84.8000,87.8000,721
ZAMET,20201002,0.9600,0.9600,0.9100,0.9250,102458
ZASTAL,20201002,20.2000,22.0000,18.2000,21.4000,4317
ZEPAK,20201002,9.9600,9.9800,9.7000,9.8800,10138
ZPUE,20201002,160.0000,160.0000,151.0000,154.0000,1179
ZREMB,20201002,0.7100,0.8950,0.7100,0.8050,216994
ZUE,20201002,3.7200,3.7200,3.5000,3.6600,12647
ZYWIEC,20201002,476.0000,476.0000,474.0000,474.0000,10
INVESTORMS,20201002,3894.4100,3914.3600,3894.4100,3914.3600,228649.635
MWIG40,20201002,3544.0700,3567.0100,3525.8800,3555.5800,130571.350
MWIG40DVP,20201002,63.1100,63.1100,63.1100,63.1100,130571.350
MWIG40TR,20201002,4693.9300,4723.2200,4671.9400,4709.1800,130571.350
SWIG80,20201002,14140.6100,14143.2500,13936.7200,13980.1700,24010.797
SWIG80DVP,20201002,258.9600,258.9600,258.9600,258.9600,24010.797
SWIG80TR,20201002,18252.2300,18252.2300,17992.1400,18045.1500,24010.797
WIG,20201002,48836.1000,49157.6100,48572.2200,49043.2600,946158.697
WIG-BANKI,20201002,3650.1000,3728.5200,3647.0000,3708.8800,63664.810
WIG-BUDOW,20201002,2978.6400,3032.5800,2941.5000,2999.3100,6110.199
WIG-CEE,20201002,1088.9800,1088.9800,1084.8800,1084.8800,1782.536
WIG-CHEMIA,20201002,6674.4500,6739.7000,6619.2700,6623.1600,1915.278
WIG-ENERG,20201002,1935.4800,1942.9100,1896.4700,1934.7700,23085.368
WIG-ESG,20201002,8002.2200,8075.3300,7967.2500,8047.8300,900907.023
WIG-GORNIC,20201002,3609.1000,3656.1500,3554.6600,3641.7400,86407.141
WIG-INFO,20201002,3767.9400,3791.2900,3745.2100,3778.0700,6300.238
WIG-LEKI,20201002,6039.5600,6217.8000,5996.4200,6070.4400,45075.929
WIG-MEDIA,20201002,4851.8200,4871.0300,4697.0300,4754.5400,1966.378
WIG-MOTO,20201002,3729.1400,3744.1100,3645.2800,3671.4300,319.444
WIG-NRCHOM,20201002,2172.2500,2177.2700,2144.8700,2155.9700,1873.893
WIG-ODZIEZ,20201002,3986.4900,4100.8900,3940.1900,4036.8100,52795.295
WIG-PALIWA,20201002,4048.5800,4048.5800,3957.3600,4001.7100,78467.050
WIG-POLAND,20201002,49833.2200,50146.3800,49689.5200,50146.3800,942889.437
WIG-SPOZYW,20201002,3014.1100,3014.1100,2979.5700,2998.1200,4691.142
WIG-TELKOM,20201002,901.7000,911.6000,899.8700,902.3300,103427.274
WIG-UKRAIN,20201002,334.5800,335.6100,333.3500,335.6100,738.758
WIG.GAMES,20201002,32375.7400,33136.6700,32356.7900,33029.9200,323928.741
WIG.MS-BAS,20201002,9150.9200,9257.1700,9032.0600,9236.9800,106291.810
WIG.MS-FIN,20201002,5564.7900,5684.4200,5551.7600,5665.4500,86963.816
WIG.MS-PET,20201002,5508.8400,5509.8000,5385.4700,5450.1400,78645.531
WIG20,20201002,1690.0400,1704.5800,1675.2000,1697.3900,776112.079
WIG20DVP,20201002,7.5000,7.5000,7.5000,7.5000,776112.079
WIG20LEV,20201002,316.0300,321.4800,310.4600,318.7800,776112.079
WIG20SHORT,20201002,4283.1800,4320.6100,4246.5100,4264.6500,776112.079
WIG20TR,20201002,3081.6300,3113.1800,3064.1800,3103.4800,776112.079
WIG30,20201002,1935.5000,1955.2200,1924.0900,1946.7800,792629.243
WIG30TR,20201002,3488.0100,3512.9800,3476.1800,3512.9800,792629.243
WIGDIV,20201002,972.8100,974.5900,961.9200,970.2700,77617.145
WIGTECH,20201002,14609.3700,14695.5000,14574.5900,14655.2700,0.000
