06MAGNA,20201012,3.5000,3.7600,2.8600,3.3400,1843496
11BIT,20201012,472.5000,483.0000,472.0000,481.5000,5576
4FUNMEDIA,20201012,4.9800,4.9900,4.8100,4.9900,2495
ABPL,20201012,26.7000,26.7000,25.8000,25.8000,7665
ACAUTOGAZ,20201012,41.2000,41.2000,40.8000,40.8000,695
ACTION,20201012,4.0600,4.1400,3.9200,4.0000,28197
ADIUVO,20201012,5.7400,6.0000,5.6000,5.7800,5890
AGORA,20201012,6.0000,6.0600,5.8800,5.9600,8090
AGROTON,20201012,3.8000,3.8700,3.7500,3.8700,4673
AIGAMES,20201012,21.9000,22.4000,21.1000,22.0000,15136
AILLERON,20201012,6.7200,6.9800,6.7200,6.8000,13053
AIRWAY,20201012,2.0400,2.0700,1.8850,1.9250,754522
ALIOR,20201012,14.2100,14.4150,13.8400,14.4150,326631
ALLEGRO,20201012,65.0000,72.1000,60.0000,70.0000,59867551
ALTA,20201012,1.1400,1.1400,1.1400,1.1400,6540
ALTUSTFI,20201012,0.9000,0.9440,0.8220,0.8720,22852
ALUMETAL,20201012,36.0000,36.0000,36.0000,36.0000,562
AMBRA,20201012,18.3500,18.3500,18.0000,18.2000,1841
AMICA,20201012,131.0000,134.0000,131.0000,132.4000,687
AMREST,20201012,18.4800,18.7000,18.0400,18.4000,81432
APATOR,20201012,20.1000,20.1000,19.2500,19.5000,8846
APLISENS,20201012,11.0000,11.0000,10.7000,10.9000,1164
APSENERGY,20201012,1.8000,1.8000,1.7100,1.7200,1801
ARCHICOM,20201012,18.6000,18.9000,18.5000,18.9000,78020
ARCTIC,20201012,3.7800,3.9200,3.7800,3.8900,36003
ARTERIA,20201012,4.1400,4.1400,4.1400,4.1400,10
ARTIFEX,20201012,9.9600,9.9800,9.5000,9.5000,3344
ASBIS,20201012,5.0000,5.3000,5.0000,5.1800,103684
ASMGROUP,20201012,2.3000,2.3000,2.2000,2.2000,5400
ASSECOBS,20201012,34.6000,34.6000,33.2000,34.2000,471
ASSECOPOL,20201012,66.8000,66.8000,65.5000,65.5000,69769
ASSECOSEE,20201012,46.0000,46.3000,45.3000,46.0000,22744
ASTARTA,20201012,18.0000,19.1000,17.4000,19.0000,34411
ATAL,20201012,31.8000,32.0000,31.2000,31.6000,157
ATENDE,20201012,3.0800,3.1000,3.0000,3.0000,13179
ATLANTAPL,20201012,6.8000,6.8000,6.5000,6.5000,1449
ATLANTIS,20201012,0.6720,0.6900,0.6720,0.6900,1001
ATMGRUPA,20201012,4.0700,4.1700,3.9500,4.0900,1361085
ATREM,20201012,2.4500,2.6100,2.4000,2.4200,118014
AUTOPARTN,20201012,7.1000,7.1000,7.0400,7.0800,207756
BAHOLDING,20201012,0.5190,0.5240,0.4930,0.5200,40566
BBIDEV,20201012,3.4000,3.5400,3.4000,3.5400,1349
BEDZIN,20201012,8.8000,8.8000,8.4000,8.8000,155
BENEFIT,20201012,676.0000,695.0000,667.0000,689.0000,365
BEST,20201012,16.2000,16.2000,16.2000,16.2000,100
BETACOM,20201012,11.1500,11.1500,10.6500,11.1000,40
BETAM40TR,20201012,50.7800,50.7800,50.2800,50.4500,1001
BETAW20LV,20201012,30.4400,30.4400,29.6000,29.6000,5355
BETAW20ST,20201012,436.0000,440.0000,433.7000,439.4000,526
BETAW20TR,20201012,28.9000,29.0950,28.6500,28.8000,6934
BIK,20201012,12.9000,14.3000,12.9000,14.3000,1422
BIOMEDLUB,20201012,22.3000,23.3000,20.2000,21.2000,2931770
BIOTON,20201012,4.8200,4.8200,4.5500,4.6400,138699
BNPPENDL0622,20201012,1000.5000,1000.5000,1000.5000,1000.5000,29
BNPPPL,20201012,41.6000,41.6000,40.0000,40.0000,698
BNPPSLVR0323,20201012,992.5000,992.5000,992.5000,992.5000,20
BNPPSOGO1021,20201012,1053.5000,1053.5000,1053.5000,1053.5000,220
BNPPSOHU0923,20201012,973.0000,973.0000,973.0000,973.0000,31
BNPPSXPP0221,20201012,950.5000,950.5000,950.5000,950.5000,200
BOGDANKA,20201012,18.8000,18.8000,18.2400,18.2600,12483
BOOMBIT,20201012,21.0000,21.3500,20.7000,20.9000,31499
BORYSZEW,20201012,3.1300,3.1700,3.1000,3.1400,23473
BOS,20201012,5.5400,5.6000,5.5000,5.5000,5101
BOWIM,20201012,2.0000,2.0200,1.9500,2.0200,8886
BRASTER,20201012,0.7240,0.7240,0.6600,0.7040,155146
BUDIMEX,20201012,248.0000,262.0000,245.0000,247.5000,3778
BUMECH,20201012,2.0300,2.0300,1.9550,2.0000,1812
CCC,20201012,45.2000,46.0000,44.2500,45.5100,298505
CDPROJEKT,20201012,378.0000,382.7000,371.0000,371.0000,430801
CDRL,20201012,12.0000,13.3500,12.0000,13.3500,1103
CEZ,20201012,73.0000,73.0000,71.3000,72.1000,537
CFI,20201012,0.2210,0.2230,0.2000,0.2100,168921
CIECH,20201012,27.0000,27.5000,26.3000,26.3000,27430
CIGAMES,20201012,1.3380,1.3420,1.2580,1.3020,1125185
CITYSERV,20201012,8.2500,8.9900,7.9100,7.9900,2705
CLNPHARMA,20201012,41.0000,41.0000,39.9500,40.0000,11825
CNT,20201012,13.8000,13.9000,13.8000,13.9000,120
COALENERG,20201012,0.6050,0.6050,0.5550,0.5900,19946
COGNOR,20201012,1.2400,1.2800,1.2300,1.2650,49757
COMARCH,20201012,201.0000,207.0000,198.0000,200.0000,3441
COMP,20201012,59.8000,60.4000,57.4000,59.6000,5188
COMPERIA,20201012,2.1000,2.1000,2.1000,2.1000,197
CORMAY,20201012,2.0800,2.1400,1.9000,1.9450,1076343
CPGROUP,20201012,6.3000,6.3000,6.1000,6.1000,2405
CYFRPLSAT,20201012,27.4000,27.7600,27.1400,27.2600,329836
CZTOREBKA,20201012,0.5400,0.6200,0.5400,0.5500,31341
DATAWALK,20201012,186.5000,189.0000,181.0000,183.5000,2768
DEBICA,20201012,80.0000,80.0000,77.2000,77.4000,783
DECORA,20201012,27.6000,27.6000,27.0000,27.6000,1247
DEKPOL,20201012,25.2000,25.2000,24.4000,25.2000,1162
DELKO,20201012,17.2000,17.5000,16.7000,17.0000,23517
DEVELIA,20201012,1.7120,1.7480,1.7100,1.7140,43969
DGA,20201012,5.4000,5.4000,5.4000,5.4000,12
DIGITREE,20201012,6.9000,6.9000,6.6000,6.7000,1317
DINOPL,20201012,215.0000,218.0000,213.2000,217.0000,497316
DOMDEV,20201012,103.0000,103.0000,99.0000,100.5000,5695
DROZAPOL,20201012,1.7000,1.7000,1.6700,1.6700,505
ECHO,20201012,4.1200,4.1200,4.0800,4.0800,12274
EDINVEST,20201012,3.5000,3.5000,3.2200,3.4600,7201
EFEKT,20201012,4.9000,5.1000,4.9000,5.0000,13615
EKOEXPORT,20201012,3.9500,3.9900,3.7300,3.8050,58312
ELBUDOWA,20201012,0.9350,0.9700,0.9100,0.9480,31870
ELEKTROTI,20201012,5.2400,5.2400,4.7900,4.9600,22196
ELEMENTAL,20201012,2.4200,2.4200,2.4100,2.4100,13357
ELKOP,20201012,0.2540,0.2570,0.2450,0.2550,81630
ELZAB,20201012,3.8800,3.9000,3.8800,3.9000,801
EMCINSMED,20201012,16.6000,16.6000,16.4000,16.4000,481
ENAP,20201012,1.4600,1.4600,1.4600,1.4600,2
ENEA,20201012,5.5800,5.6450,5.4150,5.4550,294700
ENELMED,20201012,14.3000,14.4000,14.2000,14.4000,532
ENERGA,20201012,8.3000,8.3100,8.3000,8.3050,238660
ENERGOINS,20201012,0.6600,0.7400,0.6600,0.7400,19685
ENTER,20201012,20.5000,22.0000,20.5000,22.0000,10082
ERBUD,20201012,19.4000,19.4000,19.2000,19.3500,750
ERG,20201012,49.6000,49.8000,47.6000,49.8000,106
ESOTIQ,20201012,9.9000,9.9000,9.5600,9.9000,233
ETFDAX,20201012,547.7000,554.0000,547.7000,552.0000,151
ETFSP500,20201012,134.5800,136.7800,134.5800,136.5600,2947
ETFW20L,20201012,211.2000,211.2000,208.5000,208.7000,723
EUCO,20201012,4.6000,4.6000,4.2500,4.4000,5289
EUROCASH,20201012,14.4100,14.4200,14.0900,14.2000,316646
EUROHOLD,20201012,4.2000,4.2000,4.0000,4.1000,110
EUROTEL,20201012,22.7000,22.9000,22.5000,22.9000,1352
EVEREST,20201012,20.8000,22.0000,20.8000,21.8000,2224
FAMUR,20201012,1.6960,1.6960,1.6220,1.6680,273158
FASING,20201012,10.7000,10.7000,10.6500,10.6500,975
FEERUM,20201012,12.0000,12.0000,11.7000,11.7000,10
FERRO,20201012,18.3000,18.5000,18.1000,18.2000,6088
FERRUM,20201012,3.6000,3.6200,3.4800,3.6200,1872
FON,20201012,0.1250,0.1250,0.1120,0.1190,235862
FORTE,20201012,30.7500,31.1000,30.6000,30.7500,4820
GAMEOPS,20201012,31.0000,31.0000,30.1000,30.4900,2530
GAMFACTOR,20201012,18.4000,18.4000,16.9000,17.1500,7770
GAMFACTOR-PDA,20201012,16.5000,16.5000,15.2100,15.7500,7937
GETIN,20201012,0.7500,0.7700,0.7440,0.7600,183199
GETINOBLE,20201012,0.1832,0.1868,0.1802,0.1830,484754
GLCOSMED,20201012,8.1000,8.1000,7.3000,7.3500,212528
GPW,20201012,46.3000,47.3000,46.3000,46.7500,56367
GROCLIN,20201012,1.0500,1.0500,1.0200,1.0200,1705
GRODNO,20201012,13.2500,13.2500,12.7000,12.9500,91498
GRUPAAZOTY,20201012,25.2500,25.4000,24.2000,24.3500,67999
GTC,20201012,6.6400,7.1800,6.5200,6.7000,108565
HANDLOWY,20201012,35.5000,35.8000,34.9500,35.0000,13797
HARPER,20201012,26.1000,26.5000,23.5000,24.3000,84418
HELIO,20201012,11.0000,11.0000,10.7000,10.7000,1179
HERKULES,20201012,1.2500,1.2500,1.1750,1.2200,5767
HUBSTYLE,20201012,0.9800,1.0400,0.8900,1.0200,94584
HYDROTOR,20201012,27.4000,28.0000,27.4000,28.0000,279
I2DEV,20201012,8.9000,8.9000,8.9000,8.9000,100
IALBGR,20201012,0.2740,0.2900,0.2700,0.2700,60860
IDEABANK,20201012,1.4180,1.4680,1.4000,1.4400,143912
IDMSA,20201012,0.9100,0.9100,0.9100,0.9100,114
IFCAPITAL,20201012,0.7200,0.7500,0.7200,0.7500,2142
IFIRMA,20201012,4.4900,4.4900,4.3800,4.3800,1673
IIAAV,20201012,62.3000,63.4500,62.3000,63.4500,244
IMCOMPANY,20201012,11.4000,11.8000,11.3000,11.7500,5390
IMMOBILE,20201012,2.4200,2.6600,2.4200,2.5200,12445
IMPERA,20201012,1.1500,1.1900,1.1000,1.1900,30541
IMS,20201012,2.3500,2.4300,2.3500,2.3900,4680
INC,20201012,9.2400,9.4000,8.8000,9.1800,108562
INGBSK,20201012,130.2000,131.0000,128.6000,130.8000,39134
INPRO,20201012,4.8000,4.8000,4.8000,4.8000,2
INSTALKRK,20201012,19.8500,19.8500,19.1000,19.1000,1365
INTERAOLT,20201012,15.8000,15.8000,15.6000,15.7500,4806
INTERCARS,20201012,244.0000,244.0000,230.0000,230.0000,390
INTERFERI,20201012,3.2000,3.2000,3.0000,3.0000,5
INTERSPPL,20201012,1.2400,1.2600,1.1800,1.1800,7418
INTLBCO31187,20201012,84.6000,84.6000,84.6000,84.6000,23
INTLBCO31641,20201012,37.1500,37.1500,37.1500,37.1500,30
INTLBCO31658,20201012,41.3500,41.3500,41.3500,41.3500,200
INTLBCO31666,20201012,43.9000,43.9000,43.9000,43.9000,25
INTLBCO31674,20201012,47.6000,47.6000,47.6000,47.6000,100
INTLBCO31708,20201012,61.8000,61.8000,61.8000,61.8000,32
INTLBCO31914,20201012,30.5500,30.5500,30.5500,30.5500,4
INTLBCO31997,20201012,26.9500,27.4500,26.9500,27.4500,400
INTLBCO32896,20201012,21.6000,21.6000,21.6000,21.6000,1057
INTLCCC30734,20201012,2.3200,2.3200,2.3200,2.3200,2600
INTLCDR28951,20201012,18.7000,18.7000,18.7000,18.7000,500
INTLCDR30486,20201012,13.7400,13.7400,13.7400,13.7400,40
INTLCDR30726,20201012,11.4000,11.4000,11.4000,11.4000,87
INTLCDR30973,20201012,8.8900,8.8900,8.8900,8.8900,30
INTLCDR31377,20201012,7.7000,7.7000,6.9400,6.9400,2000
INTLCDR33290,20201012,6.4900,6.4900,5.6200,5.6200,2720
INTLDAX31542,20201012,115.4000,118.4000,115.4000,118.4000,20
INTLDAX31872,20201012,98.5000,98.5000,98.5000,98.5000,50
INTLDAX32193,20201012,87.0000,87.0000,87.0000,87.0000,55
INTLDAX32821,20201012,56.7000,59.4000,56.7000,59.4000,238
INTLDAX32839,20201012,68.4000,68.8000,68.4000,68.8000,100
INTLDAX32847,20201012,80.1000,80.1000,80.1000,80.1000,15
INTLDAX32946,20201012,48.0000,48.0000,47.3500,47.3500,96
INTLDAX34769,20201012,35.8000,38.7500,35.5000,37.4500,5048
INTLDNP34710,20201012,3.8700,3.8700,3.8700,3.8700,300
INTLEUD29124,20201012,72.9000,72.9000,72.9000,72.9000,60
INTLEUD32227,20201012,44.4500,44.4500,44.4500,44.4500,22
INTLEUD33860,20201012,18.4200,18.4200,18.4200,18.4200,200
INTLEUR34603,20201012,12.9400,12.9400,12.9200,12.9200,10050
INTLGBP34645,20201012,24.0000,24.0000,24.0000,24.0000,15
INTLGLD23069,20201012,232.0000,232.0000,232.0000,232.0000,5
INTLGLD23903,20201012,210.0000,211.0000,209.0000,209.0000,47
INTLGLD24166,20201012,188.4000,188.4000,188.4000,188.4000,14
INTLGLD30130,20201012,168.6000,168.6000,168.6000,168.6000,20
INTLGLD30148,20201012,323.0000,323.0000,323.0000,323.0000,3
INTLGLD30866,20201012,145.6000,145.6000,145.6000,145.6000,7
INTLGLD31310,20201012,122.4000,122.4000,121.6000,122.2000,45
INTLGLD33092,20201012,98.4000,98.4000,98.4000,98.4000,5
INTLGLD33100,20201012,87.7000,88.2000,86.6000,88.2000,100
INTLGLD33456,20201012,47.3000,48.0500,44.7500,45.0000,1601
INTLGLD33464,20201012,60.8000,61.8000,59.3000,59.3000,1624
INTLGLD33472,20201012,74.8000,74.8000,72.0000,73.1000,87
INTLJSW32136,20201012,12.2600,13.4600,12.0000,13.4600,3232
INTLJSW32144,20201012,14.2000,14.2000,14.2000,14.2000,35
INTLJSW32151,20201012,13.8400,15.2000,13.8400,15.2000,2000
INTLJSW34728,20201012,5.9000,6.7100,5.9000,6.1000,22540
INTLJSW34736,20201012,7.7000,7.7000,7.7000,7.7000,30
INTLJSW34744,20201012,8.8300,9.0000,8.8300,9.0000,400
INTLKGH32052,20201012,47.0000,47.0000,47.0000,47.0000,25
INTLKGH33936,20201012,24.1000,26.0500,24.1000,25.2500,2055
INTLKGH33944,20201012,29.3000,29.3500,29.3000,29.3500,170
INTLKGH33951,20201012,33.1000,34.0000,32.4000,34.0000,493
INTLLTS34017,20201012,6.9300,6.9300,6.9300,6.9300,400
INTLLTS34694,20201012,9.6700,9.6700,9.2800,9.2800,400
INTLLTS34702,20201012,12.4800,12.4800,12.1400,12.2400,1920
INTLNAG31732,20201012,3.3600,3.3600,3.3000,3.3000,1500
INTLNAG33076,20201012,3.0300,3.0300,3.0200,3.0200,219
INTLNAG33779,20201012,4.0300,4.3000,4.0100,4.3000,2564
INTLNDX12906,20201012,309.0000,309.0000,309.0000,309.0000,4
INTLNDX31047,20201012,155.4000,155.4000,155.4000,155.4000,8
INTLNDX31906,20201012,141.6000,141.6000,141.6000,141.6000,14
INTLNDX32540,20201012,122.8000,123.8000,122.8000,123.8000,82
INTLNDX32979,20201012,86.1000,92.4000,86.1000,90.5000,203
INTLNDX32987,20201012,104.2000,107.8000,104.2000,107.8000,271
INTLNDX33167,20201012,76.3000,82.0000,76.3000,79.9000,203
INTLNDX33621,20201012,63.9000,63.9000,63.9000,63.9000,400
INTLNDX34777,20201012,52.8000,58.7000,52.8000,58.5000,440
INTLPAL25049,20201012,395.5000,395.5000,395.5000,395.5000,3
INTLPEO29421,20201012,14.0400,14.0400,14.0400,14.0400,223
INTLPEO29801,20201012,11.0200,11.0200,11.0200,11.0200,500
INTLPEO29819,20201012,13.5000,13.5000,12.2400,12.2400,1400
INTLPGE29363,20201012,3.4300,3.4300,3.2900,3.4300,1500
INTLPGE32029,20201012,1.8400,1.8400,1.8300,1.8300,3000
INTLPGE32292,20201012,1.2700,1.2700,1.2700,1.2700,1000
INTLPGN32615,20201012,1.3500,1.3500,1.3400,1.3400,19000
INTLPGN34678,20201012,0.7800,0.7800,0.7800,0.7800,3477
INTLPKN06353,20201012,7.4000,7.4000,7.0200,7.0200,475
INTLPKN29835,20201012,6.3800,6.3800,5.2000,5.3300,3923
INTLPKO30387,20201012,4.4300,4.6000,4.4300,4.5400,3197
INTLPKO30403,20201012,6.2600,6.2600,6.0300,6.1300,681
INTLPKO30692,20201012,3.5900,3.7000,3.5100,3.7000,400
INTLPLA31765,20201012,6.6000,6.6000,6.6000,6.6000,160
INTLPLA33084,20201012,4.6200,4.7800,4.4400,4.4400,400
INTLPLA34579,20201012,3.6000,3.6000,3.5400,3.5400,374
INTLPZU14712,20201012,5.1900,5.1900,4.4400,4.5300,12857
INTLPZU15800,20201012,7.2600,7.2600,7.2600,7.2600,274
INTLPZU15941,20201012,3.5500,3.5500,3.1500,3.1500,610
INTLPZU29371,20201012,3.2700,3.3700,2.8500,2.9700,2325
INTLSLV29249,20201012,55.3000,55.3000,55.3000,55.3000,50
INTLSLV31609,20201012,36.7000,36.7000,36.7000,36.7000,15
INTLSLV31617,20201012,38.5000,38.5000,38.5000,38.5000,26
INTLSLV33043,20201012,31.9000,32.1500,30.9500,30.9500,277
INTLSLV33340,20201012,18.0600,18.2000,16.8000,16.9600,3892
INTLSLV33357,20201012,20.5500,21.0000,19.8400,20.0000,1400
INTLSLV33365,20201012,23.8500,24.0000,22.1500,22.9000,1240
INTLSLV33373,20201012,26.8000,26.8000,25.3000,25.3000,820
INTLSLV33381,20201012,29.2500,29.2500,27.9000,27.9000,310
INTLSPX23622,20201012,55.0000,55.0000,55.0000,55.0000,25
INTLSPX30023,20201012,46.9500,46.9500,46.9500,46.9500,59
INTLSPX32862,20201012,28.2000,28.2000,28.2000,28.2000,100
INTLSPX33894,20201012,22.7500,22.7500,22.7500,22.7500,21
INTLSPX34785,20201012,18.0600,19.0000,18.0600,19.0000,161
INTLUSD20602,20201012,26.5000,27.5000,26.5000,27.3000,368
INTLUSD20610,20201012,30.9500,33.0000,30.9500,33.0000,1285
INTLUSD20842,20201012,42.3500,44.3500,42.3500,44.3500,123
INTLUSD34256,20201012,16.3400,17.2000,16.3400,17.2000,2167
INTLUSD34637,20201012,10.2600,11.8800,10.2600,11.5400,35379
INTLW2028597,20201012,7.0400,7.0400,6.8600,6.8600,1144
INTLW2029900,20201012,3.3100,3.3100,3.1500,3.1500,6100
INTLW2030585,20201012,2.5300,2.5300,2.4800,2.4800,1000
INTLW2030593,20201012,2.8200,2.8200,2.6400,2.6400,4628
INTLW2030775,20201012,2.0800,2.0800,2.0800,2.0800,500
INTLW2031492,20201012,1.7400,1.7400,1.5200,1.5400,5205
INTLW2031864,20201012,1.5000,1.5000,1.3500,1.3500,1698
INTLW2032177,20201012,1.1500,1.1500,0.9500,1.0200,15086
INTLW2032185,20201012,1.2900,1.2900,1.2100,1.2100,9149
INTLW2034751,20201012,0.8300,0.8900,0.7300,0.8200,101357
INTROL,20201012,4.3800,4.6400,4.3800,4.5600,34022
INTSBCO27573,20201012,102.6000,102.6000,102.6000,102.6000,26
INTSBCO28027,20201012,38.0000,38.0000,38.0000,38.0000,30
INTSBCO28035,20201012,45.5000,45.5000,45.5000,45.5000,33
INTSBCO28092,20201012,93.2000,93.2000,93.2000,93.2000,28
INTSBCO28308,20201012,30.9500,33.8500,30.9500,33.8000,1621
INTSBCO34447,20201012,18.1000,21.2500,17.5600,21.0000,4284
INTSBCO34454,20201012,26.0000,26.0000,25.9000,25.9000,894
INTSCCC34207,20201012,4.2600,4.2600,4.0900,4.1300,9393
INTSCDR34124,20201012,18.5000,19.0200,18.4600,19.0200,4320
INTSCDR34199,20201012,21.9000,22.5000,21.9000,22.5000,55
INTSCDR34249,20201012,14.0000,14.8800,14.0000,14.4400,6260
INTSDAX25783,20201012,37.0500,37.0500,33.5000,35.1000,1394
INTSDAX25825,20201012,48.9000,48.9000,46.4500,47.9500,422
INTSDAX26591,20201012,62.4000,62.8000,59.3000,61.0000,193
INTSDAX26609,20201012,73.4000,75.0000,72.3000,74.0000,55
INTSDAX34330,20201012,24.3000,25.0000,21.7000,22.4000,36326
INTSDNP34074,20201012,6.9300,6.9300,6.6700,6.6700,10515
INTSDNP34082,20201012,8.9800,8.9800,8.7200,8.7200,240
INTSDOW24067,20201012,60.4000,60.4000,56.5000,56.5000,210
INTSDOW27128,20201012,119.0000,119.0000,115.0000,115.0000,203
INTSDOW34355,20201012,285.0000,285.0000,285.0000,285.0000,5
INTSESX26039,20201012,38.6000,38.6000,38.6000,38.6000,9
INTSEUD21246,20201012,18.4600,18.4600,17.8200,17.8200,800
INTSEUR28340,20201012,25.5500,25.5500,23.6500,23.6500,65
INTSGLD33316,20201012,80.4000,82.7000,80.4000,82.7000,47
INTSGLD33324,20201012,111.2000,111.2000,111.2000,111.2000,14
INTSGLD34504,20201012,56.3000,59.5000,56.3000,57.7000,28
INTSHSC27110,20201012,54.0000,54.0000,54.0000,54.0000,9
INTSHSC30650,20201012,16.5600,16.5600,16.5600,16.5600,6
INTSKGH33969,20201012,49.8500,49.8500,48.0000,48.0500,203
INTSLTS34041,20201012,22.8500,23.0000,22.0500,22.7000,10300
INTSNAG27797,20201012,3.3400,3.5000,3.3400,3.5000,5281
INTSNDX33225,20201012,43.5000,43.5000,37.1000,37.6000,12606
INTSNDX33233,20201012,51.6000,51.6000,51.6000,51.6000,218
INTSNDX33241,20201012,69.4000,69.5000,67.6000,69.5000,450
INTSNDX33258,20201012,85.2000,85.4000,85.0000,85.4000,74
INTSNDX33647,20201012,135.0000,135.0000,134.0000,134.0000,14
INTSNDX34389,20201012,14.8000,14.8000,8.0600,9.5000,2100
INTSNDX34397,20201012,26.4000,26.4000,23.0000,23.3000,1463
INTSNKX27086,20201012,74.3000,74.3000,74.3000,74.3000,20
INTSOPL09423,20201012,2.0300,2.0300,2.0300,2.0300,500
INTSPAL27805,20201012,109.2000,109.2000,109.2000,109.2000,100
INTSPGE34157,20201012,2.7500,2.7900,2.7300,2.7400,27500
INTSPKN27300,20201012,54.0000,54.0000,54.0000,54.0000,40
INTSPKN34173,20201012,23.3000,23.7000,23.3000,23.7000,220
INTSPKO32300,20201012,8.8400,8.8400,8.7500,8.7500,333
INTSSLV33696,20201012,23.7000,23.7000,23.7000,23.7000,100
INTSSLV34520,20201012,20.4000,20.4000,20.4000,20.4000,500
INTSSLV34553,20201012,10.9000,11.7600,10.9000,11.7600,197
INTSSPX34140,20201012,18.5200,18.5200,17.6800,17.6800,504
INTSSPX34413,20201012,12.5000,12.5000,11.9000,11.9800,191
INTSUSD32243,20201012,44.0000,44.0000,44.0000,44.0000,8
INTSUSD33589,20201012,25.9500,25.9500,25.3000,25.3000,50
INTSW2027391,20201012,4.3000,4.3000,4.3000,4.3000,300
INTSW2027409,20201012,4.5900,4.5900,4.5900,4.5900,100
INTSW2028464,20201012,2.7500,2.7500,2.7500,2.7500,900
INTSW2028472,20201012,3.3000,3.3000,3.3000,3.3000,200
INTSW2028480,20201012,3.8000,3.8000,3.8000,3.8000,300
INTSW2034264,20201012,1.3900,1.6400,1.3500,1.5100,61251
INTSW2034272,20201012,1.7800,1.8400,1.7800,1.8300,1440
INTSW2034280,20201012,2.0200,2.0200,2.0200,2.0200,20850
INTSW2034298,20201012,2.1300,2.3100,2.1300,2.3100,3726
INTSW2034306,20201012,2.4900,2.4900,2.4900,2.4900,1092
INVPEFIZ,20201012,908.1000,928.1800,908.1000,927.4900,8
IPOPEMA,20201012,3.5000,3.5000,3.3600,3.5000,4955
ITMTRADE,20201012,0.1340,0.1495,0.1340,0.1490,13700
IZOLACJA,20201012,1.4400,1.4700,1.3800,1.4600,1889
IZOSTAL,20201012,2.1200,2.1500,2.1200,2.1200,34671
JSW,20201012,24.9600,25.7500,23.8000,24.8200,1123703
JWCONSTR,20201012,2.9100,2.9100,2.8700,2.9100,1906
JWWINVEST,20201012,2.9500,3.0400,2.9500,3.0400,714
K2INTERNT,20201012,16.8000,17.0000,16.5000,16.5000,1495
KCI,20201012,0.6980,0.7000,0.6900,0.7000,39986
KERNEL,20201012,39.9000,40.1500,39.3500,39.7000,68111
KETY,20201012,454.0000,455.5000,447.5000,451.0000,6537
KGHM,20201012,120.7000,125.2000,119.9500,121.9000,776814
KGL,20201012,15.7000,15.7000,15.3000,15.7000,1629
KINOPOL,20201012,6.6000,6.6000,6.4500,6.6000,1041
KOGENERA,20201012,32.7000,32.7000,31.5000,32.4000,1126
KOMPAP,20201012,7.9000,7.9000,7.9000,7.9000,56
KOMPUTRON,20201012,1.9000,1.9000,1.8250,1.8950,703
KREC,20201012,7.0000,7.0000,7.0000,7.0000,63
KREDYTIN,20201012,10.5000,10.5000,10.5000,10.5000,2
KRKA,20201012,379.0000,379.0000,370.0000,371.0000,78
KRUK,20201012,132.0000,133.0000,125.5000,129.7000,41338
KRUSZWICA,20201012,52.8000,53.0000,52.0000,52.8000,1130
KRVITAMIN,20201012,34.0000,34.8000,30.6000,33.0000,96750
KSGAGRO,20201012,1.1700,1.1700,1.1000,1.1600,11101
LABOPRINT,20201012,10.0000,10.0500,10.0000,10.0500,10
LARQ,20201012,2.0200,2.0200,2.0200,2.0200,296
LENA,20201012,3.5000,3.5000,3.4100,3.4800,5819
LENTEX,20201012,8.5800,8.8800,8.5800,8.6800,7811
LIBET,20201012,2.0600,2.0900,2.0000,2.0500,85982
LIVECHAT,20201012,96.1000,96.1000,93.3000,94.0000,10080
LOKUM,20201012,12.0000,12.0000,10.8000,12.0000,52304
LOTOS,20201012,35.0000,35.0200,33.6600,33.9100,790106
LPP,20201012,6650.0000,6750.0000,6600.0000,6675.0000,1646
LSISOFT,20201012,13.6000,13.6000,13.6000,13.6000,157
LUBAWA,20201012,1.3400,1.3600,1.3000,1.3350,331651
MABION,20201012,33.0500,33.0500,31.6000,31.8000,13321
MAKARONPL,20201012,5.8500,5.8500,5.7000,5.7500,3186
MANGATA,20201012,44.0000,44.0000,44.0000,44.0000,29
MARVIPOL,20201012,4.9600,5.0400,4.9100,4.9900,4135
MASTERPHA,20201012,4.3300,4.3300,4.2200,4.2200,666
MAXCOM,20201012,11.9500,11.9500,11.5000,11.7500,763
MBANK,20201012,169.3000,172.8000,166.1000,168.0000,28180
MBWS,20201012,5.7000,5.7000,5.7000,5.7000,100
MCI,20201012,14.5000,14.7500,14.5000,14.7000,25780
MDIENERGIA,20201012,3.6600,3.8500,3.5800,3.7100,63175
MEDIACAP,20201012,2.2200,2.2600,2.1800,2.1800,4461
MEDICALG,20201012,21.6000,22.0000,21.1500,21.6000,5697
MEDYCZNYFIZ,20201012,147.1000,153.0000,147.1000,153.0000,150
MENNICA,20201012,18.7000,20.4000,18.5000,20.0000,12661
MERCATOR,20201012,566.0000,608.0000,562.0000,602.0000,79948
MERCOR,20201012,10.2000,10.3000,10.1000,10.1000,1367
MEXPOLSKA,20201012,1.2800,1.2800,1.2100,1.2700,10916
MFO,20201012,19.5000,19.5000,19.5000,19.5000,100
MILKILAND,20201012,0.7400,0.7500,0.6800,0.6800,19759
MILLENNIUM,20201012,2.7320,2.7760,2.6860,2.6940,884097
MIRACULUM,20201012,1.1450,1.2000,1.1300,1.1900,75498
MIRBUD,20201012,2.2900,2.2900,2.1700,2.2300,159269
MLPGROUP,20201012,72.5000,72.5000,69.0000,69.0000,295
MLSYSTEM,20201012,74.0000,77.0000,70.0000,74.0000,23849
MOBRUK,20201012,262.0000,262.0000,262.0000,262.0000,5
MOJ,20201012,1.3900,1.3900,1.3900,1.3900,359
MOL,20201012,21.7200,21.7200,20.1800,20.1800,76209
MONNARI,20201012,1.7900,1.7900,1.7650,1.7650,17207
MOSTALPLC,20201012,8.5000,8.5000,8.2000,8.2000,1102
MOSTALWAR,20201012,4.5400,4.5900,4.3100,4.5900,5332
MOSTALZAB,20201012,0.8940,0.9000,0.8800,0.8980,27602
MUZA,20201012,2.4200,2.4200,2.4200,2.4200,10
MWTRADE,20201012,1.8200,1.8200,1.8100,1.8100,550
NANOGROUP,20201012,3.1000,3.3000,3.0600,3.3000,7214
NETIA,20201012,4.4400,4.5000,4.4400,4.5000,45574
NEUCA,20201012,516.0000,527.0000,516.0000,523.0000,4529
NEWAG,20201012,25.0000,25.7000,24.2000,25.4000,1207
NOVAVISGR,20201012,1.9500,2.0600,1.9500,2.0400,8224
NOVITA,20201012,134.0000,134.0000,131.0000,132.5000,200
NOWAGALA,20201012,1.0000,1.0000,1.0000,1.0000,5502
NTTSYSTEM,20201012,2.5900,2.8200,2.5900,2.8200,5575
OAT,20201012,18.6500,18.7500,18.1500,18.4500,14590
ODLEWNIE,20201012,4.6200,4.6200,4.5000,4.5600,2747
OEX,20201012,15.4000,15.4000,15.0000,15.2000,2506
OPENFIN,20201012,0.6500,0.6860,0.6500,0.6500,48095
OPONEO.PL,20201012,28.9000,31.0000,28.5000,31.0000,8516
OPTEAM,20201012,25.2000,26.2000,25.0000,26.0000,752
ORANGEPL,20201012,7.0500,7.0650,6.9500,7.0000,1693795
ORCOGROUP,20201012,1.2050,1.2050,1.1986,1.1986,2374
ORZBIALY,20201012,10.7500,10.7500,10.6000,10.6000,347
OTLOG,20201012,5.0000,5.0500,5.0000,5.0500,2003
OTMUCHOW,20201012,1.3700,1.3700,1.2600,1.2600,6438
OVOSTAR,20201012,64.5000,64.5000,64.5000,64.5000,1
PAMAPOL,20201012,1.3900,1.3900,1.3500,1.3800,10496
PANOVA,20201012,10.8500,10.8500,10.6000,10.6000,1064
PATENTUS,20201012,0.9780,1.0200,0.9500,0.9880,34445
PBKM,20201012,78.2000,79.0000,76.2000,76.2000,2025
PCCEXOL,20201012,4.6000,4.7500,4.1600,4.2800,847453
PCCROKITA,20201012,45.9000,45.9000,44.8000,45.0000,839
PEKABEX,20201012,14.2000,14.2000,13.8000,13.9000,3056
PEKAO,20201012,52.5200,53.3000,51.8200,52.0600,444806
PEMANAGER,20201012,10.2000,10.2000,9.2000,9.3200,2457
PEP,20201012,46.0000,48.8000,46.0000,48.2000,2092
PEPEES,20201012,1.3700,1.3700,1.3600,1.3700,3105
PGE,20201012,6.0200,6.0800,5.6440,5.8080,3390318
PGNIG,20201012,5.1100,5.1860,4.8970,4.9290,5183230
PGO,20201012,1.0900,1.1000,1.0500,1.0600,18800
PGSSOFT,20201012,10.8500,10.8500,10.6000,10.8000,6581
PHARMENA,20201012,11.9000,11.9000,10.0000,10.3500,7320
PHN,20201012,11.2500,11.2500,10.9000,11.1500,6564
PKNORLEN,20201012,45.9800,46.1800,44.5800,44.7000,1148098
PKOASZEWZ,20201012,96.4000,96.4000,96.4000,96.4000,11
PKOBP,20201012,22.3400,22.3600,21.7900,22.0500,1732196
PKOGD,20201012,102.3000,102.3000,102.2500,102.2500,500
PKOGS,20201012,91.9500,91.9500,91.9500,91.9500,100
PKPCARGO,20201012,10.7800,10.9600,10.5000,10.6000,49490
PLASTBOX,20201012,1.7100,1.7400,1.6600,1.7400,420098
PLAY,20201012,38.7000,38.7600,38.6200,38.6400,1271281
PLAYWAY,20201012,520.0000,537.0000,516.0000,529.0000,5309
PLAZACNTR,20201012,1.7200,1.7200,1.6200,1.7100,4396
PMPG,20201012,1.8900,1.8900,1.7900,1.7900,7795
POLICE,20201012,12.0000,12.0000,11.9000,11.9000,220
POLIMEXMS,20201012,2.1600,2.2300,2.1550,2.2300,80102
POLNORD,20201012,3.1000,3.1100,3.1000,3.1100,3850
POLWAX,20201012,2.8000,2.8700,2.7200,2.8700,15988
POZBUD,20201012,1.7800,1.8600,1.6550,1.8000,69411
PRAGMAFA,20201012,27.8000,27.8000,26.4000,27.4000,5822
PRAGMAINK,20201012,7.7000,8.0200,7.5200,8.0200,264
PRAIRIE,20201012,0.6200,0.6400,0.6020,0.6340,413603
PRIMETECH,20201012,1.1200,1.1400,1.1200,1.1400,5442
PROCHEM,20201012,18.1500,18.1500,18.1500,18.1500,50
PROJPRZEM,20201012,17.0000,17.0000,16.4000,17.0000,1621
PROTEKTOR,20201012,5.1000,5.2000,4.7200,4.9400,141421
PROVIDENT,20201012,2.6400,2.7000,2.6000,2.6700,54766
PULAWY,20201012,79.8000,79.8000,79.2000,79.8000,205
PUNKPIRAT,20201012,0.6900,0.7500,0.6750,0.7500,57588
PZU,20201012,25.2200,25.3600,24.4100,24.5900,1893004
PZUAKORD,20201012,119.4900,119.4900,119.0900,119.4000,1146
QUERCUS,20201012,3.5000,3.5000,3.4300,3.4900,9900
R22,20201012,30.5000,30.5000,29.4000,30.5000,5471
RADPOL,20201012,2.3200,2.3200,2.1700,2.3200,16020
RAFAKO,20201012,0.8650,0.8730,0.8400,0.8540,190533
RAINBOW,20201012,12.5000,12.9000,12.0000,12.3000,21547
RANKPROGR,20201012,1.6550,1.7150,1.6000,1.6800,34816
RAWLPLUG,20201012,7.5200,7.7200,7.5200,7.5200,1061
RCFL10GOLD,20201012,18.3400,18.3400,18.2600,18.3000,1138
RCFL10GOLD1,20201012,8.3600,8.3900,8.3300,8.3300,2999
RCFL10SILVE2,20201012,1.1200,1.1200,1.1200,1.1200,35
RCFL2COCO,20201012,7.9300,7.9300,7.9300,7.9300,100
RCFL2CORN,20201012,3.8300,3.8400,3.8300,3.8400,2072
RCFL2NAG2,20201012,7.5800,7.5800,7.5800,7.5800,160
RCFL2SILVE2,20201012,20.3000,20.3000,20.2500,20.2500,3250
RCFL3ALR1,20201012,5.9300,6.0000,5.6800,5.6800,2511
RCFL3BMW,20201012,15.1800,15.1800,15.1800,15.1800,60
RCFL3BZW,20201012,1.7100,1.7100,1.7100,1.7100,4000
RCFL3CCC1,20201012,6.4400,6.4400,5.9700,6.3900,1300
RCFL3CDPRO1,20201012,78.5000,78.5000,76.6000,76.6000,60
RCFL3COFF,20201012,0.4400,0.4400,0.4400,0.4400,2000
RCFL3COFF3,20201012,6.8800,6.8800,6.3100,6.3100,4450
RCFL3CORN,20201012,2.0000,2.0000,1.9900,1.9900,12000
RCFL3EUH,20201012,0.9100,0.9100,0.8900,0.8900,16000
RCFL3GOLD,20201012,71.8000,71.8000,71.8000,71.8000,25
RCFL3GOLD2,20201012,27.0000,27.0000,27.0000,27.0000,80
RCFL3JSW,20201012,0.7300,0.8500,0.7200,0.7700,88590
RCFL3JSW1,20201012,24.7500,28.2500,24.7500,27.8000,340
RCFL3LTS1,20201012,0.2200,0.2200,0.2000,0.2000,149030
RCFL3MBK,20201012,1.7500,1.7500,1.6000,1.6000,600
RCFL3MSFIN,20201012,1.1900,1.1900,1.1800,1.1800,4200
RCFL3OIL2,20201012,1.3500,1.3500,1.3500,1.3500,4400
RCFL3OIL3,20201012,0.1100,0.1100,0.1100,0.1100,2000
RCFL3OIL4,20201012,0.0300,0.0300,0.0300,0.0300,3700
RCFL3PEO,20201012,0.8600,0.8600,0.8600,0.8600,996
RCFL3PGE,20201012,0.1300,0.1400,0.1200,0.1400,82000
RCFL3PKN,20201012,7.1700,7.2700,7.1200,7.2100,532
RCFL3PLAT2,20201012,8.8300,8.8300,8.6800,8.6800,300
RCFL3PZU,20201012,8.6000,8.6000,8.3300,8.5800,1093
RCFL3SILVE,20201012,7.3300,7.3300,7.2300,7.3000,1000
RCFL3SILVE3,20201012,20.5500,20.5500,20.5500,20.5500,100
RCFL3SUGA2,20201012,4.9900,5.1000,4.9900,5.1000,6500
RCFL3SUGA4,20201012,19.1000,19.1000,19.1000,19.1000,100
RCFL3TPE,20201012,5.2500,5.2500,5.2500,5.2500,100
RCFL3WHT2,20201012,8.8700,8.8700,8.8700,8.8700,500
RCFL4CDPRO,20201012,40.3500,40.3500,36.2000,36.2000,1121
RCFL4CDPRO1,20201012,6.3000,6.3000,6.2600,6.2600,310
RCFL4COFF3,20201012,4.8400,4.8400,4.8400,4.8400,300
RCFL4GAMES,20201012,70.7000,74.8000,68.7000,74.8000,337
RCFL4KGH,20201012,3.5400,3.6900,3.5400,3.6900,2750
RCFL4KGH1,20201012,51.7000,53.5000,51.7000,53.5000,120
RCFL4MSFIN,20201012,0.4300,0.4300,0.4200,0.4200,10000
RCFL4PEO1,20201012,5.0500,5.0500,5.0500,5.0500,50
RCFL4PGE,20201012,6.5200,6.5200,6.5200,6.5200,38
RCFL4PKN1,20201012,1.5000,1.5000,1.4700,1.4700,1050
RCFL4PZU,20201012,0.3900,0.4000,0.3900,0.4000,5075
RCFL4SILVE1,20201012,7.9000,7.9000,7.9000,7.9000,300
RCFL4SILVE2,20201012,11.2200,11.4600,11.2200,11.4600,400
RCFL4SOY,20201012,11.2800,11.2800,10.1400,10.1400,250
RCFL5COPP,20201012,6.3200,6.3200,6.3200,6.3200,250
RCFL5CORN,20201012,2.9300,2.9300,2.7100,2.7100,1936
RCFL5FW20,20201012,0.4500,0.4500,0.4500,0.4500,6000
RCFL5SILVE,20201012,1.9000,1.9000,1.8400,1.8400,2096
RCFL6COFF3,20201012,5.8800,5.8800,5.4600,5.4600,115
RCFL6CORN,20201012,1.7300,1.7300,1.7300,1.7300,580
RCFL6FW201,20201012,0.4000,0.4000,0.3900,0.3900,21610
RCFL6PLAT2,20201012,3.7400,3.7400,3.7400,3.7400,58
RCFL6SILVE,20201012,2.6600,2.6600,2.5600,2.6100,18017
RCFL6SILVE2,20201012,17.6800,17.6800,17.0800,17.0800,3741
RCFL6SUGA,20201012,2.0500,2.2300,2.0100,2.0100,4450
RCFL6W201,20201012,0.2800,0.2800,0.2800,0.2800,13202
RCFL8COFF1,20201012,0.4900,0.4900,0.4900,0.4900,400
RCFL8COPP1,20201012,4.0400,4.0400,4.0400,4.0400,600
RCFS2GAMES,20201012,3.1100,3.1100,3.1100,3.1100,150
RCFS2KGH,20201012,4.7600,4.7600,4.7400,4.7400,50000
RCFS2SILVE1,20201012,3.0800,3.0800,3.0700,3.0700,54000
RCFS3CBK,20201012,0.3800,0.3800,0.3800,0.3800,3000
RCFS3CDPRO,20201012,3.9500,3.9500,3.9500,3.9500,100
RCFS3CORN,20201012,11.1600,11.7000,11.1600,11.7000,1350
RCFS3FDX,20201012,4.8500,4.8700,4.8000,4.8500,19162
RCFS3GAMES,20201012,1.3100,1.3200,1.3100,1.3200,3000
RCFS3KGH,20201012,0.2400,0.2400,0.2200,0.2200,349511
RCFS3PALL4,20201012,1.0800,1.0800,1.0800,1.0800,1700
RCFS3PGE,20201012,1.8000,1.8000,1.8000,1.8000,1900
RCFS3PGN,20201012,5.4500,5.4500,5.4500,5.4500,1057
RCFS3SILVE1,20201012,1.3200,1.3200,1.3200,1.3200,1200
RCFS3TPE,20201012,1.0500,1.0700,1.0500,1.0700,19000
RCFS3W20,20201012,35.1500,35.1500,35.1500,35.1500,30
RCFS4CDPRO1,20201012,2.3400,2.3700,2.3400,2.3700,1521
RCFS4NAG3,20201012,5.3800,5.3800,5.3800,5.3800,1500
RCFS4PGN,20201012,1.5100,1.5400,1.5100,1.5400,601
RCFS4PZU,20201012,17.0200,17.0200,17.0200,17.0200,1000
RCFS5COFF1,20201012,5.7800,5.7800,5.7700,5.7700,300
RCFS5FW20,20201012,5.1300,5.4100,5.1300,5.4100,800
RCFS5NAG1,20201012,0.9000,0.9400,0.9000,0.9400,3849
RCFS5NAG3,20201012,4.5500,4.5500,4.5500,4.5500,2000
RCFS5SOY,20201012,3.1600,3.2800,3.1600,3.2800,470
RCFS5SUGA,20201012,2.5400,2.5600,2.3400,2.5600,4700
RCFS6FW201,20201012,5.2900,5.2900,5.2900,5.2900,621
RCFS6OIL3,20201012,7.6900,7.6900,7.6900,7.6900,375
RCFS6W201,20201012,4.5700,4.5700,4.5700,4.5700,445
RCFS6WHT2,20201012,3.2500,3.2500,3.2300,3.2300,606
RCFS8COCO,20201012,4.0600,4.0600,4.0600,4.0600,500
RCFS8COPP1,20201012,1.0200,1.0200,1.0200,1.0200,4000
RCGBSH10921,20201012,1068.0000,1068.0000,1068.0000,1068.0000,50
RCGBSK0721,20201012,1051.0000,1051.0000,1051.0000,1051.0000,20
RCGETNA0622,20201012,989.0000,989.0000,989.0000,989.0000,47
RCGLDAOPEN,20201012,735.0000,735.0000,735.0000,735.0000,4
RCGOIL1022,20201012,1031.0000,1031.0000,1031.0000,1031.0000,103
RCGTECBSK0321,20201012,1044.0000,1044.0000,1044.0000,1044.0000,50
RCGTECBSK0621,20201012,1079.5000,1079.5000,1079.5000,1079.5000,77
RCLGAMESAOPEN,20201012,320.5000,320.5000,320.5000,320.5000,4
RCLNAGOPEN,20201012,1.8400,1.8400,1.8300,1.8300,60612
RCSDAXOPEN,20201012,85.3000,85.3000,85.3000,85.3000,30
RCSILAOPEN,20201012,100.0000,100.0000,96.0000,96.0000,59
RCSUGAAOPEN2,20201012,3.9000,3.9000,3.9000,3.9000,2500
RCTLGOLD22,20201012,18.6200,18.6200,18.6200,18.6200,400
RCTSPGN,20201012,1.4500,1.4500,1.4500,1.4500,1400
RCTSWHT013,20201012,6.2400,6.5300,6.2400,6.5300,1698
REDAN,20201012,0.1900,0.1900,0.1790,0.1790,4040
REINO,20201012,1.4800,1.4800,1.4300,1.4800,55
RELPOL,20201012,5.2400,5.2400,5.1200,5.2400,12737
REMAK,20201012,11.0000,11.0000,11.0000,11.0000,13
RONSON,20201012,1.4300,1.4600,1.4100,1.4500,136520
ROPCZYCE,20201012,22.6000,22.6000,22.6000,22.6000,50
RYVU,20201012,55.4000,59.8000,53.0000,59.2000,15530
SANOK,20201012,13.0500,13.2000,13.0000,13.2000,1048
SANPL,20201012,148.8000,148.8000,146.2000,147.5000,60845
SANTANDER,20201012,7.5880,7.5880,7.4000,7.4000,5145
SANWIL,20201012,4.7000,4.9800,4.7000,4.9000,120572
SECOGROUP,20201012,14.0000,14.4000,13.6000,14.4000,953
SELENAFM,20201012,14.0500,14.1000,13.5000,14.1000,2180
SELVITA,20201012,43.5000,44.9000,42.6000,44.5000,8776
SERINUS,20201012,0.3560,0.3660,0.3480,0.3640,414251
SESCOM,20201012,29.0000,29.0000,29.0000,29.0000,2
SFINKS,20201012,0.3800,0.3850,0.3620,0.3700,50814
SILVAIR-REGS,20201012,8.5000,8.5000,8.5000,8.5000,27
SIMPLE,20201012,10.1000,10.1000,10.1000,10.1000,293
SKARBIEC,20201012,25.5000,25.8000,25.5000,25.8000,584
SKOTAN,20201012,1.9200,1.9900,1.8700,1.9300,32787
SKYLINE,20201012,0.6600,0.6600,0.6600,0.6600,60
SLEEPZAG,20201012,0.3720,0.3800,0.3580,0.3580,13540
SNIEZKA,20201012,90.0000,90.0000,87.6000,88.6000,165
SOLAR,20201012,3.8000,3.8000,3.4800,3.6900,9950
SONEL,20201012,9.4500,9.8000,9.4500,9.6000,2975
SOPHARMA,20201012,18.0000,18.0000,17.9000,18.0000,432
STALEXP,20201012,2.9000,2.9400,2.8200,2.8400,212320
STALPROD,20201012,188.6000,193.8000,185.0000,187.0000,3712
STALPROFI,20201012,5.7400,5.7400,5.7400,5.7400,8
STAPORKOW,20201012,2.7000,2.7000,2.7000,2.7000,1100
STARHEDGE,20201012,0.4450,0.4500,0.4100,0.4500,16859
SUNEX,20201012,4.9700,5.1000,4.8200,4.9700,41468
SUWARY,20201012,16.6000,16.6000,16.6000,16.6000,25
SWISSMED,20201012,3.0500,3.1000,3.0000,3.0000,8190
SYGNITY,20201012,7.7000,8.0000,7.7000,7.8600,7287
SYNEKTIK,20201012,29.2000,30.0000,28.3000,28.7000,39177
TALANX,20201012,149.0000,149.0000,149.0000,149.0000,2
TALEX,20201012,11.5000,11.5000,11.5000,11.5000,10
TAURONPE,20201012,2.0960,2.1260,2.0400,2.0620,3668557
TBULL,20201012,22.4000,23.6000,21.5000,23.4000,5415
TERMOREX,20201012,1.5000,1.5700,1.3500,1.3500,3820
TESGAS,20201012,4.4600,4.4800,4.3600,4.4200,8212
TIM,20201012,12.9000,13.4000,12.7500,13.3500,30325
TORPOL,20201012,11.1000,11.1000,10.7500,10.8500,21193
TOWERINVT,20201012,16.7000,16.7000,16.4000,16.6000,1625
TOYA,20201012,7.7600,7.9000,7.7600,7.8200,11578
TRAKCJA,20201012,1.6480,1.6480,1.5900,1.6000,47470
TRANSPOL,20201012,2.9100,2.9400,2.8900,2.9400,2116
TRITON,20201012,2.3000,2.3500,2.3000,2.3500,3461
TSGAMES,20201012,567.0000,623.0000,567.0000,623.0000,67163
UCXXLP682350825,20201012,983.5000,983.5000,983.5000,983.5000,10
ULMA,20201012,49.4000,49.4000,49.4000,49.4000,1
ULTGAMES,20201012,30.5000,31.0000,29.2500,30.6500,8025
UNIBEP,20201012,7.1400,7.1800,6.9600,6.9600,5472
UNIMA,20201012,3.0800,3.0800,3.0000,3.0000,50
UNIMOT,20201012,32.5000,33.5000,30.7000,32.4000,13168
URSUS,20201012,0.5390,0.5390,0.5200,0.5280,82627
VENTUREIN,20201012,1.7200,1.7800,1.6800,1.6800,4104
VIGOSYS,20201012,545.0000,565.0000,545.0000,560.0000,54
VISTAL,20201012,3.5250,3.5250,3.3200,3.4700,17581
VIVID,20201012,1.8640,1.9480,1.8600,1.8820,37289
VOTUM,20201012,12.8000,12.9000,12.4500,12.6500,39620
VOXEL,20201012,46.9000,47.2000,45.3000,45.6000,9596
VRG,20201012,2.3900,2.4450,2.3900,2.4050,43139
WASKO,20201012,1.3450,1.3700,1.3100,1.3550,7570
WAWEL,20201012,562.0000,562.0000,540.0000,540.0000,659
WIELTON,20201012,3.9700,3.9750,3.9000,3.9700,39461
WIKANA,20201012,2.4400,2.5400,2.4400,2.5400,4506
WIRTUALNA,20201012,66.0000,71.8000,65.4000,71.8000,6048
WITTCHEN,20201012,7.3000,7.3000,7.1600,7.3000,3441
WOJAS,20201012,4.3000,4.3000,4.1200,4.2200,2633
WORKSERV,20201012,0.9600,0.9890,0.9200,0.9420,167450
XTB,20201012,15.5000,15.5500,15.2000,15.3000,335319
XTPL,20201012,77.0000,79.4000,75.8000,77.0000,3664
ZAMET,20201012,0.9250,0.9250,0.9250,0.9250,7541
ZASTAL,20201012,18.8000,18.8000,17.1000,18.5000,836
ZEPAK,20201012,10.4500,10.7000,10.1000,10.7000,14887
ZPUE,20201012,150.0000,150.0000,143.0000,144.5000,334
ZREMB,20201012,0.7900,0.8200,0.7800,0.8200,8065
ZUE,20201012,3.7000,3.7000,3.5000,3.7000,3570
ZYWIEC,20201012,472.0000,476.0000,472.0000,476.0000,10
INVESTORMS,20201012,3914.4600,3914.4600,3912.8000,3912.8000,303583.302
MWIG40,20201012,3603.0600,3616.8400,3589.4100,3598.2200,211131.546
MWIG40DVP,20201012,63.1100,63.1100,63.1100,63.1100,211131.546
MWIG40TR,20201012,4772.0600,4789.6000,4755.6900,4765.6600,211131.546
SWIG80,20201012,13955.0000,14013.3300,13944.6900,14005.5800,35226.353
SWIG80DVP,20201012,264.8600,264.8600,264.8600,264.8600,35226.353
SWIG80TR,20201012,18020.0400,18095.3600,18009.0200,18085.3400,35226.353
WIG,20201012,49328.5000,49419.8400,48889.7400,48938.0100,1012212.506
WIG-BANKI,20201012,3858.9500,3869.0500,3802.4100,3823.3600,88343.773
WIG-BUDOW,20201012,2995.2000,3075.6500,2961.8200,2977.8100,3349.242
WIG-CEE,20201012,1084.2600,1084.2600,1074.9200,1074.9200,5367.316
WIG-CHEMIA,20201012,6862.8400,6932.6700,6694.1200,6694.1200,2497.719
WIG-ENERG,20201012,1778.8600,1789.9400,1721.3700,1744.5500,33010.938
WIG-ESG,20201012,8089.7100,8105.5800,8007.2300,8018.2000,950205.787
WIG-GORNIC,20201012,3813.9600,3948.4200,3784.5400,3847.6200,123376.890
WIG-INFO,20201012,3768.0400,3773.6400,3716.0900,3717.7900,8433.393
WIG-LEKI,20201012,6885.1500,6933.3900,6579.8800,6592.8300,67300.519
WIG-MEDIA,20201012,4625.6700,4896.3700,4597.8100,4896.3700,6166.357
WIG-MOTO,20201012,3832.8600,3833.0400,3719.8000,3719.8000,1692.505
WIG-NRCHOM,20201012,2192.4100,2222.3200,2157.7500,2172.7100,3979.535
WIG-ODZIEZ,20201012,3858.7000,3910.7200,3823.6400,3871.5100,30128.943
WIG-PALIWA,20201012,4161.0000,4174.2700,4024.7900,4033.1000,106329.854
WIG-POLAND,20201012,50257.0200,50257.0200,50026.7400,50038.8100,1005887.616
WIG-SPOZYW,20201012,3012.0900,3026.5800,2989.6500,3000.1200,7155.180
WIG-TELKOM,20201012,909.4300,913.4700,903.7300,905.7600,70236.798
WIG-UKRAIN,20201012,345.2800,345.7400,345.0100,345.7400,3459.041
WIG.GAMES,20201012,31672.1900,32720.9800,31581.2500,32639.3900,209404.580
WIG.MS-BAS,20201012,8897.6000,8929.9900,8695.4500,8788.7100,151758.472
WIG.MS-FIN,20201012,5882.8700,5897.9500,5763.5000,5797.2200,121879.698
WIG.MS-PET,20201012,5670.0500,5694.5000,5477.3500,5491.0000,106557.147
WIG20,20201012,1701.7600,1707.3000,1681.8700,1683.2100,744367.310
WIG20DVP,20201012,7.5000,7.5000,7.5000,7.5000,744367.310
WIG20LEV,20201012,320.2000,322.2800,312.7300,313.2300,744367.310
WIG20SHORT,20201012,4251.1300,4300.9900,4237.2500,4297.6300,744367.310
WIG20TR,20201012,3115.2500,3120.9400,3076.9900,3077.5600,744367.310
WIG30,20201012,1958.7000,1962.1100,1934.8500,1936.4500,775738.999
WIG30TR,20201012,3513.2100,3513.2100,3494.3500,3494.3500,775738.999
WIGDIV,20201012,981.2900,986.3400,967.9800,969.4000,103755.983
WIGTECH,20201012,14510.2700,14636.3400,14495.2900,14592.3400,0.000
