06MAGNA,20201217,1.4800,1.8100,1.4800,1.6500,823895
11BIT,20201217,474.5000,479.5000,463.0000,472.0000,6049
4FUNMEDIA,20201217,4.6700,4.8000,4.6700,4.6700,1926
ABPL,20201217,30.8000,30.8000,28.7000,29.3000,10344
ACAUTOGAZ,20201217,36.1000,36.3000,35.5000,35.9000,3250
ACTION,20201217,4.9700,5.9600,4.9700,5.5400,538422
ADIUVO,20201217,4.8500,5.2200,4.8500,5.2200,529
AGORA,20201217,6.9400,6.9600,6.7400,6.7800,45329
AGROTON,20201217,4.1600,4.3300,4.0600,4.3000,56982
AIGAMES,20201217,14.6000,14.6000,13.5000,14.1500,32819
AILLERON,20201217,12.8000,12.8000,11.6000,12.5500,33105
AIRWAY,20201217,1.7100,1.7300,1.6700,1.7000,228788
ALIOR,20201217,17.6600,17.8100,16.6200,16.8800,533613
ALLEGRO,20201217,86.0000,87.7800,85.5300,85.9500,1289064
ALTA,20201217,1.2600,1.3900,1.2600,1.2900,8426
ALTUSTFI,20201217,1.0000,1.0000,0.9200,0.9500,72171
ALUMETAL,20201217,46.6000,46.6000,45.8000,46.5000,6168
AMBRA,20201217,18.1500,18.5000,18.1500,18.3500,4228
AMICA,20201217,142.0000,142.4000,136.0000,136.0000,6422
AMREST,20201217,26.6000,27.4000,24.6000,26.0000,291474
APATOR,20201217,22.5000,22.7000,22.3000,22.3000,5425
APLISENS,20201217,11.1000,11.1000,10.8000,11.0000,109
APSENERGY,20201217,1.9500,1.9700,1.8600,1.9400,11739
ARCHICOM,20201217,21.5000,21.6000,21.2000,21.4000,4409
ARCTIC,20201217,5.3600,5.5800,5.3200,5.4000,130174
ARTERIA,20201217,3.9600,3.9600,3.9600,3.9600,2
ARTIFEX,20201217,8.6800,8.9000,8.5000,8.6600,12387
ASBIS,20201217,6.7500,6.7800,6.4000,6.5400,75546
ASSECOBS,20201217,36.0000,36.8000,35.6000,36.0000,1834
ASSECOPOL,20201217,67.0000,67.3000,65.8000,65.9000,131961
ASSECOSEE,20201217,40.0000,40.0000,39.5000,40.0000,14180
ASTARTA,20201217,23.2000,25.5000,23.0000,24.5000,158807
ATAL,20201217,32.4000,32.4000,31.9000,32.0000,1330
ATENDE,20201217,3.6000,3.6600,3.5600,3.6400,7015
ATLANTAPL,20201217,6.5000,6.5000,6.4800,6.4800,512
ATLASEST,20201217,1.8900,1.8900,1.7200,1.7400,12130
ATMGRUPA,20201217,3.9900,4.0000,3.9500,4.0000,1266
ATREM,20201217,2.1500,2.1500,2.1000,2.1400,11072
AUTOPARTN,20201217,7.8800,7.9000,7.7200,7.9000,16179
BAHOLDING,20201217,0.8050,0.8130,0.7400,0.7990,1295254
BBIDEV,20201217,3.6400,3.8600,3.6400,3.6500,2035
BEDZIN,20201217,9.9500,9.9500,9.4500,9.9500,3738
BENEFIT,20201217,800.0000,805.0000,780.0000,791.0000,3238
BEST,20201217,16.6000,17.4000,16.6000,17.4000,21
BETACOM,20201217,10.2000,10.2000,10.2000,10.2000,5
BETAM40TR,20201217,54.3000,54.6100,52.9200,53.4800,9364
BETAW20LV,20201217,40.7000,41.1600,38.4100,39.6000,13979
BETAW20ST,20201217,364.6000,374.5000,362.3000,368.4000,3174
BETAW20TR,20201217,34.1050,34.3150,33.2000,33.6500,11536
BIK,20201217,15.6000,15.6000,14.3500,14.9000,2759
BIOMEDLUB,20201217,10.8000,11.1500,10.4000,10.6500,1009421
BIOTON,20201217,4.2350,4.2700,4.2000,4.2250,103185
BNPPBSK0824,20201217,1002.0000,1002.0000,1002.0000,1002.0000,110
BNPPBSK1022,20201217,981.0000,981.0000,981.0000,981.0000,90
BNPPBSK1025,20201217,953.5000,953.5000,953.5000,953.5000,953
BNPPPL,20201217,58.6000,62.8000,55.2000,59.0000,7247
BNPPSPX1022,20201217,992.0000,992.0000,992.0000,992.0000,90
BNPPSXPP0221,20201217,1047.0000,1047.0000,1045.5000,1046.0000,1000
BNPPSXPP0421,20201217,1075.5000,1075.5000,1072.5000,1073.0000,922
BOGDANKA,20201217,19.8000,21.0000,19.5400,19.6800,140080
BOOMBIT,20201217,17.1000,17.8600,17.1000,17.8600,17378
BORYSZEW,20201217,3.1850,3.2000,3.0500,3.0500,51481
BOS,20201217,6.0600,6.1000,5.9000,5.9600,14326
BOWIM,20201217,2.4000,2.4000,2.3000,2.3800,2701
BRASTER,20201217,0.4390,0.4500,0.4300,0.4300,143249
BUDIMEX,20201217,294.0000,294.0000,286.5000,288.0000,4662
BUMECH,20201217,2.0200,2.6200,2.0200,2.6200,245888
CCC,20201217,79.6600,84.5800,74.6000,79.4000,1395075
CDPROJEKT,20201217,305.0000,313.9000,305.0000,309.2000,1073399
CDRL,20201217,15.9000,15.9000,14.3500,14.6000,1676
CELTIC,20201217,6.7000,6.7000,6.7000,6.7000,870
CEZ,20201217,80.8000,83.6000,80.8000,83.6000,3711
CFI,20201217,0.2390,0.2450,0.2340,0.2380,276151
CIECH,20201217,31.7500,31.7500,30.5000,30.8000,84104
CIGAMES,20201217,1.2780,1.3080,1.2540,1.2820,772744
CITYSERV,20201217,7.5000,7.5000,7.5000,7.5000,200
CLNPHARMA,20201217,41.5000,41.5000,40.6500,40.8500,13317
CNT,20201217,14.7000,14.8000,14.4000,14.7000,1698
COALENERG,20201217,0.6500,0.6500,0.6000,0.6500,36363
COGNOR,20201217,1.6200,1.6200,1.5200,1.5300,291367
COMARCH,20201217,199.0000,199.0000,195.5000,195.5000,1093
COMP,20201217,54.8000,56.0000,54.8000,55.6000,1625
COMPERIA,20201217,2.8600,2.9600,2.8600,2.9600,1892
CORMAY,20201217,1.2300,1.2500,1.2200,1.2350,293627
CPGROUP,20201217,6.8800,6.8800,6.8600,6.8600,88
CYFRPLSAT,20201217,29.6000,29.7800,28.6200,29.0000,481103
CZTOREBKA,20201217,0.5950,0.6850,0.5950,0.6800,16344
DATAWALK,20201217,193.0000,205.0000,190.0000,198.5000,4492
DEBICA,20201217,77.8000,77.8000,76.8000,77.0000,945
DECORA,20201217,30.6000,30.6000,30.4000,30.6000,3440
DEKPOL,20201217,27.4000,28.0000,27.4000,27.4000,2836
DELKO,20201217,15.3000,16.2000,15.3000,15.8000,17379
DEVELIA,20201217,1.9900,2.0200,1.9800,2.0000,139475
DGA,20201217,4.8000,5.2200,4.8000,4.8000,3103
DIGITREE,20201217,5.9000,5.9000,5.5000,5.8500,3581
DINOPL,20201217,276.0000,287.0000,268.4000,273.6000,163758
DOMDEV,20201217,109.0000,109.0000,105.0000,108.0000,3470
DROZAPOL,20201217,1.6400,1.7200,1.6400,1.7050,6288
ECHO,20201217,4.0100,4.0700,4.0000,4.0000,73224
EDINVEST,20201217,4.1400,4.2200,4.1400,4.2200,2419
EFEKT,20201217,5.5500,5.6000,5.1500,5.6000,4384
EKOEXPORT,20201217,3.2950,3.3000,3.2250,3.2700,47188
ELBUDOWA,20201217,0.8400,0.8400,0.7800,0.8090,47897
ELEKTROTI,20201217,5.9000,5.9000,5.8000,5.8800,8285
ELEMENTAL,20201217,2.4200,2.4200,2.4100,2.4200,30181
ELKOP,20201217,0.2660,0.2670,0.2550,0.2630,140086
ELZAB,20201217,5.8500,6.0000,5.4000,5.7000,12305
EMCINSMED,20201217,13.2000,14.2000,13.2000,14.2000,576
ENAP,20201217,1.3200,1.4500,1.3200,1.3900,2176
ENEA,20201217,6.6200,6.7100,6.0500,6.4100,909669
ENELMED,20201217,20.2000,20.2000,18.0000,18.9000,1504
ENERGA,20201217,7.9300,7.9400,7.8650,7.9100,86592
ENERGOINS,20201217,0.7500,0.7500,0.7400,0.7400,1500
ENTER,20201217,35.0000,36.3000,33.6000,33.9000,8766
ERBUD,20201217,25.9000,25.9000,25.0000,25.4000,6354
ERG,20201217,41.4000,41.4000,41.4000,41.4000,30
ESOTIQ,20201217,14.7000,15.0000,13.7000,14.0000,3635
ETFDAX,20201217,572.3000,572.3000,569.0000,569.9000,396
ETFSP500,20201217,137.9000,138.1000,137.5000,137.5000,2570
ETFW20L,20201217,247.0000,249.1000,242.5000,244.9000,1108
EUCO,20201217,4.2000,4.2600,4.0600,4.1500,3408
EUROCASH,20201217,14.2800,14.4700,13.6200,13.8500,408480
EUROHOLD,20201217,3.7800,3.7800,3.7800,3.7800,67
EUROTEL,20201217,26.9000,27.4000,26.5000,26.7000,2455
FAMUR,20201217,2.2200,2.3400,2.1500,2.3000,4105320
FASING,20201217,10.5500,10.6000,10.5000,10.5000,3074
FEERUM,20201217,10.2000,10.2000,10.2000,10.2000,5
FERRO,20201217,23.9000,24.7000,23.6000,24.5000,2716
FERRUM,20201217,3.2000,3.3400,3.2000,3.2600,6834
FON,20201217,0.1070,0.1100,0.1040,0.1070,386529
FORTE,20201217,38.7500,39.8000,37.3500,37.9000,3870
GAMEOPS,20201217,21.8000,22.2000,21.5850,22.0000,4831
GAMFACTOR,20201217,14.3000,14.4100,14.0000,14.1560,2721
GAMFACTOR-PDA,20201217,14.4400,14.4400,13.5320,13.8200,21732
GETIN,20201217,0.8590,0.8620,0.8350,0.8580,269522
GETINOBLE,20201217,0.2305,0.2335,0.2190,0.2215,2267633
GLCOSMED,20201217,3.9000,3.9400,3.7800,3.7800,81258
GPW,20201217,43.4000,43.6000,41.5000,42.1000,107596
GROCLIN,20201217,1.0350,1.1200,1.0300,1.0600,65897
GRODNO,20201217,14.4000,14.5500,13.4000,13.6000,178376
GRUPAAZOTY,20201217,27.9500,28.2500,26.7500,27.0000,155818
GTC,20201217,6.7600,7.0000,6.7600,6.8200,155455
HANDLOWY,20201217,36.9000,36.9000,34.8000,35.8000,48937
HARPER,20201217,11.9000,12.4000,11.5000,11.5000,25107
HELIO,20201217,11.0000,11.0000,10.9000,10.9000,98
HERKULES,20201217,1.5400,1.5400,1.3050,1.3750,153536
HMINWEST,20201217,11.2000,11.2000,11.2000,11.2000,11
HUBSTYLE,20201217,1.2000,1.2200,1.1100,1.2000,62908
HYDROTOR,20201217,27.4000,27.4000,26.8000,27.0000,1804
I2DEV,20201217,9.5000,9.5000,9.5000,9.5000,2
IALBGR,20201217,0.2860,0.2860,0.2660,0.2660,7979
IDEABANK,20201217,1.5520,1.5680,1.5200,1.5220,52844
IDMSA,20201217,1.2800,1.3800,1.2800,1.3700,14835
IFCAPITAL,20201217,0.1200,0.1380,0.1200,0.1330,405906
IFIRMA,20201217,5.2600,5.3400,5.1800,5.3400,3059
IIAAV,20201217,74.4000,74.5000,74.4000,74.5000,112
IMCOMPANY,20201217,16.3000,16.6500,16.1500,16.6500,11851
IMMOBILE,20201217,2.4200,2.4400,2.3300,2.3300,25111
IMPEL,20201217,13.4000,13.4000,13.1500,13.4000,2361
IMPERA,20201217,1.6500,1.8500,1.6500,1.8400,77187
IMS,20201217,2.5500,2.5900,2.5500,2.5900,12237
INC,20201217,7.2000,7.3000,6.8200,7.0000,37211
INGBSK,20201217,164.2000,166.0000,158.2000,161.0000,10118
INPRO,20201217,4.6400,4.6400,4.6400,4.6400,122
INSTALKRK,20201217,19.8000,20.2000,19.8000,20.2000,846
INTERAOLT,20201217,16.0000,16.9000,15.9500,16.9000,36111
INTERCARS,20201217,225.0000,234.0000,222.0000,233.0000,1448
INTERFERI,20201217,4.4000,4.5800,4.4000,4.5800,22
INTERSPPL,20201217,1.2600,1.2600,1.2400,1.2400,5431
INTLALE35055,20201217,29.5000,29.7000,29.5000,29.7000,75
INTLALE35089,20201217,40.0000,40.0000,40.0000,40.0000,69
INTLALE35097,20201217,41.0500,41.0500,41.0500,41.0500,1
INTLALE36046,20201217,24.8000,25.9000,24.5500,24.5500,616
INTLBCO31278,20201217,125.6000,125.6000,125.6000,125.6000,10
INTLBCO31294,20201217,134.6000,134.6000,134.6000,134.6000,65
INTLBCO31641,20201217,68.0000,68.0000,68.0000,68.0000,200
INTLBCO31682,20201217,80.5000,80.5000,80.5000,80.5000,200
INTLBCO35691,20201217,54.0000,54.0000,54.0000,54.0000,20
INTLBCO35725,20201217,46.1500,46.1500,46.1500,46.1500,200
INTLBCO35733,20201217,50.2000,50.2000,50.2000,50.2000,200
INTLBCO36152,20201217,38.9000,38.9000,38.2500,38.2500,35
INTLBCO36160,20201217,43.1500,43.1500,43.1500,43.1500,60
INTLBCO36590,20201217,28.4500,28.4500,28.4500,28.4500,100
INTLBCO36608,20201217,33.0500,33.0500,33.0000,33.0000,300
INTLCCC30999,20201217,5.3000,5.3000,5.3000,5.3000,100
INTLCCC31005,20201217,5.6200,5.6200,5.1100,5.2700,602
INTLCCC36475,20201217,3.5000,3.5600,2.5800,3.0000,39385
INTLCCC36483,20201217,4.3200,4.3200,3.7200,3.7200,965
INTLCDR22392,20201217,18.7200,18.7200,18.5600,18.5600,100
INTLCDR22509,20201217,17.0200,17.3200,17.0200,17.3200,62
INTLCDR22848,20201217,14.8200,14.9600,14.6800,14.9600,1793
INTLCDR22855,20201217,15.8000,15.8000,15.8000,15.8000,75
INTLCDR23192,20201217,13.3000,13.4200,13.2000,13.2600,3920
INTLCDR23200,20201217,14.2000,14.3000,13.6000,13.6000,5645
INTLCDR28951,20201217,11.3400,11.7400,11.0000,11.3200,95849
INTLCDR28969,20201217,12.3200,12.3200,12.3200,12.3200,39
INTLDAX35592,20201217,70.9000,71.0000,70.9000,71.0000,148
INTLDAX35923,20201217,48.8000,49.7000,48.5000,49.0500,431
INTLDNP32789,20201217,10.6800,10.6800,10.6800,10.6800,80
INTLDNP34710,20201217,10.1200,10.1200,10.1200,10.1200,200
INTLDNP35493,20201217,7.5500,7.9300,6.7700,6.8100,17490
INTLDOW35956,20201217,99.1000,102.0000,99.1000,102.0000,299
INTLEUD33860,20201217,30.0500,30.9500,30.0500,30.9500,119
INTLEUR24059,20201217,17.4000,17.4000,17.4000,17.4000,1200
INTLEUR27599,20201217,12.7200,12.7200,12.7200,12.7200,83
INTLGBP32722,20201217,34.4000,34.4000,34.4000,34.4000,30
INTLGBU34850,20201217,38.0000,39.3500,38.0000,38.1000,530
INTLGLD09746,20201217,240.0000,240.0000,240.0000,240.0000,15
INTLGLD21873,20201217,275.5000,275.5000,275.5000,275.5000,5
INTLGLD22525,20201217,227.0000,227.0000,227.0000,227.0000,1
INTLGLD24166,20201217,160.2000,167.0000,159.6000,167.0000,50
INTLGLD30148,20201217,290.5000,290.5000,290.5000,290.5000,1
INTLGLD30866,20201217,119.0000,119.0000,119.0000,119.0000,20
INTLGLD31310,20201217,94.2000,101.0000,94.2000,101.0000,162
INTLGLD33092,20201217,73.2000,78.9000,71.9000,78.1000,2329
INTLGLD33100,20201217,61.3000,68.0000,61.2000,67.0000,1821
INTLJSW28993,20201217,17.2400,17.2400,17.2400,17.2400,1185
INTLJSW35386,20201217,12.8600,12.8600,12.3200,12.3200,93
INTLJSW36020,20201217,11.5000,11.5000,9.8600,9.8600,10552
INTLJSW36715,20201217,10.3600,10.3600,8.9100,8.9100,435
INTLKGH33951,20201217,94.5000,94.5000,94.5000,94.5000,10
INTLKGH35782,20201217,69.4000,69.4000,69.4000,69.4000,20
INTLKGH36228,20201217,63.7000,63.7000,63.7000,63.7000,10
INTLKGH36376,20201217,44.7500,44.7500,44.7500,44.7500,10
INTLLTS34702,20201217,20.5000,20.5000,18.0200,18.0600,1000
INTLLTS35360,20201217,20.5500,20.5500,20.5500,20.5500,50
INTLLTS35378,20201217,23.2000,23.2000,23.2000,23.2000,50
INTLLTS36509,20201217,18.7400,18.7400,15.4600,16.0800,3695
INTLNDX33621,20201217,94.0000,94.0000,94.0000,94.0000,30
INTLNDX34777,20201217,82.6000,83.0000,82.6000,83.0000,1030
INTLNDX35659,20201217,59.6000,60.0000,59.6000,60.0000,2040
INTLNDX36566,20201217,47.7000,47.8500,47.7000,47.8500,5289
INTLOPL21626,20201217,3.0900,3.0900,3.0900,3.0900,300
INTLPEO29439,20201217,28.2500,28.4500,26.2000,26.8000,507
INTLPEO35824,20201217,19.1400,19.1400,17.4800,17.4800,318
INTLPEO35832,20201217,23.2500,23.2500,21.4500,21.4500,2012
INTLPEO36251,20201217,15.1600,15.2200,13.0400,13.5800,5046
INTLPGE31427,20201217,3.0300,3.0800,2.9100,2.9900,4000
INTLPGE35337,20201217,2.5600,2.5600,2.5600,2.5600,1600
INTLPGE35741,20201217,1.8700,1.8700,1.6600,1.6600,3500
INTLPGN32615,20201217,1.9000,1.9000,1.9000,1.9000,500
INTLPGN36004,20201217,1.6700,1.6700,1.5700,1.5900,40030
INTLPKN04101,20201217,26.7000,26.7000,26.7000,26.7000,300
INTLPKN04119,20201217,31.5000,31.5000,31.5000,31.5000,40
INTLPKN35857,20201217,20.7500,20.7500,20.7500,20.7500,200
INTLPKN36392,20201217,11.6400,11.6400,8.0100,9.1000,18783
INTLPKN36400,20201217,13.0000,13.0000,13.0000,13.0000,258
INTLPKN36418,20201217,14.7600,14.7600,14.7600,14.7600,2000
INTLPKN36426,20201217,16.9800,16.9800,16.9800,16.9800,200
INTLPKO29405,20201217,13.4400,13.4400,12.9200,12.9200,200
INTLPKO30395,20201217,12.0000,12.0000,11.2600,11.2600,450
INTLPKO35808,20201217,8.1000,8.1000,7.2600,8.0300,347
INTLPKO36236,20201217,6.2000,6.4200,5.8300,5.8600,4219
INTLPLA30270,20201217,14.0200,14.0200,14.0200,14.0200,1000
INTLPLA30916,20201217,13.7400,13.9200,13.7400,13.9200,211
INTLPLA31138,20201217,12.9000,12.9000,12.4000,12.4000,1625
INTLPLA31765,20201217,12.0000,12.0000,12.0000,12.0000,12
INTLPLA35709,20201217,7.8000,7.8000,7.8000,7.8000,974
INTLPLA36178,20201217,7.0100,7.4200,6.6300,6.6300,1872
INTLPZU15610,20201217,11.9800,12.9000,11.9800,12.3400,5243
INTLPZU15800,20201217,13.3200,13.9000,13.2000,13.3000,2804
INTLPZU35766,20201217,10.5200,10.5200,10.5200,10.5200,800
INTLPZU35774,20201217,11.2000,12.2000,11.2000,11.2600,360
INTLPZU35980,20201217,8.1000,9.0800,7.9400,8.3400,21637
INTLPZU35998,20201217,10.1000,10.1000,9.2000,9.2000,3986
INTLSLV29702,20201217,48.5000,48.9500,48.5000,48.9500,60
INTLSLV30890,20201217,42.6000,42.6000,42.6000,42.6000,50
INTLSLV31609,20201217,36.2500,36.4500,36.2500,36.3000,640
INTLSLV33043,20201217,31.7000,31.7000,31.7000,31.7000,80
INTLSLV33340,20201217,18.1600,19.5600,18.0200,19.5600,5250
INTLSLV33357,20201217,21.2000,21.7000,20.9500,21.4000,1000
INTLSLV33365,20201217,23.9000,24.9500,23.9000,24.9500,250
INTLSLV33373,20201217,26.8000,26.8000,26.8000,26.8000,1865
INTLSLV33381,20201217,29.1500,29.9000,29.0500,29.9000,525
INTLSLV36582,20201217,16.0000,16.3200,15.5400,15.8400,976
INTLSPX35972,20201217,16.3600,16.3600,16.1000,16.1000,1933
INTLUSD20602,20201217,8.0000,8.6400,7.2800,7.2900,5400
INTLUSD20610,20201217,13.3800,14.0200,12.6000,12.6000,28637
INTLUSD20826,20201217,18.6200,18.6200,18.1200,18.1200,4065
INTLUSD20842,20201217,24.7500,25.3000,23.7500,23.7500,2057
INTLUSJ16220,20201217,11.8000,11.8000,11.3000,11.3000,141
INTLW2028688,20201217,6.9700,6.9700,6.9700,6.9700,70
INTLW2028787,20201217,8.1600,8.1600,8.1600,8.1600,300
INTLW2029892,20201217,5.9300,5.9300,5.6000,5.6000,1500
INTLW2029918,20201217,6.6000,6.6000,6.6000,6.6000,300
INTLW2035543,20201217,4.0800,4.0800,3.5300,3.5300,3000
INTLW2035550,20201217,4.2700,4.2700,3.9400,3.9400,2000
INTLW2035899,20201217,3.1600,3.1600,3.1200,3.1200,60000
INTLW2035907,20201217,3.7200,3.7200,3.0700,3.4400,2727
INTLW2036079,20201217,2.5000,2.5000,2.2700,2.2800,6230
INTLW2036087,20201217,2.8600,2.8600,2.4800,2.5200,980
INTLW2036517,20201217,1.7700,1.8200,1.1700,1.4600,66202
INTLW2036525,20201217,2.0400,2.0400,1.7100,1.7100,2094
INTLW2036541,20201217,2.3900,2.3900,2.3900,2.3900,2314
INTROL,20201217,4.1200,4.2000,4.1200,4.1800,43794
INTSALE35212,20201217,53.8000,55.0000,53.2000,54.9000,2164
INTSALE35220,20201217,65.4000,66.4000,65.4000,65.5000,950
INTSALE36285,20201217,40.5500,41.2000,39.9500,41.2000,2948
INTSALE36749,20201217,27.7000,28.5000,27.7000,28.3500,258
INTSBCO28043,20201217,16.8000,18.0000,16.8000,18.0000,192
INTSBCO28050,20201217,23.7500,25.3000,23.7500,25.3000,195
INTSCCC27029,20201217,4.8000,5.7300,4.8000,5.3000,8189
INTSCCC27037,20201217,6.3900,6.9100,6.3700,6.4900,5098
INTSCCC27698,20201217,2.4100,3.2200,2.2700,2.6800,80682
INTSCDR34124,20201217,24.9500,25.2500,24.4500,24.8000,31226
INTSCDR34199,20201217,28.7500,28.8500,28.6500,28.6500,281
INTSCDR36673,20201217,10.8400,11.2200,10.6600,10.8000,2315
INTSDAX25825,20201217,16.1800,18.7000,15.8800,17.0200,7067
INTSDAX26591,20201217,29.8000,31.0000,29.0000,30.0500,995
INTSDAX26609,20201217,41.5500,43.6500,41.0500,42.6000,12981
INTSDAX36111,20201217,56.2000,56.5000,54.5000,55.1000,2792
INTSDOW27128,20201217,42.5000,42.5000,42.5000,42.5000,70
INTSDOW33282,20201217,56.5000,56.5000,56.3000,56.3000,1100
INTSEUD02683,20201217,10.5400,10.5400,10.1000,10.1000,118
INTSEUD03764,20201217,22.2500,22.2500,21.7000,21.7000,20
INTSEUD05033,20201217,33.9500,33.9500,33.9500,33.9500,15
INTSGBU21030,20201217,51.1000,51.1000,51.1000,51.1000,100
INTSGBU26971,20201217,18.9200,20.3500,18.9200,19.9800,2630
INTSGLD33316,20201217,89.3000,89.3000,84.8000,84.8000,15
INTSGLD34504,20201217,67.9000,67.9000,62.3000,62.3000,5
INTSGLD36301,20201217,29.1500,31.1000,24.4000,24.4000,450
INTSJSW36723,20201217,10.4000,10.4000,9.8900,9.9400,300
INTSKGH36657,20201217,28.7500,31.3000,28.7500,30.0500,22
INTSKGH36665,20201217,42.3000,46.0000,42.3000,45.8500,145
INTSLTS27912,20201217,46.3500,46.3500,45.8500,45.8500,200
INTSLTS34041,20201217,13.8400,17.0800,13.8400,16.3000,745
INTSNDX33233,20201217,17.9800,18.4400,17.5000,18.0000,5668
INTSNDX33241,20201217,32.4500,32.6500,32.3000,32.3000,69
INTSNDX33258,20201217,46.9000,46.9000,46.9000,46.9000,5
INTSNDX33647,20201217,94.3000,94.3000,94.3000,94.3000,14
INTSPEO32334,20201217,22.2500,22.6000,22.2500,22.6000,20
INTSPGE34157,20201217,1.7400,2.0500,1.7400,2.0500,9537
INTSPGN34033,20201217,0.8000,0.8100,0.8000,0.8100,4440
INTSPKN27649,20201217,18.2600,20.3500,18.2600,20.3500,3134
INTSPKO23630,20201217,18.3400,18.9800,18.3400,18.8800,200
INTSPKO25361,20201217,24.4500,24.4500,24.4500,24.4500,82
INTSPKO26997,20201217,15.0000,15.6000,14.9800,15.5200,315
INTSPLA25544,20201217,3.9100,4.2600,3.4300,4.1500,8688
INTSPZU20131,20201217,16.2800,16.2800,16.2800,16.2800,1000
INTSPZU34165,20201217,7.0700,7.3300,6.3100,7.0000,2151
INTSSLV33696,20201217,19.1200,19.1200,19.1200,19.1200,40
INTSSLV33829,20201217,41.0000,41.0000,40.0000,40.0000,230
INTSSLV34538,20201217,11.9800,12.4200,11.3400,11.3400,70
INTSSLV34553,20201217,7.9000,8.4500,6.5900,6.5900,829
INTSSPX34140,20201217,8.0100,8.2000,8.0100,8.2000,702
INTSSPX34215,20201217,20.0000,20.0000,20.0000,20.0000,200
INTSSPX36574,20201217,39.4000,39.4000,39.4000,39.4000,90
INTSUSD36061,20201217,27.9000,28.6500,27.9000,28.1000,982
INTSW2019893,20201217,7.8700,7.8700,7.8700,7.8700,289
INTSW2019976,20201217,8.1800,8.7800,8.1800,8.5800,1427
INTSW2020867,20201217,3.5000,3.9400,3.5000,3.7600,2764
INTSW2024257,20201217,2.9000,3.2100,2.9000,3.2100,904
INTSW2026328,20201217,2.3200,2.3700,2.3200,2.3700,1040
INTSW2027060,20201217,1.7800,2.3300,1.7800,2.0500,21390
INTSW2027243,20201217,1.8100,2.0600,1.7300,1.8000,7999
INTSW2027391,20201217,0.9200,1.5300,0.8700,1.2500,198102
INTSW2027409,20201217,1.2400,1.6000,1.1500,1.5100,38260
INVCEEFIZ,20201217,466.9900,466.9900,461.0000,461.0000,31
INVFIZ,20201217,948.0100,948.0100,948.0100,948.0100,1
INVGLDFIZ,20201217,1796.9000,1800.1300,1762.1000,1800.1300,12
INVISTA,20201217,0.3000,0.3000,0.3000,0.3000,1667
INVPEFIZ,20201217,830.0000,859.9900,798.0000,799.1100,42
IPOPEMA,20201217,3.8600,4.1000,3.8600,3.8800,53247
ITMTRADE,20201217,0.1310,0.1380,0.1230,0.1240,53610
IZOBLOK,20201217,37.0000,37.0000,35.2000,36.5000,442
IZOLACJA,20201217,2.1000,2.4300,2.1000,2.3500,22342
IZOSTAL,20201217,2.4600,2.6400,2.4600,2.5200,106311
JSW,20201217,27.3000,27.8000,25.7500,25.9300,1148933
JWCONSTR,20201217,3.1700,3.2400,3.0900,3.1200,1602
JWWINVEST,20201217,2.7400,2.7400,2.7000,2.7400,1035
K2INTERNT,20201217,23.8000,23.8000,21.8000,22.0000,9063
KCI,20201217,0.7160,0.7340,0.6920,0.7240,137282
KERNEL,20201217,47.4500,47.9500,47.0000,47.2000,74441
KETY,20201217,473.0000,474.0000,460.0000,464.0000,24646
KGHM,20201217,188.5000,189.8000,183.4500,186.8500,449869
KGL,20201217,17.0000,17.0000,16.8500,16.9000,1622
KINOPOL,20201217,8.0500,8.0500,7.8500,8.0000,989
KOGENERA,20201217,32.3000,32.3000,31.9000,32.3000,1537
KOMPAP,20201217,10.5000,11.1000,10.2000,10.5000,5361
KOMPUTRON,20201217,2.1600,2.2300,2.1400,2.2300,26629
KPPD,20201217,28.2000,28.2000,28.2000,28.2000,27
KREC,20201217,9.3400,9.3800,9.0000,9.1000,6570
KREDYTIN,20201217,10.5000,10.5000,9.8000,10.5000,234
KRKA,20201217,410.0000,410.0000,405.0000,405.0000,54
KRUK,20201217,144.4000,146.7000,138.5000,139.0000,30852
KRUSZWICA,20201217,65.8000,65.8000,65.8000,65.8000,1372
KRVITAMIN,20201217,18.0000,19.5000,17.9500,18.5000,18632
KSGAGRO,20201217,2.1600,2.2000,2.1000,2.1600,24166
LABOPRINT,20201217,12.5000,12.5000,12.1000,12.1000,7
LARQ,20201217,1.7350,1.7350,1.6800,1.7350,213
LENA,20201217,3.7700,3.7700,3.6500,3.7100,13015
LENTEX,20201217,10.8500,10.8500,10.3000,10.6000,10518
LIBET,20201217,2.4000,2.4100,2.3000,2.4100,193929
LIVECHAT,20201217,102.0000,102.8000,100.0000,101.0000,12591
LMDSFIZ,20201217,1243.9000,1244.8000,1243.9000,1244.8000,4
LMESFIZ,20201217,1249.9900,1299.8800,1249.9900,1299.8800,12
LOKUM,20201217,12.2000,13.0000,12.0500,12.3500,9181
LOTOS,20201217,42.8300,43.0000,39.2500,40.0000,1376820
LPP,20201217,7380.0000,7700.0000,7140.0000,7320.0000,4244
LSISOFT,20201217,12.4000,12.4000,12.3000,12.4000,831
LUBAWA,20201217,1.4200,1.4250,1.3750,1.3900,226349
MABION,20201217,21.7000,21.7500,21.2000,21.3000,15372
MAKARONPL,20201217,5.6500,5.7000,5.6500,5.6500,337
MANGATA,20201217,61.0000,61.0000,59.0000,59.0000,1949
MARVIPOL,20201217,5.1600,5.2200,5.1200,5.1400,5921
MASTERPHA,20201217,4.1300,4.2000,4.1300,4.2000,2715
MAXCOM,20201217,12.4000,12.4000,12.0000,12.3000,7333
MBANK,20201217,183.5000,185.6000,173.7000,177.6000,99644
MBWS,20201217,5.9900,5.9900,5.7000,5.7000,350
MCI,20201217,15.2500,15.4500,15.0500,15.4000,10168
MDIENERGIA,20201217,3.3500,3.3500,3.1000,3.2000,47392
MEDIACAP,20201217,1.7100,1.7100,1.7100,1.7100,1
MEDICALG,20201217,20.8000,20.8500,20.1000,20.8000,8660
MENNICA,20201217,19.4000,19.4000,19.2000,19.2000,2299
MERCATOR,20201217,412.0000,413.0000,384.0000,394.0000,145160
MERCOR,20201217,10.1000,10.4000,10.0500,10.2500,1872
MEXPOLSKA,20201217,1.3800,1.3800,1.3300,1.3700,4064
MFO,20201217,27.6000,27.6000,26.0000,27.4000,1674
MILKILAND,20201217,0.6170,0.6449,0.6000,0.6420,47276
MILLENNIUM,20201217,3.3000,3.3000,3.1500,3.1780,1555336
MIRACULUM,20201217,1.1200,1.1600,1.1200,1.1400,58376
MIRBUD,20201217,3.1700,3.1900,2.9700,3.0200,895758
MLPGROUP,20201217,82.0000,82.0000,80.5000,80.5000,27
MLSYSTEM,20201217,80.8000,80.8000,78.4000,79.4000,8884
MOBRUK,20201217,212.0000,220.0000,210.0000,220.0000,11530
MOJ,20201217,1.1600,1.1600,1.1600,1.1600,4607
MOL,20201217,28.0000,28.0000,27.0000,27.0600,2730
MONNARI,20201217,2.0900,2.1400,1.9100,1.9800,161655
MOSTALPLC,20201217,8.7600,8.8600,8.6200,8.8600,3813
MOSTALWAR,20201217,4.4700,4.5900,4.3800,4.5800,3487
MOSTALZAB,20201217,0.9920,1.0000,0.9400,0.9800,235521
MWTRADE,20201217,1.8000,1.8000,1.7300,1.7300,3922
NANOGROUP,20201217,4.9000,4.9000,4.6000,4.7200,96180
NETIA,20201217,4.4500,4.5500,4.4400,4.5500,10275
NEUCA,20201217,633.0000,636.0000,630.0000,635.0000,1367
NEWAG,20201217,25.0000,25.9000,24.9000,25.1000,12214
NEXITY,20201217,19.9000,20.0000,19.2000,19.9000,192
NOVATURAS,20201217,11.2000,12.3000,11.2000,12.3000,361
NOVAVISGR,20201217,1.6500,1.7100,1.6200,1.7000,9546
NOVITA,20201217,137.0000,145.0000,136.5000,141.5000,2198
NTTSYSTEM,20201217,4.2800,4.2800,4.1000,4.1000,12098
OAT,20201217,53.2000,53.4000,49.5000,50.0000,56953
ODLEWNIE,20201217,4.9500,5.0400,4.9500,4.9500,1060
OEX,20201217,15.8000,15.8000,15.7000,15.7000,1238
OPENFIN,20201217,0.9200,0.9200,0.8700,0.9200,16149
OPONEO.PL,20201217,39.1000,43.0000,39.0000,40.3000,14759
OPTEAM,20201217,30.8000,32.0000,30.6000,31.8000,68225
ORANGEPL,20201217,6.5300,6.6900,6.4650,6.4700,2350655
ORCOGROUP,20201217,1.3500,1.3500,1.3500,1.3500,600
ORZBIALY,20201217,12.9000,13.3000,12.7500,12.9500,2172
OTLOG,20201217,3.8000,3.8000,3.7000,3.8000,3211
OTMUCHOW,20201217,1.7000,1.7000,1.6500,1.6500,3804
PAMAPOL,20201217,1.4100,1.4500,1.4000,1.4300,16500
PANOVA,20201217,10.7000,10.7000,10.3500,10.7000,495
PATENTUS,20201217,1.0100,1.0300,0.9920,1.0000,9243
PBKM,20201217,76.0000,78.0000,73.4000,74.0000,836
PCCEXOL,20201217,3.6000,3.6400,3.5000,3.5200,180050
PCCROKITA,20201217,51.4000,51.4000,50.2000,50.6000,6099
PEKABEX,20201217,16.7000,17.2000,16.5000,17.0000,13718
PEKAO,20201217,62.8000,63.2600,58.5000,60.3000,2056253
PEMANAGER,20201217,14.9500,14.9500,14.8500,14.8500,1085
PEP,20201217,50.4000,51.0000,50.2000,50.4000,2873
PEPEES,20201217,1.3000,1.3400,1.2900,1.3400,6800
PGE,20201217,6.6580,6.7140,6.2880,6.4420,2626402
PGNIG,20201217,5.5680,5.6000,5.4020,5.5320,4613414
PGO,20201217,1.3400,1.3400,1.3000,1.3350,20561
PGSSOFT,20201217,13.3500,13.3500,13.0000,13.2000,3292
PHARMENA,20201217,9.6000,9.6000,9.3600,9.4800,6714
PHN,20201217,10.9000,10.9000,10.5500,10.8000,5837
PKNORLEN,20201217,60.3200,60.9000,56.9000,58.5000,2308463
PKOASZEWZ,20201217,97.6700,97.6700,97.6600,97.6600,125
PKOBP,20201217,29.3500,29.4500,27.6400,28.4700,5051134
PKPCARGO,20201217,14.7600,14.8000,13.6000,14.0000,172783
PLASTBOX,20201217,1.9050,1.9050,1.8700,1.8800,7715
PLAY,20201217,38.5400,38.6600,38.5400,38.6600,21382
PLAYWAY,20201217,595.0000,624.0000,595.0000,619.0000,6843
PLAZACNTR,20201217,1.6000,1.6300,1.6000,1.6000,1835
PMPG,20201217,1.7200,1.7500,1.7000,1.7000,5628
POLICE,20201217,12.1000,12.3000,12.1000,12.3000,271
POLIMEXMS,20201217,2.5350,2.5750,2.3500,2.4100,509031
POLNORD,20201217,3.5050,3.5100,3.5050,3.5050,20073
POLWAX,20201217,3.7100,3.7200,3.5900,3.6800,32029
POZBUD,20201217,2.2600,2.2600,2.1500,2.2000,53596
PRAGMAFA,20201217,24.2000,24.4000,24.2000,24.2000,755
PRAGMAINK,20201217,5.9000,6.0400,5.9000,6.0400,50
PRAIRIE,20201217,0.5120,0.5360,0.4620,0.5050,3257381
PRIMETECH,20201217,1.1900,1.1900,1.1900,1.1900,834
PROCHEM,20201217,18.1000,18.1000,18.1000,18.1000,6
PROJPRZEM,20201217,15.7000,15.8500,15.7000,15.8000,354
PROTEKTOR,20201217,3.6600,3.7200,3.5200,3.6000,25260
PROVIDENT,20201217,4.4600,4.4600,4.3000,4.4100,34375
PULAWY,20201217,85.4000,87.4000,85.4000,86.8000,728
PUNKPIRAT,20201217,0.6600,0.6800,0.6400,0.6800,62991
PURE,20201217,100.0000,109.5000,99.4000,108.0000,6352
PURE-PDA,20201217,96.0000,103.0000,96.0000,100.5000,13067
PZU,20201217,30.6200,31.9500,30.6200,31.1200,7333734
QUERCUS,20201217,3.3800,3.4500,3.3200,3.3300,44586
R22,20201217,34.0000,34.5000,33.5000,34.2000,10987
RADPOL,20201217,2.3400,2.3400,2.2600,2.3400,19166
RAFAKO,20201217,0.9000,0.9000,0.8500,0.8550,1552831
RAINBOW,20201217,23.4000,23.8000,21.3000,22.0000,35502
RANKPROGR,20201217,1.8000,1.8400,1.7100,1.8250,14121
RAWLPLUG,20201217,8.1400,8.5000,8.1000,8.3800,2723
RCDIEAOPEN,20201217,8.5100,8.5100,8.5100,8.5100,324
RCESX5E06232,20201217,1085.5000,1085.5000,1085.5000,1085.5000,50
RCESXPP0823,20201217,1117.5000,1117.5000,1117.5000,1117.5000,140
RCFL10GOLD,20201217,8.6500,9.4800,8.5300,9.2000,12441
RCFL10GOLD1,20201217,4.0000,4.4400,4.0000,4.3800,35190
RCFL2GOLD,20201217,92.2000,93.1000,92.2000,93.1000,2
RCFL2OIL,20201217,3.0500,3.0600,3.0500,3.0600,51998
RCFL2OIL3,20201217,1.5000,1.5000,1.5000,1.5000,22046
RCFL2PLAT1,20201217,9.5300,9.6200,9.5300,9.6200,2
RCFL2SILVE,20201217,34.0000,34.0000,34.0000,34.0000,71
RCFL2SILVE2,20201217,19.3200,19.3200,19.3200,19.3200,100
RCFL311B,20201217,4.0100,4.0100,3.9900,3.9900,2000
RCFL3ALR,20201217,0.3200,0.3200,0.3200,0.3200,1000
RCFL3ALR1,20201217,8.9900,8.9900,7.8800,7.8800,400
RCFL3BZW,20201217,3.0600,3.0600,3.0600,3.0600,1000
RCFL3CCC,20201217,0.1100,0.1200,0.1100,0.1200,15002
RCFL3CCC1,20201217,28.3500,30.0500,20.4000,24.7500,5631
RCFL3CDPRO1,20201217,33.4000,33.4000,32.8000,32.8000,178
RCFL3CDPRO2,20201217,3.1300,3.2400,3.1300,3.2000,8045
RCFL3COPP,20201217,20.2000,20.2000,20.2000,20.2000,50
RCFL3ENA,20201217,4.9500,4.9500,4.3600,4.3600,13800
RCFL3EUH,20201217,0.8100,0.8400,0.7500,0.7500,14300
RCFL3EUH1,20201217,8.4400,8.4400,8.2400,8.2400,360
RCFL3GOLD,20201217,62.3000,63.2000,62.2000,63.2000,54
RCFL3GOLD2,20201217,23.0000,23.0000,23.0000,23.0000,500
RCFL3JSW,20201217,0.6600,0.6600,0.5400,0.5800,399903
RCFL3JSW1,20201217,22.7000,22.7000,18.9600,19.3200,1726
RCFL3KGH,20201217,11.5000,11.5000,11.5000,11.5000,500
RCFL3LPP,20201217,97.0000,97.0000,97.0000,97.0000,40
RCFL3LTS1,20201217,0.3200,0.3200,0.2500,0.2500,61881
RCFL3MBK,20201217,1.4500,1.4800,1.2500,1.2500,42673
RCFL3MSBAS,20201217,14.8800,14.8800,14.8800,14.8800,15
RCFL3MSFIN,20201217,2.1200,2.1600,2.0700,2.1000,2850
RCFL3OIL2,20201217,2.0000,2.0000,1.9900,2.0000,3905
RCFL3OIL3,20201217,0.1800,0.1800,0.1800,0.1800,13868
RCFL3OIL4,20201217,0.0500,0.0500,0.0500,0.0500,500
RCFL3PEO,20201217,1.1900,1.2000,1.0200,1.1100,202251
RCFL3PEO1,20201217,14.1200,14.1200,13.1400,13.1600,1802
RCFL3PGE,20201217,0.1600,0.1700,0.1600,0.1600,309334
RCFL3PGE1,20201217,13.1400,13.1400,13.1400,13.1400,400
RCFL3PGN1,20201217,1.8600,1.8600,1.8600,1.8600,4500
RCFL3PKN,20201217,14.2600,14.2600,12.7200,12.7200,2681
RCFL3PKO,20201217,4.9800,4.9800,4.5000,4.5000,2900
RCFL3PLAT1,20201217,6.3500,6.4500,6.0000,6.0700,510
RCFL3PLAT2,20201217,12.8600,13.1000,12.8600,13.1000,600
RCFL3PZU,20201217,14.8600,16.3800,14.7200,15.4000,6562
RCFL3SILVE,20201217,6.6300,6.7700,6.6300,6.7700,1500
RCFL3SILVE3,20201217,18.4400,19.1400,18.4400,19.1400,4
RCFL3TEN,20201217,5.4600,5.8400,5.4600,5.5900,2937
RCFL3TPE,20201217,9.9800,9.9800,8.1000,9.0000,4731
RCFL3W20,20201217,32.0000,32.0000,30.4000,30.4000,710
RCFL4CDPRO,20201217,4.4000,4.7000,4.4000,4.5800,88435
RCFL4CDPRO1,20201217,0.7500,0.8100,0.7500,0.8000,30723
RCFL4DNP,20201217,37.0500,37.0500,29.7500,29.7500,100
RCFL4GAMES,20201217,40.2000,42.3000,40.2000,40.8500,750
RCFL4OIL4,20201217,17.3600,17.3600,17.3600,17.3600,5
RCFL4PEO1,20201217,7.1600,7.2400,6.6300,6.6300,2100
RCFL4PGE,20201217,7.5000,7.5000,7.1200,7.1200,650
RCFL4PKN,20201217,0.1500,0.1500,0.1500,0.1500,5000
RCFL4PKN1,20201217,3.2700,3.2700,2.8800,2.9500,3400
RCFL4PKO,20201217,0.5600,0.5600,0.5000,0.5100,12500
RCFL4PKO1,20201217,13.2800,13.2800,13.1600,13.1600,230
RCFL4PZU,20201217,0.7500,0.8500,0.7500,0.8000,76914
RCFL4PZU1,20201217,11.6000,12.1600,11.3000,11.9000,21515
RCFL4SILVE1,20201217,6.8100,6.8100,6.8100,6.8100,499
RCFL4SILVE2,20201217,9.5200,9.9100,9.4500,9.8400,649
RCFL4SILVE3,20201217,21.0000,21.0000,21.0000,21.0000,113
RCFL5ALE,20201217,19.5200,20.7500,19.5200,20.7500,180
RCFL5COCO1,20201217,1.0400,1.0400,1.0400,1.0400,1000
RCFL5COFF4,20201217,8.3500,8.4900,8.3500,8.4900,20
RCFL5COPP,20201217,12.3200,12.3200,12.3200,12.3200,130
RCFL5GOLD,20201217,21.1500,22.1500,21.1500,22.1500,2909
RCFL5MSFIN2,20201217,8.3100,8.3100,8.3100,8.3100,100
RCFL5MSPET1,20201217,5.7100,5.7100,5.7100,5.7100,150
RCFL5MWIG40,20201217,2.3800,2.4200,2.1900,2.1900,1200
RCFL5SILVE,20201217,1.4700,1.5400,1.4100,1.5400,22638
RCFL5SILVE1,20201217,3.5500,3.5500,3.5500,3.5500,250
RCFL5SILVE2,20201217,17.3400,17.3400,17.3400,17.3400,20
RCFL5SUGA2,20201217,20.9500,22.1000,20.9500,21.5000,200
RCFL6COCO,20201217,4.2000,4.2000,4.2000,4.2000,300
RCFL6COPP1,20201217,15.0800,15.0800,15.0800,15.0800,200
RCFL6GOLD,20201217,26.9500,26.9500,26.9500,26.9500,13
RCFL6GOLD1,20201217,10.0400,10.7800,10.0200,10.7800,305
RCFL6OIL3,20201217,19.6200,19.6200,19.6000,19.6000,48
RCFL6PLAT2,20201217,7.9000,7.9000,7.9000,7.9000,71
RCFL6SILVE,20201217,1.7500,1.8600,1.7000,1.8300,13663
RCFL6SILVE2,20201217,11.7000,11.8800,11.7000,11.8800,235
RCFL6SUGA,20201217,1.6600,1.7800,1.6600,1.7700,8456
RCFL6W20,20201217,18.7200,19.2000,17.2400,17.2400,613
RCFL6W201,20201217,0.5500,0.5500,0.5500,0.5500,19790
RCFL7SILVE,20201217,0.3000,0.3000,0.3000,0.3000,2000
RCFL7SILVE1,20201217,1.2100,1.2100,1.2100,1.2100,777
RCFL8COFF1,20201217,0.5200,0.5200,0.5200,0.5200,23500
RCFL8COPP1,20201217,11.2200,11.2200,11.2200,11.2200,1000
RCFL8SILVE2,20201217,0.7500,0.7500,0.7500,0.7500,1000
RCFODAOPEN,20201217,39.7500,39.7500,39.7500,39.7500,1
RCFS10SILVE2,20201217,1.1700,1.1700,1.0000,1.0000,6681
RCFS3ALR,20201217,20.7000,20.7000,20.7000,20.7000,150
RCFS3ALR1,20201217,2.7800,3.1200,2.7800,3.1200,4247
RCFS3CDPRO,20201217,4.3200,4.3200,4.3200,4.3200,100
RCFS3CDPRO1,20201217,0.0200,0.0200,0.0200,0.0200,200
RCFS3DNP,20201217,3.1500,3.1500,3.1500,3.1500,1000
RCFS3GAMES,20201217,1.4800,1.4800,1.4800,1.4800,250
RCFS3KGH1,20201217,2.4600,2.6800,2.4300,2.6300,57935
RCFS3LPP1,20201217,3.8800,3.8800,3.8800,3.8800,300
RCFS3OIL2,20201217,0.2000,0.2000,0.2000,0.2000,230
RCFS3OIL4,20201217,4.2900,4.2900,4.2900,4.2900,50
RCFS3PALL4,20201217,1.0500,1.0600,1.0500,1.0500,106000
RCFS3PEO,20201217,8.5100,8.5100,8.5100,8.5100,400
RCFS3PGE,20201217,0.7200,0.7700,0.7200,0.7700,2100
RCFS3PLAT2,20201217,2.3700,2.3700,2.3700,2.3700,15000
RCFS3PZU,20201217,1.7600,1.7600,1.7600,1.7600,900
RCFS3SILVE1,20201217,1.0200,1.0200,1.0200,1.0200,2500
RCFS3TPE,20201217,0.3400,0.3600,0.3400,0.3600,167000
RCFS3W20,20201217,18.7400,20.4000,18.7400,19.4200,716
RCFS4CDPRO1,20201217,2.4000,2.4300,2.2100,2.3700,88360
RCFS4DNP,20201217,1.8500,2.0100,1.8500,1.9800,1300
RCFS4ESX,20201217,0.2400,0.2400,0.2400,0.2400,1000
RCFS4KGH1,20201217,1.3500,1.5200,1.3500,1.4200,12860
RCFS4LPP,20201217,1.5300,1.5300,1.5300,1.5300,1000
RCFS4PEO,20201217,5.0800,5.6000,5.0800,5.4000,1010
RCFS4PGE,20201217,0.5700,0.5700,0.5700,0.5700,100
RCFS4PGN,20201217,0.5500,0.5900,0.5500,0.5900,2100
RCFS4PKN,20201217,4.1000,4.1400,3.8300,4.0300,5040
RCFS4PKO,20201217,2.6300,2.6300,2.6300,2.6300,700
RCFS4PZU,20201217,4.6000,4.6000,4.3400,4.3400,1500
RCFS5COPP,20201217,0.8800,0.8800,0.8800,0.8800,170
RCFS5PLAT2,20201217,0.5300,0.5300,0.5300,0.5300,100
RCFS5SUGA,20201217,1.8600,1.8600,1.7500,1.8000,2800
RCFS6COPP1,20201217,0.9100,0.9100,0.9100,0.9100,3260
RCFS6CORN,20201217,1.5500,1.5500,1.5500,1.5500,258
RCFS6NAG2,20201217,6.2100,6.2100,6.2100,6.2100,100
RCFS6SILVE2,20201217,4.6200,4.6200,4.6200,4.6200,568
RCFS6W201,20201217,1.1600,1.3300,1.1300,1.2500,21265
RCFS7SILVE1,20201217,3.9100,3.9300,3.4100,3.5200,625
RCFS8COPP1,20201217,0.3100,0.3100,0.3100,0.3100,3000
RCFS9SILVE1,20201217,1.5600,1.5600,1.5600,1.5600,2751
RCGNS0422,20201217,1047.5000,1047.5000,1047.5000,1047.5000,120
RCGSEESGSEP0822,20201217,1009.0000,1009.0000,1009.0000,1009.0000,30
RCGTECBSK0321,20201217,1080.5000,1080.5000,1080.5000,1080.5000,57
RCLOILAOPEN,20201217,16.1200,16.2600,16.1000,16.2000,1199
RCSDAXOPEN,20201217,80.0000,80.0000,80.0000,80.0000,116
RCTLGOLD17,20201217,24.8000,24.8000,24.8000,24.8000,81
RCTSKRU1,20201217,3.7600,4.3200,3.7600,4.3200,2001
RCTWSX5E0921,20201217,1074.0000,1074.0000,1074.0000,1074.0000,166
REDAN,20201217,0.1750,0.1890,0.1750,0.1890,25177
REINO,20201217,1.4300,1.4300,1.4100,1.4300,261
RELPOL,20201217,5.3000,5.3400,5.2200,5.2200,15660
REMAK,20201217,10.1000,10.1000,9.9600,9.9600,630
RONSON,20201217,1.3800,1.4150,1.3500,1.3500,53344
ROPCZYCE,20201217,23.2000,23.3000,23.0000,23.0000,721
RYVU,20201217,47.8000,47.8000,46.8000,47.0000,14959
SANOK,20201217,19.5000,19.5000,18.1000,18.7000,15596
SANPL,20201217,186.8000,190.0000,178.7000,180.8000,70998
SANTANDER,20201217,11.9000,11.9500,11.8000,11.8200,11838
SANWIL,20201217,2.8000,2.9000,2.7600,2.8200,155042
SEKO,20201217,8.9000,9.3000,8.9000,9.0000,1352
SELENAFM,20201217,18.3500,18.6000,18.1500,18.6000,16399
SELVITA,20201217,46.3000,47.0000,45.3000,46.3000,1516
SERINUS,20201217,0.2460,0.2500,0.2280,0.2440,1587059
SESCOM,20201217,29.4000,29.4000,29.4000,29.4000,265
SFINKS,20201217,0.3340,0.3470,0.3200,0.3430,127327
SILVAIR-REGS,20201217,7.6990,7.6990,7.6990,7.6990,2
SIMPLE,20201217,12.8000,12.9000,12.7000,12.9000,2494
SKARBIEC,20201217,25.0000,25.0000,24.7000,24.8000,5224
SKOTAN,20201217,1.6750,1.7100,1.5800,1.6500,85201
SKYLINE,20201217,0.7300,0.7500,0.7300,0.7300,20046
SLEEPZAG,20201217,0.3100,0.3100,0.3100,0.3100,200
SNIEZKA,20201217,88.0000,88.0000,87.2000,88.0000,403
SOLAR,20201217,3.7200,3.8700,3.5500,3.6000,3698
SONEL,20201217,9.4000,9.4500,9.4000,9.4000,620
SOPHARMA,20201217,9.0000,9.6000,8.0000,8.4000,1337
STALEXP,20201217,3.1800,3.2000,3.1700,3.1800,134498
STALPROD,20201217,272.0000,279.0000,255.0000,260.0000,4516
STALPROFI,20201217,7.2600,7.2600,7.0000,7.0600,6238
STAPORKOW,20201217,2.4600,2.5200,2.4600,2.5200,888
STARHEDGE,20201217,0.4400,0.4400,0.4400,0.4400,4
SUNEX,20201217,5.0600,5.1000,4.9000,4.9300,49930
SUWARY,20201217,16.6000,16.6000,16.4000,16.4000,6
SWISSMED,20201217,7.6800,7.9000,7.2200,7.7200,13986
SYGNITY,20201217,8.1200,8.6600,8.1000,8.5000,83290
SYNEKTIK,20201217,27.2000,28.3000,26.9000,27.1000,13956
TALANX,20201217,146.6000,146.6000,146.6000,146.6000,13
TALEX,20201217,11.6000,11.6000,11.4000,11.5000,355
TATRY,20201217,145.0000,145.0000,145.0000,145.0000,1
TAURONPE,20201217,2.7400,2.7600,2.5620,2.6040,9124457
TBULL,20201217,34.0000,35.0000,31.3000,31.9000,34011
TERMOREX,20201217,0.9100,0.9100,0.9100,0.9100,90
TESGAS,20201217,4.4800,4.5000,4.3000,4.3200,17227
TIM,20201217,19.0000,19.0000,18.3500,18.8000,35429
TORPOL,20201217,12.0000,12.0500,11.5500,11.6500,34324
TOWERINVT,20201217,15.1000,15.9000,14.1000,14.1000,2493
TOYA,20201217,6.1000,6.1000,6.0200,6.0600,52074
TRAKCJA,20201217,1.9000,1.9000,1.8340,1.8460,219173
TRANSPOL,20201217,2.7600,2.7600,2.6800,2.7300,11049
TRIGONPP,20201217,45.7300,45.7300,45.7300,45.7300,19
TRIGONPP4,20201217,44.9000,45.9900,44.5000,45.9900,464
TRIGONPP7,20201217,45.0400,45.0400,45.0400,45.0400,2
TRIGONPP8,20201217,44.6100,44.6100,44.6100,44.6100,1
TRITON,20201217,2.2300,2.3000,2.1400,2.2700,17393
TSGAMES,20201217,520.0000,533.0000,514.0000,522.0000,11637
ULMA,20201217,47.8000,47.8000,46.2000,47.2000,190
ULTGAMES,20201217,31.2000,31.2000,29.4000,29.5000,19259
UNIBEP,20201217,7.7600,7.8800,7.7600,7.7600,3410
UNICREDIT,20201217,36.8000,36.8000,34.0100,36.0000,816
UNIMA,20201217,2.9200,2.9200,2.9200,2.9200,250
UNIMOT,20201217,33.7000,34.1500,32.0500,32.6000,23117
URSUS,20201217,0.7000,0.7050,0.6720,0.6900,158055
VENTUREIN,20201217,2.0800,2.5000,1.8800,2.5000,121215
VIGOSYS,20201217,565.0000,575.0000,555.0000,570.0000,78
VINDEXUS,20201217,4.3000,4.3100,4.2400,4.2500,15587
VISTAL,20201217,2.9600,3.0500,2.9000,2.9000,23573
VIVID,20201217,1.5500,1.5860,1.5100,1.5700,140475
VOTUM,20201217,11.3000,11.5000,11.0500,11.2500,12305
VOXEL,20201217,42.0000,42.4000,41.2000,41.4000,2706
VRG,20201217,2.6400,2.7750,2.4600,2.6100,229285
WASKO,20201217,1.2100,1.2400,1.1700,1.2300,77810
WAWEL,20201217,574.0000,580.0000,574.0000,576.0000,137
WIELTON,20201217,6.1000,6.2500,6.0800,6.2000,160458
WIKANA,20201217,2.1800,2.2800,2.1800,2.2800,39
WIRTUALNA,20201217,83.6000,83.6000,82.4000,83.0000,3400
WITTCHEN,20201217,8.8000,8.9000,8.4000,8.4400,12396
WOJAS,20201217,4.7200,4.9000,4.6400,4.6400,4392
WORKSERV,20201217,1.2100,1.2980,1.1620,1.1700,873586
XTB,20201217,16.5000,16.7000,16.1000,16.2000,342063
XTPL,20201217,72.2000,74.6000,71.8000,72.6000,2147
ZAMET,20201217,0.7850,0.7850,0.7650,0.7850,14680
ZASTAL,20201217,30.0000,34.0000,28.0000,34.0000,23148
ZEPAK,20201217,9.4800,9.4800,9.3000,9.4200,11453
ZPUE,20201217,143.5000,157.0000,143.5000,150.0000,1944
ZREMB,20201217,0.6700,0.7050,0.6700,0.6900,14563
ZUE,20201217,3.4600,3.4600,3.3600,3.4400,1938
ZYWIEC,20201217,484.0000,486.0000,480.0000,480.0000,85
INVESTORMS,20201217,4243.5900,4243.5900,4191.6300,4191.6300,393618.903
MWIG40,20201217,3880.5500,3898.3300,3784.1500,3821.9400,189443.885
MWIG40DVP,20201217,63.1100,63.1100,63.1100,63.1100,189443.885
MWIG40TR,20201217,5139.5800,5160.1200,5020.8500,5061.9600,189443.885
SWIG80,20201217,15513.8800,15542.9400,15314.0900,15366.5700,36608.137
SWIG80DVP,20201217,311.2700,311.2700,311.2700,311.2700,36608.137
SWIG80TR,20201217,20096.1900,20133.7400,19844.8800,19905.3800,36608.137
WIG,20201217,56857.6700,57204.7100,55549.6100,56176.0700,1812614.289
WIG-BANKI,20201217,4826.2100,4846.6100,4582.3900,4683.2000,320043.488
WIG-BUDOW,20201217,3473.4000,3473.4000,3416.4500,3429.2000,8866.510
WIG-CEE,20201217,1234.9400,1234.9400,1230.1000,1230.1000,8950.102
WIG-CHEMIA,20201217,7713.5400,7737.6200,7456.1800,7509.9800,7337.699
WIG-ENERG,20201217,2038.6200,2054.2400,1950.0000,1982.3900,49117.061
WIG-ESG,20201217,9305.2400,9370.0100,9044.3900,9172.0100,1645383.104
WIG-GORNIC,20201217,5806.2100,5840.7500,5641.7700,5737.0100,119159.857
WIG-INFO,20201217,3784.5600,3798.0100,3756.5800,3760.9200,15418.001
WIG-LEKI,20201217,4977.1300,4996.7700,4895.3500,4914.8700,12610.622
WIG-MEDIA,20201217,5561.3700,5564.7400,5487.8600,5516.1000,754.726
WIG-MOTO,20201217,3876.6400,3961.6700,3800.9300,3929.2500,2011.365
WIG-NRCHOM,20201217,2318.2800,2345.6100,2301.1000,2315.6400,2688.611
WIG-ODZIEZ,20201217,4675.7900,4834.3900,4461.3900,4607.9300,146263.669
WIG-PALIWA,20201217,5108.0400,5127.1700,4869.0800,4964.2700,219144.826
WIG-POLAND,20201217,58228.9000,58228.9000,57423.3900,57423.3900,1801001.471
WIG-SPOZYW,20201217,3495.1300,3533.6600,3476.9500,3502.2600,8393.906
WIG-TELKOM,20201217,956.1500,962.5500,935.6200,941.2700,29385.757
WIG-UKRAIN,20201217,438.3500,438.3500,437.1900,437.1900,7763.335
WIG.GAMES,20201217,29031.8100,29597.4100,29025.6600,29317.9300,346190.684
WIG.MS-BAS,20201217,11663.8500,11742.1800,11166.4500,11365.8000,161893.943
WIG.MS-FIN,20201217,7391.0900,7452.9900,7103.3200,7238.5300,520792.692
WIG.MS-PET,20201217,6801.9900,6827.9200,6476.9300,6611.3000,224693.734
WIG20,20201217,1997.9100,2014.4400,1949.9900,1975.7600,1565007.992
WIG20DVP,20201217,10.3700,10.3700,10.3700,10.3700,1565007.992
WIG20LEV,20201217,435.2000,442.3500,414.4500,425.6100,1565007.992
WIG20SHORT,20201217,3571.4900,3658.2600,3541.5700,3611.6000,1565007.992
WIG20TR,20201217,3659.2800,3688.6600,3591.3000,3618.7000,1565007.992
WIG30,20201217,2317.4400,2334.6200,2256.1700,2286.8000,1632710.244
WIG30TR,20201217,4197.3700,4197.3700,4133.2200,4133.2200,1632710.244
WIGDIV,20201217,1074.9100,1076.8600,1054.3900,1061.0400,197853.167
WIGTECH,20201217,14421.9600,14421.9600,14291.5300,14291.5300,0.000
WIGTECHTR,20201217,14719.4900,14833.5000,14632.7800,14668.5400,0.000
