06MAGNA,20201211,1.4700,1.4900,1.4100,1.4600,52190
11BIT,20201211,476.5000,478.5000,462.0000,471.5000,10318
4FUNMEDIA,20201211,4.8000,4.8700,4.6200,4.8100,1002
ABPL,20201211,32.1000,33.0000,32.1000,32.6000,1182
ACAUTOGAZ,20201211,36.5000,36.7000,36.0000,36.0000,2052
ACTION,20201211,5.1000,5.1000,5.0000,5.0200,10296
ADIUVO,20201211,5.0800,5.0800,4.8100,5.0000,5197
AGORA,20201211,6.9600,6.9600,6.4200,6.9000,37284
AGROTON,20201211,4.4900,4.4900,4.2700,4.3500,8269
AIGAMES,20201211,14.5000,14.5000,13.1000,13.5500,29408
AILLERON,20201211,10.5500,10.7000,10.1500,10.6000,27341
AIRWAY,20201211,1.7050,1.7500,1.6200,1.6800,278197
ALIOR,20201211,18.0200,18.3000,17.4400,17.5550,421405
ALLEGRO,20201211,78.6500,79.8000,77.3000,79.8000,1352568
ALTA,20201211,1.3400,1.3700,1.3200,1.3700,5100
ALTUSTFI,20201211,0.8800,0.9200,0.8640,0.8720,55676
ALUMETAL,20201211,43.8000,44.4000,43.0000,44.4000,1866
AMBRA,20201211,18.7500,18.9500,18.6000,18.9500,4194
AMICA,20201211,147.4000,147.4000,141.0000,142.0000,3948
AMREST,20201211,27.6000,27.6000,25.8000,26.2000,150100
APATOR,20201211,22.4000,22.6000,22.2000,22.5000,4556
APLISENS,20201211,11.0000,11.0000,10.8000,10.8000,1767
APSENERGY,20201211,1.6800,1.6800,1.6350,1.6700,14878
ARCHICOM,20201211,20.4000,20.4000,20.1000,20.4000,4957
ARCTIC,20201211,5.4200,5.4200,5.2000,5.2800,77271
ARTERIA,20201211,4.0600,4.0600,4.0600,4.0600,2
ARTIFEX,20201211,8.7600,8.7600,8.3800,8.5000,4562
ASBIS,20201211,6.7200,6.7200,6.4300,6.5600,141518
ASSECOBS,20201211,35.6000,36.0000,35.0000,35.0000,1227
ASSECOPOL,20201211,66.7000,67.0000,65.9000,65.9000,75313
ASSECOSEE,20201211,39.1000,39.1000,38.7000,38.7000,3235
ASTARTA,20201211,24.6000,25.0000,24.0000,24.2000,12110
ATAL,20201211,32.3000,32.5000,31.7000,31.7000,1369
ATENDE,20201211,3.6200,3.6200,3.4000,3.5000,19203
ATLANTIS,20201211,0.7100,0.7100,0.6700,0.7000,3753
ATLASEST,20201211,1.3500,1.3600,1.2900,1.3600,5183
ATMGRUPA,20201211,4.1900,4.1900,3.9500,4.1000,1476
ATREM,20201211,2.1600,2.1600,2.0800,2.1600,6605
AUTOPARTN,20201211,7.5800,7.8000,7.5000,7.6200,12029
BAHOLDING,20201211,0.7980,0.8100,0.7700,0.7830,1857766
BBIDEV,20201211,3.8300,3.8600,3.7800,3.7800,4380
BEDZIN,20201211,9.8000,9.9500,9.8000,9.9500,3020
BENEFIT,20201211,760.0000,775.0000,750.0000,754.0000,355
BEST,20201211,17.2000,17.2000,17.2000,17.2000,150
BETACOM,20201211,10.2500,10.2500,10.2000,10.2000,50
BETAM40TR,20201211,53.6600,53.7100,52.3600,52.8300,16002
BETAW20LV,20201211,40.0000,40.0000,37.6000,38.7000,11570
BETAW20ST,20201211,369.1000,378.7000,367.8000,375.0000,5058
BETAW20TR,20201211,33.9600,33.9600,32.7850,33.6500,21434
BIK,20201211,13.9500,14.2000,13.7000,14.2000,1339
BIOMEDLUB,20201211,10.1500,11.1500,9.5000,10.7500,2775302
BIOTON,20201211,4.4700,4.4900,4.3850,4.3850,68964
BNPPGOLD1222,20201211,1002.0000,1002.0000,1002.0000,1002.0000,55
BNPPPL,20201211,57.2000,57.2000,55.2000,55.2000,2807
BNPPSOLE1221,20201211,1021.5000,1021.5000,1021.5000,1021.5000,109
BNPPSXPP0221,20201211,1029.0000,1029.0000,1020.5000,1021.0000,1242
BNPPSXPP0421,20201211,1053.5000,1053.5000,1041.0000,1047.5000,887
BOGDANKA,20201211,19.0000,19.1000,18.6000,19.0000,21919
BOOMBIT,20201211,17.0800,17.1600,16.5600,16.8000,12876
BORYSZEW,20201211,3.2100,3.2100,3.0700,3.0800,107467
BOS,20201211,6.0600,6.1200,6.0000,6.1000,14497
BOWIM,20201211,2.6600,2.6600,2.5400,2.6200,3734
BRASTER,20201211,0.4625,0.4625,0.4200,0.4400,215275
BUDIMEX,20201211,278.5000,281.0000,276.0000,278.5000,14708
BUMECH,20201211,1.9400,1.9400,1.8800,1.9200,5985
CCC,20201211,74.9000,76.9000,70.4600,72.0000,609742
CDPROJEKT,20201211,358.8000,358.8000,308.3000,320.5000,3966471
CDRL,20201211,16.8000,16.8000,16.2000,16.2000,1149
CEZ,20201211,79.3000,79.5000,78.5000,78.7000,3352
CFI,20201211,0.2380,0.2430,0.2320,0.2420,125914
CIECH,20201211,30.5000,31.0000,30.2000,30.9500,70286
CIGAMES,20201211,1.3200,1.3200,1.2700,1.2900,954188
CITYSERV,20201211,7.4500,7.7390,7.4000,7.7390,762
CLNPHARMA,20201211,41.9000,41.9000,41.1000,41.2500,15551
CNT,20201211,12.8000,13.2000,12.6000,13.0000,9280
COALENERG,20201211,0.6850,0.6900,0.6300,0.6800,79077
COGNOR,20201211,1.6200,1.6800,1.5050,1.5500,382776
COMARCH,20201211,195.5000,195.5000,193.0000,195.0000,899
COMP,20201211,54.8000,56.8000,53.4000,54.8000,2920
CORMAY,20201211,1.2700,1.2850,1.2500,1.2600,300918
CPGROUP,20201211,7.0000,7.0000,6.1000,6.7000,11805
CYFRPLSAT,20201211,27.1800,28.0600,27.1200,27.9200,451566
CZTOREBKA,20201211,0.7050,0.7850,0.7050,0.7850,1219
DATAWALK,20201211,200.0000,201.0000,191.0000,192.5000,1896
DEBICA,20201211,78.0000,78.2000,77.2000,77.6000,697
DECORA,20201211,31.0000,31.2000,30.6000,31.0000,1313
DEKPOL,20201211,27.6000,27.6000,27.0000,27.4000,21604
DELKO,20201211,15.6000,16.0000,15.4000,15.7000,3830
DEVELIA,20201211,1.9300,1.9500,1.9020,1.9420,242800
DGA,20201211,4.8200,4.8200,4.8200,4.8200,50
DIGITREE,20201211,6.3000,6.3000,5.7000,6.2000,13127
DINOPL,20201211,257.4000,266.0000,256.0000,257.2000,126882
DOMDEV,20201211,103.5000,106.0000,102.0000,102.5000,5883
DROZAPOL,20201211,1.7000,1.7500,1.6250,1.6250,2500
ECHO,20201211,4.0500,4.0700,3.9800,4.0500,167789
EDINVEST,20201211,4.1000,4.2000,4.1000,4.1400,1278
EFEKT,20201211,5.1000,5.1000,5.0500,5.1000,2080
EKOEXPORT,20201211,3.5950,3.6000,3.3800,3.3900,24954
ELBUDOWA,20201211,0.8390,0.8800,0.8000,0.8640,19417
ELEKTROTI,20201211,6.1000,6.1000,5.8000,5.9000,2974
ELEMENTAL,20201211,2.4150,2.4150,2.4050,2.4050,84154
ELKOP,20201211,0.2500,0.2580,0.2500,0.2580,14626
ELZAB,20201211,5.6500,5.7000,4.7000,5.1000,41994
EMCINSMED,20201211,15.7000,15.7000,15.0000,15.0000,1617
ENAP,20201211,1.3900,1.3900,1.3900,1.3900,2
ENEA,20201211,6.5500,6.7300,6.2550,6.3200,1016325
ENELMED,20201211,22.0000,22.0000,20.2000,21.0000,1973
ENERGA,20201211,7.9000,7.9250,7.8100,7.9200,62144
ENERGOINS,20201211,0.7600,0.7680,0.7200,0.7400,30088
ENTER,20201211,35.2000,36.4000,35.1000,35.6000,11208
ERBUD,20201211,22.8000,22.8000,22.3000,22.3000,2788
ERG,20201211,42.0000,42.0000,40.0000,42.0000,212
ESOTIQ,20201211,14.0000,14.0000,13.6000,14.0000,1527
ETFDAX,20201211,552.3000,555.0000,543.0000,546.9000,717
ETFSP500,20201211,136.7400,136.8400,135.5400,136.5600,4046
ETFW20L,20201211,245.5000,246.3000,239.1000,241.4000,2206
EUCO,20201211,4.1500,4.2300,4.1100,4.1100,4403
EUROCASH,20201211,14.2300,14.4000,13.8500,13.9900,229591
EUROHOLD,20201211,4.2000,4.2000,3.7800,3.7800,88
EUROTEL,20201211,27.2000,27.2000,27.0000,27.2000,1660
FAMUR,20201211,1.9400,1.9400,1.8600,1.9280,641748
FASING,20201211,10.3500,10.5000,10.3500,10.5000,790
FEERUM,20201211,10.5500,10.5500,8.5600,10.2000,5285
FERRO,20201211,23.6000,24.1000,23.0000,24.0000,32769
FERRUM,20201211,3.1600,3.1600,3.1000,3.1600,1609
FON,20201211,0.1080,0.1110,0.1070,0.1100,26627
FORTE,20201211,39.0000,39.5000,38.8000,39.1500,1597
GAMEOPS,20201211,22.8000,23.0000,22.1000,22.8950,25393
GAMFACTOR,20201211,15.2000,15.2000,14.5100,15.0000,2057
GAMFACTOR-PDA,20201211,14.5800,14.7860,14.3300,14.4500,3253
GETIN,20201211,0.9200,0.9200,0.8900,0.9200,253373
GETINOBLE,20201211,0.2535,0.2550,0.2405,0.2490,2559535
GLCOSMED,20201211,4.0800,4.1200,4.0000,4.1200,43803
GPW,20201211,43.3000,43.7500,43.2500,43.3500,61376
GROCLIN,20201211,1.0800,1.0800,1.0500,1.0500,12743
GRODNO,20201211,12.0000,12.1000,11.6500,12.0500,68087
GRUPAAZOTY,20201211,27.6500,28.1500,27.2000,27.5000,102584
GTC,20201211,6.7600,6.8000,6.7000,6.8000,23278
HANDLOWY,20201211,37.8000,38.0000,36.5000,36.5000,21142
HARPER,20201211,12.2000,12.5000,11.8500,12.0000,23398
HELIO,20201211,11.6000,11.6000,10.5000,10.9000,1591
HERKULES,20201211,1.3500,1.3600,1.3000,1.3400,7336
HMINWEST,20201211,11.3000,11.3000,11.3000,11.3000,5
HUBSTYLE,20201211,1.1100,1.1400,1.0400,1.1400,36243
HYDROTOR,20201211,29.0000,29.0000,27.8000,28.0000,389
IALBGR,20201211,0.2520,0.2520,0.2520,0.2520,2262
IDEABANK,20201211,1.6700,1.7160,1.6000,1.6540,104206
IDMSA,20201211,1.0100,1.1300,1.0100,1.1200,21816
IFCAPITAL,20201211,0.7200,0.7450,0.7200,0.7450,3812
IFIRMA,20201211,5.6000,5.6000,5.2400,5.3000,4164
IIAAV,20201211,72.8500,72.8500,71.3500,71.5000,33
IMCOMPANY,20201211,16.4500,16.4500,16.2500,16.3000,8716
IMMOBILE,20201211,2.3800,2.4800,2.3800,2.3900,3419
IMPEL,20201211,12.2500,12.5000,12.1000,12.5000,43271
IMPERA,20201211,1.9100,1.9100,1.7800,1.7900,69013
IMS,20201211,2.6000,2.6200,2.6000,2.6100,2820
INC,20201211,7.1000,7.1000,6.8000,6.9600,45104
INGBSK,20201211,160.4000,160.4000,150.4000,158.0000,27093
INPRO,20201211,4.7000,4.7000,4.4800,4.6200,325
INSTALKRK,20201211,20.1000,20.1000,19.7500,20.0000,596
INTERAOLT,20201211,15.7000,15.8000,15.6000,15.7500,11877
INTERCARS,20201211,237.0000,238.0000,230.0000,230.0000,926
INTERFERI,20201211,4.6800,4.6800,4.5000,4.6800,472
INTERSPPL,20201211,1.2500,1.3000,1.2500,1.2500,19116
INTLALE35055,20201211,21.8500,22.8000,21.8500,22.8000,161
INTLALE35071,20201211,29.3000,29.3000,29.3000,29.3000,100
INTLALE35097,20201211,34.5000,34.5000,34.1000,34.1000,55
INTLALE36046,20201211,18.1000,18.1000,16.5600,17.6000,1453
INTLBCO31179,20201211,104.0000,104.0000,104.0000,104.0000,50
INTLBCO35246,20201211,57.8000,57.8000,57.8000,57.8000,10
INTLBCO35691,20201211,50.4000,50.4000,50.4000,50.4000,10
INTLBCO35725,20201211,43.8000,43.8000,43.8000,43.8000,1
INTLBCO36152,20201211,33.0000,33.3500,32.5000,33.3500,929
INTLBCO36160,20201211,39.2000,39.2000,37.9000,37.9000,2486
INTLBCO36590,20201211,26.0000,26.0000,24.5000,24.5000,78
INTLCCC31005,20201211,4.9500,4.9500,4.6500,4.6500,900
INTLCCC36475,20201211,2.3500,2.3900,2.3500,2.3600,722
INTLCCC36483,20201211,3.2300,3.2300,3.2300,3.2300,350
INTLCDR22277,20201211,22.5500,22.6500,22.5500,22.6500,85
INTLCDR22392,20201211,19.4800,19.4800,19.4800,19.4800,25
INTLCDR22517,20201211,21.4000,21.4000,18.8400,18.8400,20
INTLCDR22848,20201211,15.3600,16.7800,15.3600,16.3000,675
INTLCDR22855,20201211,17.4400,17.4400,17.4400,17.4400,50
INTLCDR23192,20201211,14.6600,14.6600,14.3000,14.3000,125
INTLCDR23200,20201211,14.4000,15.8600,14.4000,15.8600,162
INTLCDR28951,20201211,13.1800,13.1800,12.4000,12.4000,1741
INTLCDR28969,20201211,15.5200,15.5200,12.9400,12.9400,989
INTLCDR29850,20201211,10.3400,10.9600,9.9600,10.4800,12264
INTLCDR30478,20201211,9.9900,9.9900,5.9700,6.9900,43132
INTLCDR30486,20201211,8.6000,9.1700,7.5900,8.1900,27202
INTLCDR30494,20201211,10.5000,10.5000,8.3700,9.4300,10463
INTLCDR30718,20201211,7.5100,7.5100,4.3900,4.4100,103425
INTLCDR30726,20201211,8.2700,8.3800,4.7100,5.7400,152337
INTLCDR35352,20201211,6.1500,6.2500,4.3800,4.3800,29334
INTLDAX31542,20201211,113.0000,113.0000,113.0000,113.0000,28
INTLDAX31872,20201211,97.4000,97.4000,97.4000,97.4000,41
INTLDAX35600,20201211,58.0000,58.0000,53.9000,56.2000,82
INTLDAX35618,20201211,69.2000,69.2000,61.6000,61.6000,36
INTLDAX35923,20201211,29.4500,29.4500,19.2600,24.3500,13642
INTLDAX35931,20201211,33.2000,33.8000,31.9000,33.8000,324
INTLDAX36186,20201211,18.2200,19.2800,11.4000,11.4000,17346
INTLDNP29868,20201211,13.7600,13.7600,13.7600,13.7600,150
INTLDNP32789,20201211,9.5200,9.5200,9.5200,9.5200,80
INTLESX28852,20201211,54.0000,54.0000,54.0000,54.0000,62
INTLEUD30049,20201211,88.8000,88.8000,88.8000,88.8000,10
INTLEUD33860,20201211,27.0500,27.0500,26.6500,26.8500,200
INTLEUR24059,20201211,17.0000,17.0000,16.8600,16.8600,1133
INTLEUR25643,20201211,24.2000,24.2000,24.2000,24.2000,50
INTLEUR25650,20201211,28.1000,28.1000,28.1000,28.1000,35
INTLGBP32250,20201211,16.9600,16.9600,14.6800,15.6000,164
INTLGBP32722,20201211,24.0000,24.0000,24.0000,24.0000,325
INTLGBP34645,20201211,11.2400,11.2400,9.9400,9.9400,4000
INTLGBU34850,20201211,26.5000,26.5000,22.3000,22.3000,90
INTLGLD11726,20201211,246.5000,246.5000,246.5000,246.5000,10
INTLGLD24166,20201211,145.4000,148.8000,145.4000,148.8000,170
INTLGLD33092,20201211,57.0000,62.9000,57.0000,62.9000,130
INTLGLD33100,20201211,47.8000,51.4000,45.0000,51.4000,1131
INTLJSW32136,20201211,15.8800,15.8800,15.3200,15.3200,173
INTLJSW32144,20201211,16.4000,16.4000,16.4000,16.4000,100
INTLJSW35386,20201211,14.0400,14.2200,13.3600,13.3600,2200
INTLJSW35394,20201211,14.9600,14.9600,14.8600,14.8600,107
INTLJSW36020,20201211,12.0000,12.1000,10.9800,11.1600,15657
INTLJSW36038,20201211,12.7800,12.7800,12.7800,12.7800,120
INTLKGH35436,20201211,76.7000,76.7000,71.5000,71.5000,31
INTLKGH35782,20201211,65.5000,65.5000,60.0000,61.4000,511
INTLKGH36376,20201211,41.7000,42.0500,41.7000,42.0500,41
INTLKGH36384,20201211,48.0000,48.0000,48.0000,48.0000,100
INTLLTS34702,20201211,22.8000,22.8000,20.5500,22.6000,9692
INTLLTS35360,20201211,23.1500,23.2500,23.0500,23.0500,1595
INTLLTS35378,20201211,25.0500,25.0500,25.0500,25.0500,800
INTLLTS36509,20201211,20.1500,20.7500,18.3800,20.1000,777
INTLNAG34462,20201211,4.2500,4.2500,4.2500,4.2500,300
INTLNAG36616,20201211,2.6000,2.8800,2.6000,2.8800,2527
INTLNDX32979,20201211,101.0000,101.0000,101.0000,101.0000,3
INTLNDX33167,20201211,90.4000,90.4000,90.4000,90.4000,27
INTLNDX35659,20201211,47.4500,47.4500,44.8000,45.5500,119
INTLNDX36566,20201211,33.8000,33.8000,33.8000,33.8000,147
INTLOPL21626,20201211,2.8500,2.8800,2.8000,2.8600,4100
INTLPAL25031,20201211,313.5000,313.5000,313.5000,313.5000,3
INTLPEO29439,20201211,27.9000,27.9000,27.1500,27.1500,30
INTLPEO35451,20201211,24.0500,24.0500,24.0500,24.0500,110
INTLPEO35824,20201211,20.6500,20.6500,16.8800,18.0600,1519
INTLPEO35832,20201211,23.2000,23.2000,20.9500,21.0500,111
INTLPEO36251,20201211,17.3000,17.3000,12.9800,12.9800,456
INTLPGE31427,20201211,3.3200,3.3200,2.9100,3.0000,9800
INTLPGE35337,20201211,2.5300,2.5300,2.5300,2.5300,180
INTLPGE35741,20201211,2.0800,2.0800,1.6700,1.8900,9581
INTLPGE35758,20201211,2.1700,2.1700,2.1700,2.1700,1439
INTLPGN32094,20201211,2.0100,2.0100,1.9800,1.9800,4262
INTLPGN32615,20201211,1.6900,1.6900,1.6900,1.6900,5000
INTLPGN36004,20201211,1.5000,1.5000,1.5000,1.5000,1500
INTLPKN04101,20201211,30.8000,30.8000,29.7000,29.7000,250
INTLPKN05496,20201211,28.3500,28.3500,27.4500,28.1500,98
INTLPKN35840,20201211,20.3500,20.3500,19.8400,19.8400,88
INTLPKN35857,20201211,23.0500,23.0500,21.5500,21.5500,120
INTLPKN36392,20201211,12.9000,12.9000,11.2800,11.3000,6317
INTLPKN36400,20201211,14.0000,14.8600,13.2200,14.8600,5900
INTLPKO30395,20201211,12.4400,12.4400,11.7400,12.0200,2375
INTLPKO30403,20201211,12.9600,12.9600,12.9600,12.9600,300
INTLPKO35808,20201211,8.6800,8.6800,8.1900,8.1900,189
INTLPKO35816,20201211,10.3600,10.3600,10.3600,10.3600,32
INTLPKO36236,20201211,6.4900,6.4900,6.0100,6.1600,3106
INTLPLA30288,20201211,15.6200,15.6200,15.6200,15.6200,100
INTLPLA30916,20201211,12.3200,12.3200,12.3200,12.3200,300
INTLPLA35709,20201211,6.7200,6.7200,6.5600,6.5600,300
INTLPLA36178,20201211,6.2300,6.2300,5.5800,5.9000,933
INTLPZU15610,20201211,9.9400,9.9400,9.9400,9.9400,60
INTLPZU15800,20201211,11.4400,11.4400,11.1000,11.2600,800
INTLPZU35980,20201211,5.9400,5.9400,5.9400,5.9400,70
INTLPZU35998,20201211,6.9100,7.0100,6.8500,7.0100,850
INTLSLV30197,20201211,41.0000,41.0000,41.0000,41.0000,25
INTLSLV33340,20201211,11.8000,12.1000,10.6400,12.1000,632
INTLSLV33365,20201211,18.1600,18.1600,18.1600,18.1600,150
INTLSLV36582,20201211,9.7000,10.0000,9.6000,9.9900,330
INTLSPX31575,20201211,41.6000,41.6000,41.6000,41.6000,5
INTLSPX33894,20201211,27.3000,27.3000,27.3000,27.3000,91
INTLSPX35972,20201211,14.0000,14.1600,13.2800,13.2800,1550
INTLUSD20602,20201211,11.9800,12.3400,10.8000,11.9600,3443
INTLUSD20610,20201211,16.2600,17.2600,16.0000,17.0200,3790
INTLUSD20842,20201211,28.2500,28.4000,28.0500,28.4000,329
INTLW2028647,20201211,12.6200,12.6200,12.2000,12.2000,500
INTLW2029892,20201211,5.4200,5.4200,5.2600,5.2600,1600
INTLW2030585,20201211,4.9800,4.9800,4.7900,4.7900,14152
INTLW2030593,20201211,5.2100,5.2100,5.2100,5.2100,1000
INTLW2035543,20201211,3.8100,3.8100,3.4700,3.4700,1712
INTLW2035550,20201211,4.0600,4.0600,3.7500,3.7500,3351
INTLW2035907,20201211,3.2300,3.2300,3.0000,3.0700,4453
INTLW2036079,20201211,2.4600,2.4600,1.8700,1.8900,36781
INTLW2036095,20201211,2.5100,2.5100,2.4000,2.4000,719
INTLW2036103,20201211,2.6200,2.6900,2.5900,2.6900,5400
INTLW2036517,20201211,1.2900,1.2900,1.0400,1.2000,37879
INTLW2036525,20201211,1.5500,1.5500,1.4000,1.4000,2661
INTLW2036533,20201211,1.5500,1.5500,1.5500,1.5500,1600
INTLW2036541,20201211,1.9300,1.9300,1.9300,1.9300,150
INTROL,20201211,3.8600,3.9000,3.8200,3.9000,10720
INTSALE35212,20201211,61.3000,63.4000,61.1000,61.3000,553
INTSALE35220,20201211,72.9000,72.9000,72.9000,72.9000,8
INTSALE36285,20201211,49.1000,49.6500,47.9500,47.9500,100
INTSBCO27169,20201211,87.2000,87.2000,87.2000,87.2000,5
INTSBCO28035,20201211,14.8200,15.3400,14.8200,15.3400,2218
INTSBCO28043,20201211,21.1000,21.1000,21.1000,21.1000,430
INTSBCO28068,20201211,36.6500,36.6500,36.6500,36.6500,550
INTSCCC27037,20201211,7.4500,7.4500,7.4500,7.4500,100
INTSCCC27698,20201211,3.2800,3.5400,3.2800,3.4300,4202
INTSCDR34124,20201211,20.7500,24.8000,20.7000,23.7500,60469
INTSCDR34199,20201211,25.0000,28.5000,25.0000,27.6500,24744
INTSDAX25783,20201211,24.4000,34.6500,24.1000,30.2500,17926
INTSDAX25825,20201211,41.0000,47.6000,40.0000,42.4000,2814
INTSDAX26591,20201211,54.5000,59.5000,53.3000,54.9000,280
INTSDAX26609,20201211,67.2000,73.0000,67.2000,68.0000,914
INTSDAX36111,20201211,76.0000,83.2000,76.0000,80.5000,120
INTSDOW27128,20201211,54.1000,63.4000,54.1000,57.0000,155
INTSDOW33282,20201211,76.9000,76.9000,76.9000,76.9000,500
INTSDOW33605,20201211,150.2000,150.2000,150.2000,150.2000,10
INTSDOW33613,20201211,186.6000,186.6000,186.6000,186.6000,20
INTSESX26021,20201211,20.7500,20.7500,20.7500,20.7500,100
INTSEUD02683,20201211,15.5200,15.5200,15.5200,15.5200,70
INTSEUD03764,20201211,26.4500,27.1500,26.4500,27.1500,40
INTSGBP31419,20201211,51.4000,51.5000,51.4000,51.5000,500
INTSGBU20107,20201211,49.0000,49.0000,49.0000,49.0000,10
INTSGBU21030,20201211,68.7000,68.7000,68.7000,68.7000,70
INTSGBU26971,20201211,32.6500,35.0000,32.6500,35.0000,278
INTSGLD34504,20201211,86.3000,86.3000,86.3000,86.3000,5
INTSGLD36301,20201211,48.4000,48.4000,43.0000,43.0000,80
INTSGLD36319,20201211,64.7000,64.7000,64.7000,64.7000,2
INTSLTS34041,20201211,12.1600,13.3600,12.1600,12.6400,146
INTSLTS34058,20201211,19.0000,19.0000,19.0000,19.0000,76
INTSLTS34066,20201211,26.7500,26.9500,26.7500,26.9500,10
INTSNDX33233,20201211,31.3500,34.8000,31.3500,32.8000,16350
INTSNDX33241,20201211,47.3500,47.7000,47.3500,47.7000,35
INTSNDX33647,20201211,111.6000,113.0000,111.6000,113.0000,24
INTSNKX36137,20201211,164.2000,168.6000,164.2000,168.4000,64
INTSPAL27805,20201211,132.4000,132.4000,132.4000,132.4000,2
INTSPAL27813,20201211,172.0000,172.0000,172.0000,172.0000,15
INTSPEO32334,20201211,22.7500,22.7500,22.7500,22.7500,15
INTSPGE34157,20201211,1.8900,1.8900,1.8900,1.8900,20
INTSPKN27649,20201211,17.2000,18.4600,17.2000,17.5600,5461
INTSPKN34173,20201211,6.6800,7.9900,6.4800,6.4800,2050
INTSPKO23630,20201211,18.7200,18.7200,18.7200,18.7200,500
INTSPKO26997,20201211,14.9400,15.2800,14.9400,15.2400,4009
INTSPLA25544,20201211,5.2500,5.6200,5.2500,5.6200,941
INTSPZU34165,20201211,9.0300,9.4100,9.0300,9.4100,71
INTSSLV34553,20201211,15.1400,15.4000,14.5200,14.5200,544
INTSSLV36343,20201211,9.0100,9.0100,8.1400,8.1400,964
INTSSPX34140,20201211,10.9200,11.6200,10.6000,10.9000,2678
INTSSPX34215,20201211,23.4000,23.4000,22.7500,22.9000,1544
INTSSPX34439,20201211,34.9000,36.2500,34.9000,36.2500,556
INTSSPX36574,20201211,42.7000,42.7000,42.7000,42.7000,8
INTSUSD36061,20201211,24.7000,25.3500,24.3500,24.5000,1027
INTSW2019976,20201211,8.6000,8.8300,8.6000,8.8300,500
INTSW2020875,20201211,3.9800,3.9800,3.9800,3.9800,1373
INTSW2026328,20201211,2.9000,2.9000,2.8100,2.8100,356
INTSW2027060,20201211,2.3700,2.4500,2.2800,2.4300,3800
INTSW2027243,20201211,2.0000,2.1300,2.0000,2.1300,1452
INTSW2027391,20201211,1.1900,1.7600,1.1900,1.5300,202728
INTSW2027409,20201211,1.5000,1.9500,1.5000,1.9300,54192
INVFIZ,20201211,948.0100,948.0100,944.0000,944.1000,78
INVISTA,20201211,0.3000,0.3000,0.3000,0.3000,220
INVPEFIZ,20201211,781.1100,841.8900,781.1100,815.1100,38
IPOPEMA,20201211,4.0200,4.0400,3.8200,3.8600,20170
ITMTRADE,20201211,0.1460,0.1460,0.1370,0.1450,2832
IZOBLOK,20201211,37.9000,37.9000,37.3000,37.9000,71
IZOLACJA,20201211,1.8800,1.9300,1.8550,1.9300,11603
IZOSTAL,20201211,2.4100,2.4500,2.4000,2.4400,54475
JSW,20201211,27.7900,28.3200,27.0300,27.8000,1523883
JWCONSTR,20201211,3.0500,3.1400,3.0300,3.1400,2335
JWWINVEST,20201211,2.7000,2.7400,2.7000,2.7400,3807
K2INTERNT,20201211,24.0000,24.8000,24.0000,24.6000,414
KCI,20201211,0.6460,0.6560,0.6400,0.6560,24803
KERNEL,20201211,46.1000,46.3000,45.0000,45.0500,77354
KETY,20201211,446.0000,454.0000,443.0000,449.0000,5333
KGHM,20201211,188.2000,190.9500,178.2000,179.3500,761507
KGL,20201211,17.3000,17.3500,16.5000,16.8000,9470
KINOPOL,20201211,8.2000,8.2000,8.0000,8.1000,18739
KOGENERA,20201211,32.6000,32.7000,32.2000,32.2000,1336
KOMPAP,20201211,10.9000,11.4000,10.9000,11.4000,1060
KOMPUTRON,20201211,2.3000,2.3200,2.2100,2.2700,8269
KPPD,20201211,29.2000,29.2000,29.2000,29.2000,1
KREC,20201211,7.8000,8.7800,7.8000,8.7400,37380
KREDYTIN,20201211,10.5000,10.5000,10.0000,10.5000,507
KRKA,20201211,420.0000,420.0000,402.0000,404.0000,175
KRUK,20201211,137.0000,138.4000,133.1000,137.8000,18747
KRUSZWICA,20201211,65.6000,65.8000,65.6000,65.8000,57551
KRVITAMIN,20201211,19.0000,19.5000,18.5000,19.0000,9708
KSGAGRO,20201211,2.4200,2.4200,2.3000,2.4000,8318
LABOPRINT,20201211,11.5000,11.5500,11.5000,11.5500,7
LARQ,20201211,1.8100,1.8100,1.6500,1.6500,21620
LENA,20201211,3.8500,3.8500,3.7000,3.8500,16664
LENTEX,20201211,10.7000,11.1000,10.7000,11.0500,28521
LIBET,20201211,2.1200,2.1200,2.0700,2.1100,25908
LIVECHAT,20201211,97.3000,99.3000,96.8000,98.5000,14919
LOKUM,20201211,12.4500,12.4500,12.0500,12.4500,20
LOTOS,20201211,45.1000,45.5100,42.6500,44.0000,1480465
LPP,20201211,7010.0000,7180.0000,7010.0000,7180.0000,2912
LSISOFT,20201211,12.5000,12.6500,12.3500,12.3500,4862
LUBAWA,20201211,1.3950,1.4200,1.3700,1.3950,193435
MABION,20201211,22.7000,22.7000,21.7000,22.1500,31594
MAKARONPL,20201211,5.6000,5.7000,5.6000,5.6500,2717
MANGATA,20201211,57.0000,57.0000,57.0000,57.0000,81
MARVIPOL,20201211,5.2800,5.2800,5.1200,5.1400,6952
MASTERPHA,20201211,3.9500,4.1000,3.9200,3.9300,1433
MAXCOM,20201211,12.5000,12.5000,11.9500,12.1000,2703
MBANK,20201211,185.0000,187.0000,176.1000,179.3000,117390
MBWS,20201211,6.1000,6.1000,5.7100,5.7500,1517
MCI,20201211,15.2500,15.5000,15.0000,15.5000,50101
MDIENERGIA,20201211,3.5000,3.5800,3.2900,3.3500,53828
MEDIACAP,20201211,1.8100,1.8100,1.8100,1.8100,3941
MEDICALG,20201211,20.6500,21.1000,20.6000,21.0500,4680
MENNICA,20201211,19.5000,19.6000,19.0000,19.6000,1970
MERCATOR,20201211,425.0000,431.0000,408.0000,425.0000,165270
MERCOR,20201211,10.4500,10.6000,9.6600,10.3500,6551
MEXPOLSKA,20201211,1.4200,1.4200,1.4200,1.4200,350
MFO,20201211,24.6000,24.8000,23.8000,24.8000,69522
MILKILAND,20201211,0.6899,0.6899,0.6400,0.6769,62031
MILLENNIUM,20201211,3.2600,3.3240,3.1000,3.2100,2248290
MIRACULUM,20201211,1.1400,1.1400,1.1200,1.1300,35650
MIRBUD,20201211,3.2400,3.2800,3.1600,3.2800,516873
MLPGROUP,20201211,83.5000,83.5000,81.5000,82.0000,133
MLSYSTEM,20201211,79.2000,80.4000,77.4000,79.8000,16024
MOBRUK,20201211,212.0000,214.0000,204.0000,210.0000,6376
MOJ,20201211,1.1700,1.1700,1.1600,1.1600,2829
MOL,20201211,26.3000,26.8800,26.2200,26.7400,5297
MONNARI,20201211,2.0900,2.0900,2.0200,2.0500,33905
MOSTALPLC,20201211,8.7800,8.7800,8.6400,8.7600,277
MOSTALWAR,20201211,4.4000,4.4400,4.4000,4.4400,2680
MOSTALZAB,20201211,1.0100,1.0200,0.9960,1.0000,58209
MUZA,20201211,3.3800,3.3800,3.2800,3.3800,1073
MWTRADE,20201211,1.7900,1.7900,1.7800,1.7800,1600
NANOGROUP,20201211,5.3000,5.3000,4.7800,4.9000,45049
NANOGROUP-PDA,20201211,4.5600,4.5600,4.4200,4.5000,20052
NETIA,20201211,4.5000,4.5400,4.4900,4.4900,1848
NEUCA,20201211,652.0000,652.0000,626.0000,633.0000,1168
NEWAG,20201211,26.0000,26.0000,25.2000,25.5000,3091
NEXITY,20201211,20.0000,20.4000,19.9000,20.4000,1470
NOVATURAS,20201211,14.4000,14.4000,12.3000,12.4000,1242
NOVAVISGR,20201211,1.6000,1.6700,1.6000,1.6500,3002
NOVITA,20201211,132.0000,132.0000,128.0000,129.5000,1259
NTTSYSTEM,20201211,4.7500,4.9400,4.3000,4.5500,41472
OAT,20201211,46.6000,47.9000,45.6000,46.1000,38184
ODLEWNIE,20201211,4.9000,4.9000,4.8500,4.8800,5012
OEX,20201211,15.6000,15.6000,15.6000,15.6000,130
OPENFIN,20201211,0.9600,0.9600,0.9240,0.9600,12356
OPONEO.PL,20201211,40.0000,40.4000,39.4000,39.9000,16769
OPTEAM,20201211,32.0000,32.0000,30.4000,31.8000,33460
ORANGEPL,20201211,6.4000,6.5200,6.4000,6.4350,1618499
ORCOGROUP,20201211,1.3300,1.3998,1.3300,1.3998,1810
ORZBIALY,20201211,11.3500,11.3500,11.3500,11.3500,100
OTLOG,20201211,4.1800,4.1800,4.0000,4.0000,4406
OTMUCHOW,20201211,1.7000,1.7000,1.6500,1.6800,1502
PAMAPOL,20201211,1.3600,1.3900,1.3300,1.3600,20635
PANOVA,20201211,10.9000,10.9000,10.4500,10.5500,2465
PATENTUS,20201211,1.0000,1.0250,0.9800,1.0250,8661
PBKM,20201211,74.2000,74.2000,72.2000,72.2000,329
PCCEXOL,20201211,3.5400,3.8600,3.4200,3.6000,1506800
PCCROKITA,20201211,54.2000,55.0000,50.2000,52.2000,11563
PEKABEX,20201211,16.5000,16.5500,16.4000,16.5500,4572
PEKAO,20201211,62.9000,64.2000,59.1200,60.8400,1300045
PEMANAGER,20201211,14.9500,14.9500,14.8500,14.9000,3962
PEP,20201211,51.6000,51.6000,50.6000,50.8000,3080
PEPEES,20201211,1.3000,1.3500,1.2600,1.2800,18802
PGE,20201211,6.7740,6.8600,6.3560,6.6180,4540410
PGNIG,20201211,5.4400,5.5900,5.3580,5.5760,7438576
PGO,20201211,1.3050,1.3050,1.3000,1.3050,45681
PGSSOFT,20201211,12.9500,12.9500,12.8500,12.9000,3592
PHARMENA,20201211,9.9000,10.2000,9.6000,10.2000,23147
PHN,20201211,11.0000,11.2500,10.5500,11.0000,2665
PKNORLEN,20201211,62.1000,62.1000,59.7600,61.9400,2139258
PKOASZEWZ,20201211,99.4900,99.4900,99.4900,99.4900,12
PKOBP,20201211,28.8400,29.2000,28.2700,28.8500,2272235
PKOGS,20201211,92.0500,93.6600,92.0500,92.0600,465
PKPCARGO,20201211,13.7200,14.2800,13.7000,13.9600,232362
PLASTBOX,20201211,1.8700,1.8800,1.8500,1.8500,4775
PLAY,20201211,38.5800,38.5800,38.5000,38.5600,22135
PLAYWAY,20201211,598.0000,607.0000,572.0000,579.0000,3983
PLAZACNTR,20201211,1.6500,1.6600,1.6500,1.6600,280
PMPG,20201211,1.8400,1.8400,1.8200,1.8200,4612
POLICE,20201211,12.2000,12.3000,12.2000,12.2000,2184
POLIMEXMS,20201211,2.4350,2.4950,2.3700,2.4000,230758
POLNORD,20201211,3.5000,3.5100,3.5000,3.5100,21808
POLWAX,20201211,3.4200,3.4200,3.3700,3.4200,52653
POZBUD,20201211,2.2400,2.2400,2.1600,2.2300,15397
PRAGMAFA,20201211,24.2000,24.2000,24.2000,24.2000,6102
PRAGMAINK,20201211,6.3000,6.3000,6.0600,6.2600,3823
PRAIRIE,20201211,0.5600,0.5670,0.5440,0.5600,206737
PRIMETECH,20201211,1.1650,1.2900,1.1650,1.2900,636
PROCHEM,20201211,18.7000,18.7000,18.7000,18.7000,2
PROJPRZEM,20201211,17.0000,17.0000,16.0000,16.0000,32
PROTEKTOR,20201211,3.8800,3.8800,3.2000,3.8000,222993
PROVIDENT,20201211,4.5500,4.5500,4.3000,4.3250,79176
PULAWY,20201211,85.2000,86.0000,84.6000,85.8000,266
PUNKPIRAT,20201211,0.7450,0.7500,0.6950,0.7250,39745
PZU,20201211,29.1200,29.2900,28.5200,29.0800,2592481
QUERCUS,20201211,3.4000,3.4400,3.3200,3.4000,13807
R22,20201211,33.9000,34.2000,33.1000,33.9000,8798
RADPOL,20201211,2.3000,2.3000,2.2600,2.2600,4443
RAFAKO,20201211,1.1700,1.2000,1.0720,1.0740,1352185
RAFAMET,20201211,14.1000,15.3000,14.1000,15.3000,125
RAINBOW,20201211,24.1000,24.5000,23.6000,24.3000,26141
RANKPROGR,20201211,1.8000,1.8900,1.7800,1.8900,36319
RAWLPLUG,20201211,8.8000,8.8000,8.5000,8.5000,1014
RCCOCOOPEN,20201211,88.0000,88.0000,88.0000,88.0000,12
RCESX7E0621,20201211,663.5000,663.5000,663.5000,663.5000,80
RCESXPP0823,20201211,1107.5000,1107.5000,1107.5000,1107.5000,250
RCFL10GOLD,20201211,7.1000,7.5900,6.7900,7.5900,7834
RCFL10GOLD1,20201211,3.3300,3.3400,3.3300,3.3400,5000
RCFL2GOLD,20201211,88.7000,89.9000,88.7000,89.9000,51
RCFL2NAG2,20201211,3.7900,3.7900,3.7900,3.7900,2000
RCFL2PALL1,20201211,36.9000,36.9000,36.7000,36.7000,900
RCFL2PALL2,20201211,10.2000,10.2000,10.2000,10.2000,99
RCFL2PEO,20201211,12.6600,12.6600,12.6600,12.6600,100
RCFL2PKN1,20201211,7.6500,7.6500,7.6500,7.6500,1500
RCFL311B,20201211,4.0200,4.0200,3.9000,3.9200,4600
RCFL3ALR1,20201211,10.0000,10.0000,8.8200,8.8200,1181
RCFL3BAS,20201211,21.6000,21.8000,21.6000,21.8000,180
RCFL3BMW,20201211,18.5000,18.5000,18.5000,18.5000,25
RCFL3BOSS,20201211,0.2100,0.2100,0.2100,0.2100,4000
RCFL3CCC1,20201211,18.4600,19.4400,18.4600,19.2400,300
RCFL3CDPRO1,20201211,47.6500,47.6500,35.0000,37.4000,4269
RCFL3CDPRO2,20201211,4.4600,4.4900,3.2200,3.9500,39360
RCFL3EUH,20201211,0.7700,0.7700,0.7600,0.7600,6710
RCFL3GAMES,20201211,51.2000,51.2000,51.2000,51.2000,50
RCFL3GOLD,20201211,59.5000,59.5000,59.5000,59.5000,1
RCFL3JSW,20201211,0.6900,0.7400,0.6500,0.7100,520725
RCFL3JSW1,20201211,24.0500,24.6000,24.0500,24.4000,461
RCFL3KGH,20201211,10.6400,10.6600,10.3800,10.6600,886
RCFL3LTS1,20201211,0.3600,0.3600,0.3100,0.3400,90975
RCFL3MBK,20201211,1.5000,1.5000,1.3000,1.3000,130500
RCFL3MSBAS,20201211,15.1200,15.1200,13.8400,13.8400,50
RCFL3MSFIN,20201211,2.0300,2.0300,1.9500,1.9500,1900
RCFL3NAG2,20201211,1.7500,1.9200,1.7500,1.8900,10499
RCFL3OIL2,20201211,1.9200,1.9500,1.8300,1.9500,57797
RCFL3OIL3,20201211,0.1700,0.1700,0.1700,0.1700,2500
RCFL3OPL,20201211,5.0000,5.0000,5.0000,5.0000,200
RCFL3PALL3,20201211,1.0800,1.0800,1.0800,1.0800,200
RCFL3PEO,20201211,1.3200,1.3200,1.0700,1.1400,180071
RCFL3PEO1,20201211,15.1000,15.1000,12.6400,13.7600,1231
RCFL3PGE,20201211,0.1600,0.1600,0.1600,0.1600,5000
RCFL3PGE1,20201211,12.4400,12.4400,12.4400,12.4400,500
RCFL3PGN1,20201211,1.7800,1.7800,1.7800,1.7800,6200
RCFL3PKN,20201211,15.2400,15.2400,15.2400,15.2400,500
RCFL3PZU,20201211,12.0000,12.5000,12.0000,12.5000,601
RCFL3SILVE,20201211,5.4000,5.4000,5.4000,5.4000,100
RCFL3TEN,20201211,5.4800,5.6600,5.2000,5.2100,5300
RCFL3TPE,20201211,7.9600,7.9600,7.1300,7.4000,1339
RCFL3W20,20201211,29.8000,29.8000,29.1500,29.5000,9673
RCFL3WHT2,20201211,8.5300,8.5300,8.5300,8.5300,40
RCFL4ALE,20201211,13.1000,13.7000,13.1000,13.7000,971
RCFL4CDPRO,20201211,19.1400,19.3400,9.2900,11.8200,160079
RCFL4CDPRO1,20201211,3.2600,3.3000,1.5300,2.0000,244320
RCFL4GAMES,20201211,49.1000,49.1000,39.0500,41.0000,4414
RCFL4KGH,20201211,14.1400,14.1400,13.0400,13.1800,1595
RCFL4PEO1,20201211,8.1000,8.2000,6.5400,6.5400,1200
RCFL4PGE,20201211,7.5400,7.5400,7.5400,7.5400,35
RCFL4PGN,20201211,0.5600,0.5600,0.5600,0.5600,40000
RCFL4PKN1,20201211,3.6700,3.6700,3.1900,3.6400,7906
RCFL4PKO,20201211,0.5600,0.5600,0.5500,0.5500,10300
RCFL4PKO1,20201211,13.5000,13.6000,12.6000,12.6000,735
RCFL4PZU,20201211,0.5900,0.5900,0.5900,0.5900,300
RCFL4PZU1,20201211,8.8500,8.8500,8.7000,8.7500,19150
RCFL4SILVE1,20201211,5.0700,5.0800,5.0700,5.0800,75
RCFL4SILVE2,20201211,7.0900,7.5100,7.0900,7.5100,490
RCFL5ALE,20201211,13.4000,13.4000,13.4000,13.4000,100
RCFL5COFF4,20201211,6.6800,6.9600,6.6800,6.9600,40
RCFL5FW202,20201211,0.8900,0.8900,0.8900,0.8900,22058
RCFL5GOLD,20201211,19.0600,19.8000,19.0600,19.8000,23
RCFL5MWIG40,20201211,2.1700,2.1700,2.0200,2.1100,4145
RCFL5PALL2,20201211,0.3200,0.3200,0.3200,0.3200,10000
RCFL5SILVE,20201211,1.0700,1.0700,1.0700,1.0700,500
RCFL5SOY,20201211,13.8800,13.8800,13.8800,13.8800,2
RCFL5SUGA2,20201211,22.2000,22.8500,20.9500,21.8000,600
RCFL5W20,20201211,16.2600,16.2600,16.2600,16.2600,1500
RCFL6COFF1,20201211,0.8500,0.8500,0.8500,0.8500,2000
RCFL6GOLD1,20201211,9.1600,9.1600,9.1600,9.1600,50
RCFL6NAG2,20201211,0.0700,0.0700,0.0700,0.0700,1000
RCFL6SILVE,20201211,1.2000,1.2000,1.2000,1.2000,500
RCFL6SILVE2,20201211,7.1500,7.1500,7.1500,7.1500,55
RCFL6SUGA,20201211,1.7600,1.8400,1.7200,1.8400,3081
RCFL6W20,20201211,15.9200,16.4200,15.9200,16.1200,530
RCFL6W201,20201211,0.5500,0.5500,0.5000,0.5000,3999
RCFL8COCO,20201211,0.9300,1.0000,0.9200,1.0000,2673
RCFL8COFF1,20201211,0.4800,0.4800,0.4100,0.4100,54000
RCFL8OIL2,20201211,15.3800,15.3800,15.3800,15.3800,120
RCFS10GOLD2,20201211,12.4000,12.4200,11.8400,11.8400,2400
RCFS10OIL2,20201211,0.2000,0.2000,0.2000,0.2000,3000
RCFS10SILVE2,20201211,2.8600,2.8600,2.8600,2.8600,300
RCFS2KGH,20201211,1.7000,1.8700,1.7000,1.8300,32151
RCFS3ALR1,20201211,2.5500,2.6400,2.5500,2.6400,3960
RCFS3BAS,20201211,2.0500,2.0500,2.0500,2.0500,200
RCFS3BOSS,20201211,8.5000,8.5000,8.5000,8.5000,100
RCFS3CDPRO,20201211,3.9700,4.1900,3.9700,4.0000,11750
RCFS3COFF,20201211,7.8100,7.8100,7.8100,7.8100,700
RCFS3COFF2,20201211,9.3400,9.3500,9.2400,9.3000,1000
RCFS3COPP,20201211,1.1600,1.1700,1.1100,1.1700,5009
RCFS3FDX,20201211,4.3900,4.4600,4.3900,4.4400,4750
RCFS3GAMES,20201211,1.3300,1.4700,1.3300,1.4700,19510
RCFS3KGH,20201211,0.0600,0.0600,0.0600,0.0600,1000
RCFS3KGH1,20201211,2.5500,3.0000,2.5500,2.8900,89430
RCFS3PEO,20201211,7.8000,7.8000,7.8000,7.8000,229
RCFS3PGE,20201211,0.7300,0.7900,0.6800,0.7300,15800
RCFS3PKN,20201211,0.0900,0.0900,0.0900,0.0900,80000
RCFS3PKN1,20201211,7.8800,7.8800,7.8800,7.8800,750
RCFS3TPE,20201211,0.4600,0.4600,0.4600,0.4600,80000
RCFS3W20,20201211,20.6500,21.0000,20.6500,20.9500,147
RCFS4CDPRO1,20201211,1.6700,2.3400,1.6600,2.1600,361669
RCFS4COFF3,20201211,8.3600,8.3900,8.3600,8.3900,6000
RCFS4ESX,20201211,0.2700,0.2800,0.2700,0.2800,13000
RCFS4KGH,20201211,0.0300,0.0300,0.0300,0.0300,700
RCFS4KGH1,20201211,1.4000,1.7600,1.4000,1.7300,161469
RCFS4NAG1,20201211,3.9600,3.9600,3.9600,3.9600,5
RCFS4PEO,20201211,5.3900,6.0500,5.3900,6.0500,870
RCFS4PGE,20201211,0.5400,0.5900,0.5300,0.5900,5500
RCFS4PKN,20201211,3.6500,3.6500,3.6500,3.6500,3000
RCFS4SILVE1,20201211,0.4500,0.4500,0.4500,0.4500,44100
RCFS5FW20,20201211,1.9400,2.1100,1.9400,2.1100,5160
RCFS5OIL4,20201211,2.4800,2.4800,2.4800,2.4800,10
RCFS5PLAT2,20201211,0.6000,0.6000,0.6000,0.6000,100
RCFS5SILVE1,20201211,0.1300,0.1300,0.1300,0.1300,5000
RCFS5SOY,20201211,1.7700,1.7700,1.7700,1.7700,10
RCFS5SUGA,20201211,1.8000,1.8500,1.8000,1.8300,3000
RCFS6COPP1,20201211,0.9600,1.0500,0.9600,1.0500,29007
RCFS6CORN,20201211,1.7800,1.7800,1.7800,1.7800,400
RCFS6NAG2,20201211,8.7600,8.7600,8.7600,8.7600,38
RCFS6W201,20201211,1.2300,1.4500,1.2300,1.3900,234900
RCFS7NAG1,20201211,3.7400,3.7400,3.1400,3.1800,6876
RCFS7SILVE1,20201211,6.9400,6.9400,6.9400,6.9400,5
RCFS8OIL2,20201211,0.3900,0.3900,0.3900,0.3900,1150
RCFS8SILVE2,20201211,5.5900,5.5900,5.5900,5.5900,2800
RCGLDAOPEN,20201211,700.5000,700.5000,690.0000,691.0000,48
RCGSXHC0122,20201211,1154.0000,1154.0000,1154.0000,1154.0000,120
RCGTECBSK0221,20201211,1061.5000,1061.5000,1061.5000,1061.5000,30
RCLGAMESAOPEN,20201211,301.0000,301.0000,301.0000,301.0000,5
RCLNAGOPEN,20201211,1.3200,1.3400,1.3200,1.3400,4000
RCLOILAOPEN,20201211,15.7400,15.8200,15.7400,15.8200,3487
RCRBSPX1122,20201211,578.0000,581.5000,578.0000,581.5000,400
RCSDAXOPEN,20201211,83.0000,83.0000,83.0000,83.0000,121
RCSILAOPEN,20201211,92.2000,92.8000,92.2000,92.8000,206
RCSP5AOPEN,20201211,134.0000,134.0000,134.0000,134.0000,10
RCTL11B,20201211,14.3400,14.3400,14.3400,14.3400,139
RCTLALR2,20201211,0.8400,0.8400,0.8400,0.8400,1262
RCTLCDPRO,20201211,6.3700,6.3700,6.3700,6.3700,1515
RCTLCDPRO1,20201211,6.0400,6.0400,5.8300,5.8300,3806
RCTSCDPRO4,20201211,28.0500,28.7500,27.9000,28.7500,916
RCTSLTS4,20201211,1.3000,1.4200,1.3000,1.4000,24000
RCWHTAOPEN,20201211,4.9000,4.9000,4.9000,4.9000,5000
REDAN,20201211,0.1930,0.1930,0.1900,0.1900,7208
REINO,20201211,1.4200,1.4200,1.3400,1.3400,621
RELPOL,20201211,5.3600,5.4000,5.3000,5.3400,8331
REMAK,20201211,10.1000,10.1000,10.0000,10.0000,3102
RONSON,20201211,1.3900,1.4000,1.3400,1.4000,15635
ROPCZYCE,20201211,23.3000,23.3000,23.0000,23.0000,3122
RYVU,20201211,49.5000,50.0000,47.8000,48.0000,6206
SANOK,20201211,19.6000,19.6000,19.0500,19.3000,9913
SANPL,20201211,187.0000,189.6000,182.6000,188.1000,58273
SANTANDER,20201211,12.0000,12.0000,11.2400,11.5000,13257
SANWIL,20201211,2.9000,2.9000,2.7200,2.9000,181038
SEKO,20201211,9.0000,9.0000,9.0000,9.0000,2144
SELENAFM,20201211,16.9500,16.9500,16.7000,16.7000,529
SELVITA,20201211,46.8000,46.8000,44.0000,46.8000,19585
SERINUS,20201211,0.2180,0.2180,0.2100,0.2140,1177576
SESCOM,20201211,28.0000,28.0000,28.0000,28.0000,18
SFINKS,20201211,0.3500,0.3500,0.3220,0.3490,25626
SILVAIR-REGS,20201211,7.6000,7.6000,7.6000,7.6000,13722
SILVANO,20201211,6.9000,6.9000,6.5000,6.7000,373
SIMPLE,20201211,12.9000,12.9000,12.6000,12.7000,12242
SKARBIEC,20201211,25.2000,25.4000,24.4000,25.0000,8958
SKOTAN,20201211,1.7800,1.7800,1.6700,1.7100,53232
SKYLINE,20201211,0.6500,0.6500,0.6500,0.6500,200
SNIEZKA,20201211,88.2000,88.6000,86.0000,88.4000,144
SOLAR,20201211,3.9900,3.9900,3.7300,3.8900,4357
SONEL,20201211,9.3000,9.4500,9.2000,9.2000,2796
SOPHARMA,20201211,9.3500,9.6500,9.3500,9.3500,600
STALEXP,20201211,3.2100,3.2100,3.1500,3.2100,35702
STALPROD,20201211,233.0000,236.0000,230.0000,235.5000,2537
STALPROFI,20201211,6.7800,6.9800,6.7600,6.9800,93117
STAPORKOW,20201211,2.5000,2.5000,2.5000,2.5000,843
STARHEDGE,20201211,0.4140,0.4300,0.4140,0.4170,5946
SUNEX,20201211,4.5300,4.5400,4.4200,4.4700,32434
SUWARY,20201211,16.6000,16.6000,16.4000,16.4000,21
SWISSMED,20201211,7.4200,8.4000,6.9600,7.8800,126084
SYGNITY,20201211,8.2800,8.4200,7.9800,8.4200,26338
SYNEKTIK,20201211,28.1000,28.1000,26.0000,27.0000,37887
TALEX,20201211,11.6000,11.6000,11.6000,11.6000,10
TAURONPE,20201211,2.5000,2.5660,2.4060,2.4800,5792421
TBULL,20201211,32.0000,32.9000,30.0000,31.2000,7337
TERMOREX,20201211,0.9200,0.9200,0.9200,0.9200,60
TESGAS,20201211,4.4600,4.5800,4.4600,4.4800,19895
TIM,20201211,18.5500,18.6000,18.0000,18.4000,15076
TORPOL,20201211,11.9000,12.3000,11.8500,12.1000,15047
TOYA,20201211,5.8400,5.9600,5.7000,5.9200,37603
TRAKCJA,20201211,1.9100,1.9360,1.8800,1.8900,161769
TRANSPOL,20201211,2.8100,2.8100,2.7200,2.7800,37254
TRITON,20201211,2.1500,2.1500,2.1500,2.1500,12
TSGAMES,20201211,535.0000,537.0000,510.0000,514.0000,21803
ULMA,20201211,44.4000,46.2000,44.2000,46.2000,354
ULTGAMES,20201211,32.1500,32.6000,31.2500,32.4500,13127
UNIBEP,20201211,7.7600,7.8200,7.7000,7.8000,6033
UNICREDIT,20201211,34.6600,35.1700,34.6600,35.1600,110
UNIMA,20201211,3.0000,3.0200,3.0000,3.0200,20
UNIMOT,20201211,34.0000,34.7500,33.3000,34.4000,17780
URSUS,20201211,0.7500,0.7500,0.7200,0.7290,126950
VENTUREIN,20201211,2.0400,2.1800,2.0400,2.1000,7368
VIGOSYS,20201211,570.0000,585.0000,570.0000,585.0000,5724
VINDEXUS,20201211,4.5000,4.6000,4.4000,4.4600,30612
VISTAL,20201211,2.8650,2.9800,2.7500,2.8600,23352
VIVID,20201211,1.7280,1.7280,1.6620,1.7000,56794
VOTUM,20201211,11.3000,11.7500,11.3000,11.6000,18980
VOXEL,20201211,42.1000,42.9000,42.0000,42.9000,4228
VRG,20201211,2.6000,2.7200,2.6000,2.7100,227606
WARIMPEX,20201211,4.9500,4.9900,4.9500,4.9900,105
WASKO,20201211,1.2700,1.2800,1.2000,1.2800,63764
WAWEL,20201211,576.0000,576.0000,570.0000,576.0000,139
WIELTON,20201211,6.1200,6.1800,5.8500,5.8500,172855
WIKANA,20201211,2.3000,2.3600,2.2000,2.3400,8818
WIRTUALNA,20201211,81.0000,83.0000,80.2000,80.8000,6934
WITTCHEN,20201211,8.8400,8.8400,8.7000,8.8400,7122
WOJAS,20201211,4.8000,4.9200,4.7800,4.9000,5037
WORKSERV,20201211,1.4600,1.5000,1.4080,1.4480,388628
XTB,20201211,17.1000,17.1500,16.3500,16.5500,552269
XTPL,20201211,76.4000,76.4000,73.0000,75.0000,5308
ZAMET,20201211,0.7700,0.7850,0.7550,0.7850,11601
ZASTAL,20201211,30.2000,30.2000,28.4000,30.0000,1820
ZEPAK,20201211,9.4800,9.6400,9.4200,9.5400,5500
ZPUE,20201211,144.0000,144.0000,140.0000,144.0000,518
ZREMB,20201211,0.6800,0.7000,0.6600,0.6950,3850
ZUE,20201211,3.5800,3.5800,3.4000,3.5800,10828
ZYWIEC,20201211,496.0000,496.0000,484.0000,484.0000,294
INVESTORMS,20201211,4144.8700,4154.8200,4144.8700,4154.8200,331546.548
MWIG40,20201211,3818.4200,3829.9000,3750.9800,3772.1300,206087.616
MWIG40DVP,20201211,63.1100,63.1100,63.1100,63.1100,206087.616
MWIG40TR,20201211,5057.3000,5068.1900,4968.9400,4995.9800,206087.616
SWIG80,20201211,15461.7300,15499.8300,15337.1900,15425.4400,32898.285
SWIG80DVP,20201211,311.2700,311.2700,311.2700,311.2700,32898.285
SWIG80TR,20201211,20028.6500,20078.0000,19867.3200,19981.6300,32898.285
WIG,20201211,56227.7900,56476.1700,54968.8900,55501.0300,2476935.925
WIG-BANKI,20201211,4783.6600,4835.9700,4647.5700,4737.4100,197321.529
WIG-BUDOW,20201211,3353.8300,3375.6600,3342.5500,3357.1500,11323.538
WIG-CEE,20201211,1211.0500,1211.0500,1202.5600,1203.2700,4916.105
WIG-CHEMIA,20201211,7595.4500,7668.4800,7495.1900,7596.4600,5787.173
WIG-ENERG,20201211,2005.9600,2038.2500,1926.6000,1975.7400,52600.661
WIG-ESG,20201211,9246.9300,9279.8300,9010.7900,9107.9700,2317985.042
WIG-GORNIC,20201211,5795.3600,5873.3400,5512.1200,5540.3300,181738.963
WIG-INFO,20201211,3728.7900,3740.3900,3703.3400,3707.8500,9821.737
WIG-LEKI,20201211,4959.1000,5022.1400,4844.9700,4997.1200,30535.047
WIG-MEDIA,20201211,5451.7000,5468.7800,5375.5900,5431.1600,1049.295
WIG-MOTO,20201211,3977.4500,3994.1400,3888.7400,3897.1000,2115.461
WIG-NRCHOM,20201211,2289.1800,2291.0400,2261.3100,2285.8000,2364.326
WIG-ODZIEZ,20201211,4413.4100,4480.7900,4369.4200,4449.8900,67710.697
WIG-PALIWA,20201211,5180.2400,5194.4600,5019.8100,5194.4600,237005.912
WIG-POLAND,20201211,56795.1700,56795.1700,56246.7500,56750.4600,2470271.787
WIG-SPOZYW,20201211,3457.6500,3469.9900,3401.3400,3406.5600,8236.210
WIG-TELKOM,20201211,900.1200,919.3200,900.0900,916.9500,22942.818
WIG-UKRAIN,20201211,431.3300,431.3300,427.8700,428.0900,4054.962
WIG.GAMES,20201211,30929.0100,30998.3000,29001.8500,29260.8000,1307717.257
WIG.MS-BAS,20201211,11569.3200,11738.5300,11025.1700,11211.0500,231766.375
WIG.MS-FIN,20201211,7232.1100,7298.1500,7042.3400,7186.1700,237400.948
WIG.MS-PET,20201211,6868.1700,6893.0700,6667.8300,6893.0700,240900.737
WIG20,20201211,1985.5100,1992.0900,1927.5300,1950.8500,2219254.676
WIG20DVP,20201211,10.3700,10.3700,10.3700,10.3700,2219254.676
WIG20LEV,20201211,430.1000,432.9500,405.0000,415.1000,2219254.676
WIG20SHORT,20201211,3596.0500,3701.2200,3584.1100,3658.9200,2219254.676
WIG20TR,20201211,3632.3500,3646.0900,3531.5600,3573.0800,2219254.676
WIG30,20201211,2289.6400,2299.5100,2230.3500,2256.5900,2276746.120
WIG30TR,20201211,4084.0900,4084.0900,4034.7900,4078.6200,2276746.120
WIGDIV,20201211,1058.1900,1059.6000,1049.7700,1056.8800,199926.141
WIGTECH,20201211,14165.8900,14165.8900,14112.0900,14112.0900,0.000
WIGTECHTR,20201211,14697.4100,14710.9000,14425.7900,14484.3700,0.000
