06MAGNA,20201106,1.3300,1.3800,1.2900,1.3300,43465
11BIT,20201106,490.0000,500.0000,490.0000,499.5000,2428
4FUNMEDIA,20201106,4.7100,5.1000,4.7100,5.1000,850
ABPL,20201106,29.8000,30.0000,28.4000,29.3000,3277
ACAUTOGAZ,20201106,38.0000,39.5000,37.5000,38.1000,486
ACTION,20201106,4.1200,4.2100,3.8700,3.9000,108309
ADIUVO,20201106,5.7000,5.7000,5.5400,5.6600,3885
AGORA,20201106,4.8400,4.8400,4.7000,4.7500,3814
AGROTON,20201106,4.0400,4.0400,3.9200,4.0000,10562
AIGAMES,20201106,17.3000,17.3500,16.6000,17.2000,15106
AILLERON,20201106,7.2400,7.3000,6.9400,7.2800,6112
AIRWAY,20201106,2.3500,2.4200,2.2300,2.3600,650327
ALIOR,20201106,14.4000,14.8400,13.7600,14.2500,809767
ALLEGRO,20201106,88.0000,93.0000,87.8700,92.1300,2860026
ALTA,20201106,1.1500,1.1600,1.0600,1.1200,14731
ALTUSTFI,20201106,0.7340,0.7660,0.7340,0.7540,9928
ALUMETAL,20201106,37.0000,37.8000,36.5000,37.0000,491
AMBRA,20201106,17.0000,17.3000,16.8500,16.8500,1266
AMICA,20201106,153.0000,155.0000,146.8000,148.8000,2785
AMREST,20201106,16.5000,16.7800,15.5000,16.2400,114700
APATOR,20201106,20.5000,21.5000,20.5000,21.0000,1327
APLISENS,20201106,10.8000,10.8000,10.8000,10.8000,2
APSENERGY,20201106,1.7050,1.7050,1.6650,1.6700,608
ARCHICOM,20201106,18.9500,19.0500,18.9500,19.0000,3383
ARCTIC,20201106,3.7600,3.8700,3.6400,3.7000,74219
ARTERIA,20201106,3.7800,3.9200,3.7800,3.9200,30
ARTIFEX,20201106,9.0600,9.4600,8.8000,9.1200,7333
ASBIS,20201106,7.2000,7.3300,7.0000,7.0500,323051
ASSECOBS,20201106,32.8000,32.8000,32.4000,32.8000,493
ASSECOPOL,20201106,66.2000,66.6000,65.9000,66.5000,28131
ASSECOSEE,20201106,41.6000,41.6000,40.5000,41.5000,974
ASTARTA,20201106,21.8000,23.3000,20.9000,23.3000,28260
ATAL,20201106,30.5000,31.1000,30.0000,31.1000,1981
ATENDE,20201106,2.9800,2.9800,2.8200,2.9400,36715
ATLANTIS,20201106,0.6500,0.6800,0.6500,0.6800,3338
ATMGRUPA,20201106,3.8800,3.8800,3.6200,3.6200,2854
ATREM,20201106,2.1800,2.2100,2.0400,2.0600,11672
AUTOCALLSX7E,20201106,578.5000,581.5000,578.5000,580.0000,600
AUTOPARTN,20201106,6.8400,7.1800,6.8400,6.9600,118355
BAHOLDING,20201106,0.6570,0.6630,0.6160,0.6390,1681334
BBIDEV,20201106,3.3400,3.3400,3.3400,3.3400,1
BEDZIN,20201106,8.7500,8.7500,8.3500,8.7500,1257
BENEFIT,20201106,640.0000,649.0000,600.0000,644.0000,523
BEST,20201106,15.4000,15.4000,15.4000,15.4000,71
BETACOM,20201106,10.5500,10.5500,10.5500,10.5500,25
BETAM40TR,20201106,48.8400,49.3800,48.3000,49.2300,2936
BETAW20LV,20201106,28.9000,29.7000,28.1200,29.7000,25384
BETAW20ST,20201106,438.0000,444.7000,430.2000,434.3000,2947
BETAW20TR,20201106,28.5050,29.0000,28.3050,28.8000,4477
BIK,20201106,12.0500,12.0500,11.7500,11.7500,753
BIOMEDLUB,20201106,18.3000,18.6500,17.9500,18.2000,679262
BIOTON,20201106,4.3200,4.5000,4.2900,4.3000,76072
BNPPBSK1024,20201106,1015.0000,1016.0000,1015.0000,1015.5000,300
BNPPPL,20201106,37.2000,37.2000,35.6000,36.7000,1377
BNPPSOGO1021,20201106,1054.0000,1054.0000,1054.0000,1054.0000,20
BNPPSOLED1221,20201106,1036.0000,1036.0000,1036.0000,1036.0000,85
BNPPSX7E0321,20201106,606.0000,606.0000,606.0000,606.0000,50
BOGDANKA,20201106,16.7000,16.7000,15.9600,16.0200,9675
BOOMBIT,20201106,20.5000,20.5000,20.0000,20.1000,7427
BORYSZEW,20201106,2.7950,2.8000,2.7700,2.7750,29222
BOS,20201106,5.0000,5.0000,4.8600,4.9700,6351
BRASTER,20201106,0.5270,0.5270,0.5000,0.5270,95096
BUDIMEX,20201106,254.5000,260.0000,249.5000,254.0000,3094
BUMECH,20201106,1.8950,1.8950,1.7900,1.8900,11184
CCC,20201106,44.5000,45.8500,42.5300,45.4000,406829
CDPROJEKT,20201106,373.0000,389.0000,371.5000,383.1000,378072
CDRL,20201106,13.4500,13.5500,13.0000,13.3000,1719
CEZ,20201106,78.9000,79.6000,78.5000,78.5000,7350
CFI,20201106,0.1700,0.1700,0.1630,0.1660,61392
CIECH,20201106,29.2000,29.8000,28.2500,28.2500,122279
CIGAMES,20201106,1.2040,1.2060,1.1620,1.1900,520014
CLNPHARMA,20201106,35.0000,41.0000,34.3000,40.0000,148552
CNT,20201106,12.9000,12.9000,12.9000,12.9000,2
COALENERG,20201106,0.5500,0.5700,0.5400,0.5700,53983
COGNOR,20201106,1.1500,1.1500,1.0600,1.1350,76203
COMARCH,20201106,198.0000,200.0000,197.0000,200.0000,843
COMP,20201106,48.0000,53.4000,48.0000,51.6000,7071
COMPERIA,20201106,2.4000,2.4000,2.4000,2.4000,600
CORMAY,20201106,1.5600,1.6450,1.5200,1.6350,640505
CPGROUP,20201106,6.2200,6.2200,6.1000,6.1000,2480
CYFRPLSAT,20201106,26.7600,26.9600,26.3600,26.9600,850750
DATAWALK,20201106,183.0000,191.0000,182.0000,185.5000,2981
DEBICA,20201106,72.2000,73.0000,71.6000,71.8000,783
DECORA,20201106,29.7000,29.7000,28.6000,28.9000,2096
DEKPOL,20201106,20.8000,20.8000,18.9000,20.6000,26089
DELKO,20201106,15.1000,15.4000,14.4000,14.8000,17446
DEVELIA,20201106,1.7300,1.7920,1.7300,1.7600,122631
DGA,20201106,4.6300,4.6300,4.6300,4.6300,15
DIGITREE,20201106,5.9500,6.0000,5.7000,6.0000,966
DINOPL,20201106,251.0000,275.0000,251.0000,275.0000,834404
DOMDEV,20201106,99.8000,100.0000,97.0000,99.8000,623
DROZAPOL,20201106,1.5700,1.5700,1.5700,1.5700,65
ECHO,20201106,3.8500,3.8600,3.7900,3.8500,25263
EFEKT,20201106,4.9800,4.9800,4.6600,4.6600,300
EKOEXPORT,20201106,3.2750,3.2750,3.0500,3.1500,33688
ELBUDOWA,20201106,0.6200,0.6270,0.5720,0.6000,20906
ELEKTROTI,20201106,5.4800,5.4800,5.1600,5.3600,7179
ELEMENTAL,20201106,2.3950,2.3950,2.3850,2.3950,24128
ELKOP,20201106,0.2440,0.2440,0.2410,0.2410,10311
ELZAB,20201106,4.0000,4.0000,3.7200,3.9000,1699
EMCINSMED,20201106,14.2000,14.3000,13.1000,14.0000,591
ENAP,20201106,1.3800,1.4100,1.3800,1.3800,685
ENEA,20201106,5.2000,5.2300,4.9120,4.9200,382764
ENELMED,20201106,16.6000,16.9000,16.6000,16.9000,260
ENERGA,20201106,8.3150,8.3150,8.3100,8.3150,240831
ENERGOINS,20201106,0.6660,0.6660,0.6000,0.6060,13000
ENTER,20201106,21.4000,22.7000,21.2000,22.0000,9216
ERBUD,20201106,20.0000,20.6000,19.6000,19.8000,7756
ERG,20201106,40.0000,40.0000,38.6000,38.6000,84
ESOTIQ,20201106,9.1000,9.1000,8.6200,9.0000,23
ETFDAX,20201106,534.0000,534.0000,525.6000,529.9000,238
ETFSP500,20201106,137.2200,137.3200,135.7000,136.1600,1252
ETFW20L,20201106,208.0500,209.9000,204.7000,209.9000,1016
EUCO,20201106,4.1000,4.1000,4.0500,4.1000,254
EUROCASH,20201106,13.4800,13.4800,12.8500,13.1500,375685
EUROTEL,20201106,21.9000,22.4000,21.5000,22.4000,3197
FAMUR,20201106,1.5820,1.6000,1.5320,1.5700,119496
FASING,20201106,9.1800,9.4000,9.0000,9.4000,3598
FEERUM,20201106,11.2000,11.2000,10.5000,10.5000,440
FERRO,20201106,17.7000,17.7000,17.1500,17.2500,10393
FERRUM,20201106,3.6000,3.6000,3.5800,3.5800,105
FON,20201106,0.0935,0.0970,0.0900,0.0900,739836
FORTE,20201106,34.5000,34.8000,34.5000,34.7000,390
GAMEOPS,20201106,22.9000,22.9000,22.0000,22.5000,2313
GAMFACTOR,20201106,15.9000,15.9000,14.5000,15.2300,4672
GAMFACTOR-PDA,20201106,14.0000,14.3900,13.5000,14.2980,4609
GETIN,20201106,0.7395,0.7395,0.7000,0.7000,247882
GETINOBLE,20201106,0.1658,0.1658,0.1610,0.1630,144192
GLCOSMED,20201106,5.3500,5.7500,5.3500,5.6000,78991
GPW,20201106,45.7000,45.9500,44.9000,45.4000,73332
GROCLIN,20201106,0.9000,0.9180,0.8700,0.8900,19340
GRODNO,20201106,10.7500,10.8000,9.7400,10.1500,136290
GRUPAAZOTY,20201106,23.1000,23.3000,22.6000,23.1000,48224
GTC,20201106,5.5000,5.6000,5.4600,5.4600,23372
HANDLOWY,20201106,30.8000,31.0500,30.2000,31.0500,15053
HARPER,20201106,16.1500,17.7500,16.1500,17.1500,41584
HELIO,20201106,10.9000,10.9000,9.7500,9.7500,17
HERKULES,20201106,1.2350,1.2650,1.1950,1.2150,7771
HUBSTYLE,20201106,1.0500,1.0800,0.9900,1.0600,23881
HYDROTOR,20201106,27.4000,27.4000,26.8000,26.8000,262
IALBGR,20201106,0.2400,0.2640,0.2400,0.2420,10010
IDEABANK,20201106,1.4480,1.4480,1.3800,1.4380,13061
IDMSA,20201106,0.8100,0.8100,0.8100,0.8100,158
IFCAPITAL,20201106,0.6900,0.7000,0.6900,0.7000,25618
IFIRMA,20201106,4.1000,4.1900,4.0900,4.1300,2400
IMCOMPANY,20201106,12.3000,12.5000,12.0000,12.5000,7349
IMMOBILE,20201106,2.4400,2.4400,2.3000,2.4000,1888
IMPEL,20201106,11.4000,12.0500,11.0000,12.0500,518
IMPERA,20201106,1.0300,1.0900,1.0300,1.0900,263
IMS,20201106,1.9200,1.9700,1.8600,1.8600,17296
INC,20201106,7.8000,7.8000,7.2600,7.6000,38354
INGBSK,20201106,126.8000,129.0000,122.2000,127.4000,15480
INPRO,20201106,4.6000,4.6000,4.6000,4.6000,2
INSTALKRK,20201106,19.3000,19.3500,19.3000,19.3000,178
INTERAOLT,20201106,14.8000,14.9000,14.7000,14.8500,3376
INTERCARS,20201106,208.0000,208.0000,203.0000,208.0000,1149
INTERFERI,20201106,2.9200,3.0800,2.8800,3.0000,3952
INTERSPPL,20201106,0.9820,0.9820,0.8800,0.8800,1600
INTLADS17996,20201106,56.2000,56.2000,56.2000,56.2000,50
INTLALE35055,20201106,32.5500,36.4000,32.3000,36.1000,1700
INTLALE35097,20201106,44.5500,47.9000,44.2000,47.6000,140
INTLALE35170,20201106,23.4000,26.6500,23.4000,26.4000,756
INTLBCO31633,20201106,29.0500,29.0500,25.5000,26.0500,240
INTLBCO31658,20201106,32.9000,33.6000,32.4000,33.6000,261
INTLBCO31666,20201106,36.1500,36.7500,36.1500,36.7500,447
INTLCCC30510,20201106,2.7200,2.7200,2.7200,2.7200,800
INTLCCC30734,20201106,2.0100,2.0100,2.0100,2.0100,85
INTLCDR23192,20201106,20.1000,20.1000,20.1000,20.1000,15
INTLCDR28969,20201106,19.4600,19.4600,19.4600,19.4600,500
INTLCDR30478,20201106,12.9800,13.8000,12.4800,13.3000,4589
INTLCDR30486,20201106,14.3000,15.0000,14.3000,15.0000,69
INTLCDR30726,20201106,11.7800,12.7800,11.4600,12.7800,4603
INTLDAX29959,20201106,159.6000,159.6000,159.6000,159.6000,15
INTLDAX31542,20201106,87.4000,88.8000,85.7000,88.8000,100
INTLDAX31559,20201106,98.2000,98.2000,98.2000,98.2000,15
INTLDAX31872,20201106,73.0000,73.0000,67.4000,67.4000,422
INTLDAX31880,20201106,81.2000,81.5000,77.4000,81.5000,60
INTLDAX32193,20201106,62.0000,63.1000,56.6000,61.5000,7815
INTLDNP32656,20201106,9.8000,10.7200,9.8000,10.7200,300
INTLDNP32789,20201106,10.0800,10.1600,10.0800,10.1600,1924
INTLDNP34710,20201106,8.5600,9.3200,8.5600,9.3200,2800
INTLESX28852,20201106,41.8000,41.8000,41.8000,41.8000,431
INTLEUD32227,20201106,45.2000,45.2000,45.2000,45.2000,12
INTLEUD33860,20201106,19.1800,20.0500,19.1800,20.0000,1060
INTLEUR26823,20201106,50.9000,50.9000,50.9000,50.9000,20
INTLEUR28324,20201106,19.0800,20.2000,18.1800,18.9400,753
INTLEUR34603,20201106,14.2400,15.7600,14.2400,15.7600,300
INTLEUR35196,20201106,10.1600,11.5000,9.7800,10.4400,1000
INTLGLD22525,20201106,261.0000,263.0000,261.0000,263.0000,9
INTLGLD24166,20201106,198.2000,198.2000,198.0000,198.0000,24
INTLGLD30130,20201106,176.2000,178.8000,173.2000,176.0000,83
INTLGLD30866,20201106,154.4000,154.4000,154.4000,154.4000,10
INTLGLD31310,20201106,132.2000,132.2000,132.2000,132.2000,18
INTLGLD33092,20201106,107.4000,110.0000,106.0000,110.0000,87
INTLGLD33100,20201106,95.4000,98.6000,92.5000,94.4000,628
INTLGLD33456,20201106,55.7000,58.8000,52.2000,53.6000,2209
INTLGLD33464,20201106,69.9000,73.2000,67.0000,67.8000,878
INTLGLD33472,20201106,82.3000,82.6000,79.9000,81.2000,87
INTLHSC30643,20201106,28.1000,28.1000,28.1000,28.1000,100
INTLJSW28993,20201106,8.2500,8.2500,8.2500,8.2500,500
INTLJSW32136,20201106,5.5300,5.6000,5.3900,5.6000,1122
INTLJSW32151,20201106,7.0000,7.0000,7.0000,7.0000,133
INTLKGH33936,20201106,35.8500,35.8500,35.8500,35.8500,15
INTLKGH34793,20201106,28.9000,28.9000,27.6000,27.6000,120
INTLLTS34702,20201106,7.9500,7.9500,6.6000,7.0200,3360
INTLNAG33076,20201106,2.0200,2.0200,1.8700,1.8700,125
INTLNAG34462,20201106,6.4600,6.4600,6.4600,6.4600,50
INTLNDX18713,20201106,246.0000,246.0000,246.0000,246.0000,5
INTLNDX32979,20201106,94.4000,94.4000,94.4000,94.4000,100
INTLNDX33167,20201106,78.7000,81.4000,78.7000,81.4000,75
INTLNDX33621,20201106,71.6000,71.6000,71.6000,71.6000,33
INTLNDX34777,20201106,60.0000,60.0000,56.4000,59.7000,233
INTLPAL25031,20201106,351.5000,351.5000,351.5000,351.5000,3
INTLPGE31427,20201106,1.6000,1.6000,1.6000,1.6000,2000
INTLPGE32037,20201106,1.3500,1.3500,1.2900,1.2900,7965
INTLPGN32102,20201106,1.1600,1.1600,1.1600,1.1600,100
INTLPKN04119,20201106,10.8400,10.8400,10.7000,10.7000,1050
INTLPKN05496,20201106,6.8500,6.8500,5.8500,6.0100,894
INTLPKO29405,20201106,5.8100,5.8100,5.4000,5.4000,634
INTLPKO29413,20201106,7.0800,7.7600,7.0800,7.7600,1128
INTLPKO30395,20201106,4.2600,4.3200,3.5500,4.1800,2051
INTLPKO30403,20201106,4.9400,4.9400,4.9400,4.9400,300
INTLPLA31757,20201106,5.9800,5.9800,5.7900,5.7900,800
INTLPLA33084,20201106,5.1100,5.1100,4.8000,4.8000,400
INTLPZU15610,20201106,3.7800,3.7800,3.1200,3.2900,4270
INTLSLV29702,20201106,50.1000,50.1000,50.1000,50.1000,17
INTLSLV30197,20201106,49.0000,49.0000,49.0000,49.0000,6
INTLSLV30890,20201106,44.0000,44.0000,43.8000,43.8000,70
INTLSLV33043,20201106,32.3500,32.3500,32.3500,32.3500,20
INTLSLV33340,20201106,18.4800,19.7000,18.4800,19.7000,671
INTLSLV33357,20201106,21.6000,22.5000,20.7000,21.3000,3814
INTLSLV33365,20201106,25.9000,25.9000,25.3000,25.3500,1467
INTLSLV33381,20201106,30.0500,30.0500,29.7000,29.7000,515
INTLSLV34967,20201106,15.3400,16.8400,14.9400,14.9400,7220
INTLSPX28928,20201106,58.9000,58.9000,58.4000,58.4000,40
INTLSPX31575,20201106,37.8500,37.8500,37.8500,37.8500,4
INTLSPX32284,20201106,33.3000,33.3000,33.3000,33.3000,50
INTLSPX34785,20201106,17.8000,18.5200,17.2000,18.5000,716
INTLSPX34900,20201106,14.0200,14.5000,13.1000,13.8400,7906
INTLTNF34090,20201106,48.3500,48.3500,48.3500,48.3500,4
INTLUSD20602,20201106,28.2500,28.2500,26.7000,27.6500,470
INTLUSD20826,20201106,37.9500,37.9500,37.2000,37.2000,115
INTLUSD20842,20201106,44.6000,45.4500,43.0000,45.4000,215
INTLUSD21170,20201106,23.7000,23.7000,21.5000,21.7500,1580
INTLUSD34256,20201106,17.9200,18.3200,15.9800,16.3800,747
INTLUSD34637,20201106,12.6000,13.8000,10.5000,10.9800,19248
INTLW2029892,20201106,2.6100,2.9700,2.4900,2.8600,32800
INTLW2030585,20201106,2.3700,2.5200,2.1300,2.4700,13244
INTLW2030593,20201106,2.4000,2.7300,2.4000,2.7300,1508
INTROL,20201106,3.2800,3.4800,3.1000,3.4000,25727
INTSALE35212,20201106,52.8000,52.8000,48.4000,48.7500,1296
INTSALE35220,20201106,60.7000,61.1000,60.7000,61.1000,101
INTSBCO28027,20201106,48.3500,49.0000,48.3500,49.0000,120
INTSBCO28035,20201106,54.0000,54.0000,54.0000,54.0000,36
INTSBCO28308,20201106,40.6000,40.6000,40.6000,40.6000,2
INTSBCO34447,20201106,26.0000,29.6500,26.0000,28.4500,4001
INTSBCO34454,20201106,31.9000,34.8000,31.9000,34.8000,237
INTSCCC34207,20201106,4.1700,4.3700,4.0900,4.0900,4327
INTSCDR34124,20201106,18.0000,18.0000,18.0000,18.0000,200
INTSCDR34249,20201106,14.2600,14.2600,13.5000,13.8800,6665
INTSCDR34801,20201106,11.2600,11.2600,9.5800,10.4000,12300
INTSDAX25783,20201106,57.3000,66.7000,57.3000,60.8000,364
INTSDAX25825,20201106,73.4000,75.1000,73.4000,75.1000,50
INTSDAX26591,20201106,90.0000,90.0000,88.4000,88.4000,600
INTSDAX26609,20201106,103.2000,103.4000,96.8000,99.6000,70
INTSDAX34330,20201106,46.4500,53.4000,45.0000,48.3000,7046
INTSDAX35022,20201106,34.7000,42.2500,34.3000,35.0000,32928
INTSDAX35121,20201106,23.0000,30.7000,21.8500,24.5000,26831
INTSDOW24067,20201106,68.6000,76.5000,66.9000,73.1000,2150
INTSEUD02683,20201106,26.7000,26.7000,26.4500,26.4500,300
INTSEUD03764,20201106,38.8000,39.4000,38.8000,39.4000,28
INTSEUD05033,20201106,51.5000,51.5000,51.5000,51.5000,2000
INTSEUD21246,20201106,15.8200,15.8200,14.5000,15.2400,1760
INTSEUR29165,20201106,28.1500,29.4500,28.1500,29.4500,243
INTSEUR29181,20201106,39.0000,39.0000,39.0000,39.0000,100
INTSGLD33316,20201106,72.8000,72.8000,70.2000,70.2000,40
INTSGLD33886,20201106,171.2000,171.2000,171.2000,171.2000,2
INTSGLD34496,20201106,57.0000,59.0000,57.0000,59.0000,50
INTSGLD34504,20201106,48.0500,48.0500,42.9500,44.3000,151
INTSHSC20537,20201106,29.0000,29.0000,29.0000,29.0000,10
INTSKGH35154,20201106,27.6500,27.6500,21.4500,21.4500,378
INTSLTS34041,20201106,28.1500,28.4000,27.9500,27.9500,245
INTSNDX33225,20201106,36.3500,38.8000,31.6500,34.3000,2572
INTSNDX33233,20201106,48.7000,52.5000,48.7000,52.0000,283
INTSNDX33241,20201106,63.4000,63.4000,63.4000,63.4000,75
INTSNDX33258,20201106,82.8000,82.8000,77.8000,79.9000,1301
INTSNDX33647,20201106,133.0000,133.0000,131.2000,131.2000,32
INTSNDX35147,20201106,21.8500,25.9000,19.2000,21.9500,3497
INTSNKX27094,20201106,111.8000,111.8000,110.4000,110.4000,16
INTSOPL09423,20201106,2.4500,2.5000,2.4500,2.5000,3000
INTSPEO32334,20201106,42.0500,42.0500,42.0500,42.0500,118
INTSPGE34157,20201106,3.3800,3.3800,3.3700,3.3700,12000
INTSPKN34173,20201106,29.1000,29.1000,29.1000,29.1000,77
INTSPKO32300,20201106,10.0200,10.4600,9.6200,9.9200,2090
INTSPLA34488,20201106,5.1000,5.1000,5.1000,5.1000,100
INTSPLA34587,20201106,4.1900,4.1900,4.0400,4.0400,130
INTSSLV33829,20201106,44.3000,45.1000,43.6000,45.1000,108
INTSSLV34520,20201106,19.1600,19.1600,17.3200,17.3200,900
INTSSLV34553,20201106,9.2800,10.2200,9.0000,10.2200,544
INTSSPX34140,20201106,18.6800,19.1400,17.1400,17.7000,1165
INTSSPX34413,20201106,11.6800,12.6000,11.0000,11.7000,1902
INTSTNF34108,20201106,26.5500,32.9500,26.5500,32.9500,150
INTSUSD32235,20201106,36.4500,36.6500,36.4500,36.6500,200
INTSUSD32698,20201106,29.3000,30.4000,28.8000,30.4000,496
INTSW2019596,20201106,9.2800,9.2800,9.2800,9.2800,100
INTSW2020859,20201106,6.3600,6.3600,6.3600,6.3600,320
INTSW2020867,20201106,6.7200,6.7200,6.7200,6.7200,180
INTSW2026005,20201106,5.9800,5.9800,5.9000,5.9000,260
INTSW2026328,20201106,5.7100,5.7100,5.7100,5.7100,200
INTSW2027243,20201106,5.0400,5.0400,5.0400,5.0400,200
INTSW2027391,20201106,4.4300,4.4300,4.4300,4.4300,220
INTSW2028464,20201106,2.6800,2.7200,2.6000,2.6500,15486
INTSW2034264,20201106,1.5400,1.8100,1.3600,1.4800,122325
INTSW2034272,20201106,1.7700,2.0100,1.7000,1.7000,14953
INTSW2034280,20201106,2.2900,2.2900,1.8600,1.8600,1800
INTSW2034298,20201106,2.4400,2.4400,2.4400,2.4400,1
INTSW2034306,20201106,2.4300,2.4300,2.4300,2.4300,672
INTSW2034991,20201106,1.0800,1.1900,0.7000,0.7600,77080
INTSW2035006,20201106,1.2000,1.3100,0.9400,0.9500,25287
INTSW2035014,20201106,1.4100,1.5700,1.2900,1.3000,13368
INTSW2035105,20201106,0.7500,0.9500,0.5700,0.5800,434669
INVFIZ,20201106,950.5000,952.0000,950.5000,952.0000,16
INVISTA,20201106,0.3300,0.3300,0.3300,0.3300,20
INVPEFIZ,20201106,870.0100,879.9000,869.0000,879.9000,14
IPOPEMA,20201106,3.6200,4.3600,3.6200,3.9800,495501
ITMTRADE,20201106,0.1305,0.1305,0.1300,0.1300,2825
IZOBLOK,20201106,28.7000,29.4000,27.5000,29.4000,761
IZOLACJA,20201106,1.4450,1.4450,1.4450,1.4450,14
IZOSTAL,20201106,2.1000,2.1000,2.0800,2.0800,3644
JSW,20201106,18.0000,18.4300,17.2050,17.7800,931539
JWCONSTR,20201106,3.0400,3.0400,2.9200,2.9800,3051
K2INTERNT,20201106,18.3000,18.3000,17.8000,17.8000,355
KCI,20201106,0.6080,0.6400,0.6080,0.6400,3251
KERNEL,20201106,39.1500,39.7000,38.6000,39.3500,8479
KETY,20201106,433.0000,450.0000,426.0000,450.0000,4723
KGHM,20201106,131.0000,137.9500,129.6500,137.8500,715103
KGL,20201106,15.6000,15.6000,15.6000,15.6000,12
KINOPOL,20201106,6.6500,6.6500,6.5000,6.6500,18058
KOGENERA,20201106,33.0000,33.0000,31.6000,33.0000,584
KOMPAP,20201106,7.6500,7.9000,7.4000,7.9000,986
KOMPUTRON,20201106,2.0600,2.0600,1.9700,2.0500,11355
KREC,20201106,7.1400,7.1400,7.1400,7.1400,35
KREDYTIN,20201106,11.5000,11.5000,11.5000,11.5000,5
KRKA,20201106,371.0000,371.0000,365.0000,365.0000,5
KRUK,20201106,139.7000,140.6000,133.0000,137.4000,28681
KRUSZWICA,20201106,53.8000,57.2000,53.8000,56.0000,7349
KRVITAMIN,20201106,21.8000,22.0000,20.6000,22.0000,28114
KSGAGRO,20201106,1.0100,1.0900,1.0100,1.0900,23701
LABOPRINT,20201106,9.9000,9.9000,9.9000,9.9000,11
LARQ,20201106,1.6500,1.7000,1.6500,1.6500,25755
LENA,20201106,3.4500,3.4500,3.3500,3.3700,3893
LENTEX,20201106,9.1000,9.1000,9.0000,9.0000,600
LIBET,20201106,2.0400,2.1300,1.9800,2.0100,67333
LIVECHAT,20201106,100.0000,100.0000,97.3000,98.1000,21035
LOKUM,20201106,11.7000,11.7000,11.0000,11.6500,2413
LOTOS,20201106,29.9800,29.9800,28.2100,28.7500,839158
LPP,20201106,6580.0000,6590.0000,6190.0000,6490.0000,1657
LSISOFT,20201106,11.6000,12.0000,11.6000,12.0000,7365
LUBAWA,20201106,1.4500,1.5200,1.4500,1.5100,761482
MABION,20201106,23.1000,24.7500,23.0000,24.7000,49075
MAKARONPL,20201106,5.7500,5.7500,5.6000,5.7500,1326
MANGATA,20201106,46.8000,47.6000,46.4000,47.4000,460
MARVIPOL,20201106,4.8000,4.8500,4.7200,4.8500,39847
MASTERPHA,20201106,4.0900,4.2000,3.9400,4.2000,2695
MAXCOM,20201106,10.3500,12.7000,9.9400,12.1000,20570
MBANK,20201106,125.6000,126.6000,119.7000,123.7000,92773
MBWS,20201106,5.9000,5.9000,5.4500,5.7200,510
MCI,20201106,14.4500,14.4500,14.1000,14.2000,4529
MDIENERGIA,20201106,3.9000,3.9000,3.8000,3.8200,24257
MEDIACAP,20201106,1.9600,1.9750,1.9600,1.9750,15400
MEDICALG,20201106,22.2500,23.6000,21.8000,22.9000,25455
MENNICA,20201106,19.4000,19.4000,18.8000,18.9000,3882
MERCATOR,20201106,596.0000,640.0000,586.0000,614.0000,135204
MERCOR,20201106,9.3400,9.3400,9.3200,9.3400,519
MEXPOLSKA,20201106,1.0200,1.0200,0.9500,0.9600,72809
MFO,20201106,17.6000,18.0000,17.6000,18.0000,274
MILKILAND,20201106,0.6000,0.6400,0.6000,0.6400,2501
MILLENNIUM,20201106,2.4100,2.4440,2.3220,2.3700,892182
MIRACULUM,20201106,1.0500,1.0900,1.0250,1.0900,12840
MIRBUD,20201106,1.9750,2.0400,1.9400,2.0300,289813
MLPGROUP,20201106,85.0000,85.0000,76.5000,83.5000,278
MLSYSTEM,20201106,70.4000,71.8000,67.6000,68.4000,16584
MOBRUK,20201106,322.0000,330.0000,322.0000,322.0000,97
MOJ,20201106,1.3000,1.3000,1.3000,1.3000,11900
MOL,20201106,21.5400,21.5600,21.0600,21.0600,2041
MONNARI,20201106,1.4000,1.4400,1.3900,1.4400,29358
MOSTALPLC,20201106,8.1000,8.1000,8.0600,8.0600,502
MOSTALWAR,20201106,3.8500,4.3400,3.8500,4.1900,1999
MOSTALZAB,20201106,0.8680,0.8680,0.8120,0.8600,218414
MWTRADE,20201106,1.5800,1.5900,1.5600,1.5900,6882
NANOGROUP,20201106,8.6000,9.3500,8.3000,8.5000,92155
NETIA,20201106,4.5000,4.5700,4.5000,4.5700,75090
NEUCA,20201106,579.0000,598.0000,572.0000,598.0000,3124
NEWAG,20201106,23.9000,23.9000,23.0000,23.1000,60
NEXITY,20201106,16.0000,16.0000,16.0000,16.0000,160
NOVAVISGR,20201106,1.6600,1.6700,1.6600,1.6700,4459
NOVITA,20201106,129.0000,138.0000,129.0000,133.5000,2087
NOWAGALA,20201106,0.8200,0.8200,0.8200,0.8200,50000
NTTSYSTEM,20201106,2.8900,2.8900,2.8600,2.8600,806
OAT,20201106,57.4000,57.8000,46.7000,57.8000,1015123
ODLEWNIE,20201106,4.3400,4.3400,4.2100,4.2100,637
OEX,20201106,14.6000,15.1000,14.6000,14.8000,1984
OPENFIN,20201106,0.7200,0.7200,0.7180,0.7180,111
OPONEO.PL,20201106,31.1000,33.0000,30.1000,30.2000,12172
OPTEAM,20201106,25.0000,25.6000,24.6000,25.0000,1603
ORANGEPL,20201106,6.5800,6.6550,6.3950,6.4500,1405777
ORZBIALY,20201106,10.6500,10.6500,10.6500,10.6500,1
OTLOG,20201106,4.3000,4.3000,4.3000,4.3000,2
OTMUCHOW,20201106,1.2700,1.2800,1.2600,1.2800,10048
OVOSTAR,20201106,67.0000,67.0000,67.0000,67.0000,1
PAMAPOL,20201106,1.3400,1.3700,1.3000,1.3700,21893
PANOVA,20201106,9.9400,9.9400,9.9400,9.9400,60
PBKM,20201106,73.0000,73.0000,73.0000,73.0000,29
PCCEXOL,20201106,3.7900,3.9000,3.5900,3.6500,252650
PCCROKITA,20201106,44.0000,44.1000,43.6000,44.0000,3089
PEKABEX,20201106,14.2500,14.2500,13.9000,14.0000,7224
PEKAO,20201106,44.5000,45.1800,42.5200,44.2600,1497262
PEMANAGER,20201106,14.4000,14.4000,14.1000,14.4000,744
PEP,20201106,50.4000,51.4000,49.9000,50.6000,27499
PEPEES,20201106,1.3500,1.3500,1.3200,1.3500,902
PGE,20201106,5.2400,5.3000,4.9500,5.1260,1884587
PGNIG,20201106,4.4460,4.4870,4.2700,4.3730,3074559
PGO,20201106,1.0000,1.0900,0.9900,1.0900,6385
PGSSOFT,20201106,11.0000,11.0000,10.7000,10.9000,3732
PHARMENA,20201106,15.2000,16.5000,14.5000,15.9000,40178
PHN,20201106,9.8000,9.8000,9.2000,9.5000,6576
PKNORLEN,20201106,40.7200,40.7800,38.7600,39.4600,1304588
PKOBP,20201106,20.6400,21.2000,20.2000,21.0000,4520672
PKOGD,20201106,100.2500,100.2500,100.2300,100.2300,100
PKOGS,20201106,89.6100,89.6100,89.6000,89.6000,100
PKOSO,20201106,107.2100,107.2100,107.2100,107.2100,140
PKPCARGO,20201106,11.2000,11.2600,10.5600,10.9000,111118
PLASTBOX,20201106,1.7900,1.7900,1.7500,1.7850,3886
PLAY,20201106,38.8000,38.8600,38.8000,38.8000,1238523
PLAYWAY,20201106,535.0000,542.0000,528.0000,528.0000,4616
PLAZACNTR,20201106,1.7600,1.7600,1.7600,1.7600,10
POLICE,20201106,11.0000,11.2000,11.0000,11.1000,1286
POLIMEXMS,20201106,1.8660,1.9140,1.8100,1.8560,247235
POLNORD,20201106,2.9050,2.9900,2.9050,2.9900,1507
POLWAX,20201106,2.7200,2.8000,2.7000,2.8000,199772
POZBUD,20201106,1.8400,1.8500,1.8400,1.8400,456
PRAGMAFA,20201106,17.8000,18.7000,17.7000,18.7000,5479
PRAGMAINK,20201106,7.0800,7.0800,6.4600,6.4600,3710
PRAIRIE,20201106,0.5540,0.5600,0.5350,0.5500,167474
PRIMETECH,20201106,1.0150,1.0600,0.9300,1.0200,8478
PROCHEM,20201106,18.7500,18.7500,17.5000,18.2500,85
PROJPRZEM,20201106,16.5500,16.5500,15.8000,15.8000,466
PROTEKTOR,20201106,4.2000,4.2800,4.1200,4.2400,11953
PROVIDENT,20201106,3.3400,3.4900,3.2800,3.3300,215451
PULAWY,20201106,78.0000,78.0000,77.0000,77.0000,114
PUNKPIRAT,20201106,0.6200,0.6600,0.6200,0.6350,27905
PZU,20201106,22.3000,22.5500,21.7200,22.1600,2731500
PZUAKORD,20201106,119.0400,119.3900,119.0400,119.3900,1600
QUERCUS,20201106,2.9200,2.9700,2.9100,2.9700,21429
R22,20201106,31.4000,31.4000,30.1000,31.2000,9115
RADPOL,20201106,2.3700,2.4000,2.3700,2.3900,17660
RAFAKO,20201106,0.7050,0.7240,0.6650,0.6800,365088
RAFAMET,20201106,14.0000,14.0000,14.0000,14.0000,4
RAINBOW,20201106,12.0500,12.4000,11.6000,12.3000,3783
RANKPROGR,20201106,1.3000,1.3650,1.2800,1.3600,19928
RAWLPLUG,20201106,7.4800,7.4800,7.3400,7.4600,18
RCCOFFAOPEN1,20201106,2.6400,2.6500,2.6400,2.6500,16750
RCESX7E0923,20201106,680.5000,680.5000,680.5000,680.5000,87
RCESXPP0924,20201106,1048.5000,1050.0000,1048.5000,1050.0000,282
RCFL10GOLD,20201106,18.5000,18.7800,18.0400,18.0400,3049
RCFL10GOLD1,20201106,8.2200,8.2200,8.2200,8.2200,1400
RCFL10OIL2,20201106,2.4800,2.4800,2.4800,2.4800,547
RCFL10SILVE2,20201106,0.6600,0.7900,0.6500,0.7000,38000
RCFL2CCC1,20201106,10.4600,10.4600,10.4600,10.4600,200
RCFL2NAG2,20201106,5.9000,5.9000,5.9000,5.9000,1000
RCFL2SILVE,20201106,35.3500,35.3500,35.3000,35.3000,28
RCFL2W20,20201106,48.0000,48.2000,48.0000,48.2000,180
RCFL3ALR,20201106,0.2200,0.2200,0.2100,0.2100,64000
RCFL3ALR1,20201106,5.6000,5.6000,4.8400,5.0300,12141
RCFL3CCC,20201106,0.0400,0.0400,0.0400,0.0400,1500
RCFL3CCC1,20201106,5.2300,5.2300,5.2300,5.2300,3000
RCFL3CDPRO1,20201106,77.9000,78.4000,77.9000,78.4000,700
RCFL3CDPRO2,20201106,7.2300,7.2300,7.1700,7.1700,375
RCFL3COFF3,20201106,5.7500,5.9300,5.7500,5.9300,300
RCFL3CORN2,20201106,13.3800,13.4200,13.3800,13.4200,60
RCFL3EUH,20201106,0.6600,0.6600,0.6600,0.6600,5000
RCFL3GOLD,20201106,74.7000,75.2000,74.0000,74.4000,321
RCFL3JSW,20201106,0.2000,0.2300,0.2000,0.2300,153737
RCFL3JSW1,20201106,7.4000,7.9300,6.9900,7.9300,4408
RCFL3KGH,20201106,4.6500,4.6500,4.6500,4.6500,290
RCFL3LPP,20201106,60.1000,60.1000,60.1000,60.1000,80
RCFL3LTS1,20201106,0.1200,0.1200,0.1100,0.1200,244464
RCFL3MBK,20201106,0.5300,0.5600,0.5300,0.5600,4001
RCFL3MWIG40,20201106,4.9800,5.0700,4.9800,5.0700,1300
RCFL3NAG2,20201106,3.6500,3.7200,3.5600,3.5600,2300
RCFL3OIL3,20201106,0.0900,0.0900,0.0900,0.0900,1000
RCFL3PALL2,20201106,2.1300,2.1300,2.1300,2.1300,300
RCFL3PALL3,20201106,1.2000,1.2000,1.2000,1.2000,1399
RCFL3PEO,20201106,0.4600,0.4900,0.4400,0.4800,48754
RCFL3PGE,20201106,0.0800,0.0800,0.0800,0.0800,71980
RCFL3PKN,20201106,4.7400,4.7400,4.3300,4.5200,3981
RCFL3PKO,20201106,1.8900,2.1200,1.8900,2.1200,600
RCFL3PLAT1,20201106,4.3200,4.3200,4.3200,4.3200,540
RCFL3PLAT2,20201106,8.9600,9.1200,8.9100,9.1200,700
RCFL3PLW,20201106,8.7900,8.7900,8.7900,8.7900,200
RCFL3PZU,20201106,5.6100,5.7800,5.6100,5.7800,236
RCFL3SILVE,20201106,7.2200,7.4900,7.0400,7.4900,6650
RCFL3SILVE3,20201106,20.3000,20.5500,19.9200,20.2500,245
RCFL3SUGA4,20201106,19.0800,19.0800,19.0800,19.0800,100
RCFL3TPE,20201106,3.6200,3.7400,3.6200,3.7400,19400
RCFL3W20,20201106,19.0200,19.4000,19.0200,19.4000,200
RCFL4CDPRO,20201106,32.2000,35.0000,29.8500,33.4000,3367
RCFL4CDPRO1,20201106,5.3300,5.6800,5.3300,5.6800,759
RCFL4COPP2,20201106,9.0800,9.0800,9.0800,9.0800,170
RCFL4FW203,20201106,1.8600,1.8600,1.8600,1.8600,1
RCFL4GAMES,20201106,76.3000,80.4000,76.3000,80.4000,60
RCFL4GOLD,20201106,26.7500,26.7500,26.7500,26.7500,1500
RCFL4KGH,20201106,4.4200,4.9400,4.1500,4.9400,1430
RCFL4PALL2,20201106,1.3600,1.4000,1.3600,1.4000,2000
RCFL4PEO1,20201106,2.3200,2.3200,2.0300,2.0300,4300
RCFL4PGE,20201106,3.3000,3.3000,3.3000,3.3000,400
RCFL4PKN1,20201106,0.7400,0.7400,0.7300,0.7300,5000
RCFL4PKO,20201106,0.1700,0.1900,0.1700,0.1900,40010
RCFL4PKO1,20201106,4.1300,4.3400,4.1300,4.3400,980
RCFL4PZU,20201106,0.2200,0.2200,0.2200,0.2200,13000
RCFL4PZU1,20201106,3.7300,3.7300,3.2900,3.3700,1670
RCFL4SILVE2,20201106,11.0800,11.4200,10.6800,10.6800,1100
RCFL5ALE,20201106,40.0500,47.1000,38.2500,45.1000,2525
RCFL5COFF4,20201106,4.9300,4.9300,4.9300,4.9300,2000
RCFL5GOLD,20201106,29.0500,29.5000,28.6500,29.4500,1308
RCFL5MSFIN2,20201106,1.8700,1.8700,1.8700,1.8700,500
RCFL5MWIG40,20201106,1.4000,1.5200,1.3900,1.5200,11250
RCFL5PALL2,20201106,0.3600,0.3600,0.3600,0.3600,5000
RCFL5SBO1,20201106,9.8200,9.8200,9.8200,9.8200,200
RCFL5SILVE,20201106,1.8000,1.8600,1.8000,1.8600,13746
RCFL5SUGA1,20201106,1.2600,1.4200,1.2500,1.4200,9000
RCFL5W20,20201106,8.5700,8.5700,8.5700,8.5700,200
RCFL6COCO,20201106,3.2200,3.2200,3.2200,3.2200,322
RCFL6COFF2,20201106,1.4300,1.4300,1.4300,1.4300,1125
RCFL6COFF3,20201106,3.9000,4.1700,3.7900,4.0800,4649
RCFL6COPP1,20201106,8.1600,8.1600,8.1600,8.1600,20
RCFL6FW201,20201106,0.3100,0.3200,0.3100,0.3200,101000
RCFL6NAG3,20201106,3.4600,3.4600,3.4600,3.4600,260
RCFL6SILVE,20201106,2.3400,2.3400,2.3400,2.3400,4543
RCFL6SILVE2,20201106,15.5600,16.7800,15.5600,16.7800,74
RCFL6SUGA,20201106,1.9800,2.3400,1.9300,2.3400,5249
RCFL6W20,20201106,6.7000,7.4800,6.7000,7.4300,1750
RCFL6W201,20201106,0.2400,0.2400,0.2300,0.2400,20000
RCFL7SILVE,20201106,0.4700,0.4700,0.4500,0.4600,34070
RCFL8COFF1,20201106,0.3200,0.3300,0.3200,0.3300,9440
RCFL8COPP1,20201106,4.6600,4.8000,4.6600,4.8000,621
RCFL8GOLD,20201106,24.6500,24.6500,24.6500,24.6500,40
RCFS10SILVE2,20201106,4.0500,4.5000,3.5000,3.8300,3700
RCFS2COPP,20201106,3.3200,3.3200,3.3200,3.3200,1000
RCFS2KGH,20201106,3.8600,3.8600,3.5100,3.5200,84400
RCFS2SILVE1,20201106,2.8700,2.8700,2.8700,2.8700,1000
RCFS2SILVE3,20201106,10.7400,10.7400,10.7400,10.7400,2000
RCFS2W20,20201106,66.5000,66.5000,66.5000,66.5000,100
RCFS3ALR1,20201106,6.3300,6.4500,6.3300,6.4500,409
RCFS3CCC1,20201106,9.3600,9.3600,9.3600,9.3600,194
RCFS3DBK,20201106,2.3800,2.3800,2.3800,2.3800,380
RCFS3EAD,20201106,0.5800,0.5800,0.5800,0.5800,1100
RCFS3FDX,20201106,5.4000,5.4000,5.2400,5.2700,1300
RCFS3GAMES,20201106,1.1200,1.1200,1.1200,1.1200,7300
RCFS3KGH,20201106,0.1700,0.1800,0.1500,0.1500,605780
RCFS3KGH1,20201106,8.6200,8.6200,8.6200,8.6200,232
RCFS3LPP,20201106,0.5000,0.5000,0.5000,0.5000,209
RCFS3OIL4,20201106,10.2200,10.2200,10.2200,10.2200,105
RCFS3PGE,20201106,2.1500,2.1500,2.0100,2.0100,205
RCFS3PKO,20201106,7.6000,7.7100,7.6000,7.7100,390
RCFS3SILVE1,20201106,1.2000,1.2000,1.2000,1.2000,1400
RCFS3SILVE2,20201106,0.6300,0.6300,0.6300,0.6300,10000
RCFS3TPE,20201106,1.0900,1.1900,1.0700,1.1500,23502
RCFS3W20,20201106,33.0000,34.3500,32.0000,32.0000,1149
RCFS4CDPRO1,20201106,1.7000,1.7000,1.5000,1.6100,6300
RCFS4DNP,20201106,3.7100,3.8500,2.6000,2.7700,23110
RCFS4ESX,20201106,0.4600,0.4700,0.4600,0.4700,10000
RCFS4PEO,20201106,31.8500,31.9000,31.2500,31.9000,284
RCFS4PGE,20201106,2.6600,2.6900,2.6000,2.6900,9675
RCFS4PGN,20201106,2.1500,2.1500,2.0200,2.0200,1420
RCFS4PKN,20201106,37.2000,37.9000,36.0000,36.0000,122
RCFS4PKO,20201106,13.3200,13.6400,12.0000,12.1200,7598
RCFS4PZU,20201106,21.8500,24.6500,21.8500,23.8500,216
RCFS5COFF1,20201106,6.0500,6.1000,6.0500,6.1000,1400
RCFS5COPP,20201106,1.6600,1.6600,1.6600,1.6600,500
RCFS5FW20,20201106,5.0900,5.0900,5.0900,5.0900,300
RCFS5FW202,20201106,3.7200,3.7200,3.7200,3.7200,323
RCFS5NAG1,20201106,1.4200,1.4200,1.4200,1.4200,2000
RCFS5SILVE1,20201106,0.1200,0.1200,0.1200,0.1200,1
RCFS5SUGA,20201106,2.1800,2.1800,1.8300,1.8400,6990
RCFS5SUGA1,20201106,1.0700,1.0700,1.0300,1.0300,6000
RCFS6W201,20201106,3.9800,4.3100,3.7100,3.7900,31586
RCFS9OIL,20201106,6.5700,6.5700,6.1100,6.1100,365
RCGLDAOPEN,20201106,751.5000,751.5000,738.0000,738.0000,4
RCGXAU0322,20201106,1077.0000,1077.0000,1077.0000,1077.0000,5
RCLMWIG40AOPEN,20201106,35.0000,35.0000,35.0000,35.0000,30
RCRBSPX1122,20201106,644.0000,654.0000,644.0000,654.0000,450
RCSILAOPEN,20201106,98.0000,98.2000,98.0000,98.1000,27
RCSP5AOPEN,20201106,133.2000,133.2000,133.2000,133.2000,16
RCTSJSW2,20201106,1.8200,1.9000,1.8200,1.9000,3200
RCTSKRU1,20201106,5.0000,5.0000,4.5700,4.7500,3150
RCTSLPP,20201106,22.0000,22.0000,22.0000,22.0000,67
RCTSSUGA19,20201106,0.7300,0.7300,0.6000,0.6000,8800
RCWHTAOPEN,20201106,5.2700,5.2700,5.2700,5.2700,720
REDAN,20201106,0.1790,0.1790,0.1680,0.1790,2323
REINO,20201106,1.4000,1.4700,1.4000,1.4700,32
RELPOL,20201106,4.9000,5.0200,4.8500,5.0000,4687
REMAK,20201106,10.5000,10.6000,10.2000,10.2000,3255
RONSON,20201106,1.4000,1.4000,1.3300,1.4000,10337
ROPCZYCE,20201106,21.2000,21.2000,20.0000,20.6000,3847
RYVU,20201106,53.0000,58.0000,52.4000,56.0000,48148
SANOK,20201106,12.3500,12.3500,12.2000,12.3000,37932
SANPL,20201106,145.3000,147.7000,140.2000,144.6000,93599
SANTANDER,20201106,8.3400,8.3400,8.0900,8.1600,6830
SANWIL,20201106,4.2600,4.3400,4.1800,4.2800,45603
SELENAFM,20201106,14.4000,14.8500,14.2000,14.8000,12591
SELVITA,20201106,43.0000,43.0000,42.0000,43.0000,7226
SERINUS,20201106,0.3440,0.3440,0.3200,0.3440,88878
SESCOM,20201106,25.2000,25.2000,25.0000,25.0000,11
SILVAIR-REGS,20201106,8.3000,8.3000,8.3000,8.3000,23
SIMPLE,20201106,11.2000,11.2000,10.5000,10.8000,1345
SKARBIEC,20201106,23.7000,23.7000,22.7000,23.5000,504
SKOTAN,20201106,1.8200,1.8500,1.7600,1.8500,10855
SKYLINE,20201106,0.7300,0.7300,0.7300,0.7300,20
SNIEZKA,20201106,87.4000,87.6000,84.4000,87.6000,95
SOLAR,20201106,3.2800,3.2800,2.9600,3.1900,3749
SONEL,20201106,9.8500,9.8500,9.7000,9.8000,639
SOPHARMA,20201106,11.6000,12.1000,11.1000,12.0000,688
STALEXP,20201106,2.6100,2.6100,2.5200,2.6000,151166
STALPROD,20201106,177.8000,195.4000,174.0000,188.8000,5017
STALPROFI,20201106,4.6200,4.6200,4.5800,4.6100,17258
STAPORKOW,20201106,2.1600,2.5000,2.1600,2.5000,16821
STARHEDGE,20201106,0.3900,0.4380,0.3900,0.4360,934
SUNEX,20201106,4.5000,4.8500,4.1600,4.6000,87287
SUWARY,20201106,16.0000,16.0000,16.0000,16.0000,25
SWISSMED,20201106,3.3000,3.3700,3.1000,3.2500,21692
SYGNITY,20201106,7.8600,8.1000,7.7000,7.8000,36807
SYNEKTIK,20201106,24.9000,27.3000,24.9000,26.3000,53314
TALEX,20201106,11.5500,11.5500,11.5500,11.5500,96
TATRY,20201106,147.0000,148.0000,147.0000,148.0000,80
TAURONPE,20201106,1.9700,2.0080,1.8760,1.8940,3041252
TBULL,20201106,22.4000,22.4000,20.5000,21.7000,16519
TERMOREX,20201106,0.9600,0.9600,0.9600,0.9600,67
TESGAS,20201106,3.7800,3.7800,3.5000,3.5200,47197
TIM,20201106,14.8000,14.8500,13.9500,14.2500,29208
TORPOL,20201106,9.8000,10.1000,9.5000,9.5800,45503
TOYA,20201106,7.4000,7.4000,6.9200,7.0000,89366
TRAKCJA,20201106,1.4340,1.4740,1.4000,1.4000,64169
TRANSPOL,20201106,2.8700,2.8700,2.7700,2.8400,1907
TRIGONPP,20201106,42.1500,42.2000,41.8600,42.2000,304
TRITON,20201106,2.1000,2.1800,2.1000,2.1800,5013
TSGAMES,20201106,659.0000,661.0000,638.0000,656.0000,10587
ULMA,20201106,46.2000,46.2000,45.0000,46.2000,1784
ULTGAMES,20201106,27.4500,28.6500,26.3000,27.0000,8986
UNIBEP,20201106,7.7000,7.7000,7.4400,7.7000,56
UNIMOT,20201106,27.0500,27.3500,26.0000,26.6000,19000
URSUS,20201106,0.6180,0.6180,0.5820,0.6000,483613
VENTUREIN,20201106,1.6000,1.6000,1.6000,1.6000,60
VIGOSYS,20201106,530.0000,555.0000,525.0000,535.0000,329
VINDEXUS,20201106,4.3100,4.3100,4.3100,4.3100,369
VISTAL,20201106,2.3900,2.4800,2.2400,2.2950,601005
VIVID,20201106,1.8380,1.9000,1.7800,1.8860,54389
VOTUM,20201106,11.5000,11.5000,11.0000,11.4000,9571
VOXEL,20201106,45.0000,45.0000,44.2000,44.7000,418
VRG,20201106,2.0300,2.0300,1.9820,2.0000,24341
WARIMPEX,20201106,4.6500,4.8300,4.6500,4.6900,202
WASKO,20201106,1.2250,1.2250,1.1700,1.2200,3437
WAWEL,20201106,548.0000,550.0000,542.0000,544.0000,22
WIELTON,20201106,3.9500,4.0000,3.8500,3.9700,43968
WIKANA,20201106,2.2600,2.3000,2.2600,2.3000,740
WIRTUALNA,20201106,73.4000,74.8000,72.8000,74.8000,1308
WITTCHEN,20201106,6.4800,6.4800,6.3400,6.4200,990
WOJAS,20201106,3.8200,3.9600,3.8200,3.9400,1783
WORKSERV,20201106,0.7510,0.7990,0.7510,0.7630,126874
XTB,20201106,17.2500,17.7500,16.6500,17.1500,631621
XTPL,20201106,71.0000,74.0000,68.0000,71.2000,4603
ZAMET,20201106,0.8600,0.8600,0.8600,0.8600,30000
ZASTAL,20201106,27.0000,27.0000,25.0000,25.0000,157
ZEPAK,20201106,9.9800,9.9800,9.8000,9.9400,15219
ZPUE,20201106,131.0000,133.0000,131.0000,133.0000,48
ZREMB,20201106,0.7600,0.7600,0.7550,0.7550,54
ZUE,20201106,3.1400,3.1400,3.0200,3.1200,4782
ZYWIEC,20201106,476.0000,476.0000,470.0000,476.0000,146
INVESTORMS,20201106,3789.8500,3833.6700,3789.8500,3833.6700,302014.077
MWIG40,20201106,3505.5600,3519.5100,3454.7700,3512.4900,175081.032
MWIG40DVP,20201106,63.1100,63.1100,63.1100,63.1100,175081.032
MWIG40TR,20201106,4642.9300,4657.8100,4578.1400,4652.1100,175081.032
SWIG80,20201106,13733.8900,13899.7200,13676.8400,13899.7200,81391.247
SWIG80DVP,20201106,270.7600,270.7600,270.7600,270.7600,81391.247
SWIG80TR,20201106,17742.1800,17956.4100,17684.6000,17956.4100,81391.247
WIG,20201106,48392.7100,49058.2900,47916.1600,48962.4800,1469023.709
WIG-BANKI,20201106,3501.3000,3562.9200,3412.8400,3524.9700,199678.991
WIG-BUDOW,20201106,2982.5100,2992.9600,2931.1800,2966.6400,5914.069
WIG-CEE,20201106,1089.4700,1089.4700,1081.6100,1082.6900,1992.572
WIG-CHEMIA,20201106,6695.0600,6747.6100,6582.4600,6608.7900,5312.487
WIG-ENERG,20201106,1649.7700,1667.8200,1591.1700,1614.4000,22649.457
WIG-ESG,20201106,7789.4800,7851.4600,7665.9800,7837.3400,1098688.111
WIG-GORNIC,20201106,4033.0300,4228.3200,3984.1700,4223.2000,112808.954
WIG-INFO,20201106,3684.4000,3699.2100,3661.3000,3692.7100,5721.760
WIG-LEKI,20201106,5697.5400,6012.1100,5697.5400,6003.6700,21226.953
WIG-MEDIA,20201106,4805.4500,4844.8100,4758.9300,4844.8100,357.112
WIG-MOTO,20201106,3426.5600,3455.4200,3383.5300,3436.9100,2695.567
WIG-NRCHOM,20201106,2076.4100,2084.5000,2039.3900,2076.4900,1022.589
WIG-ODZIEZ,20201106,3779.9300,3798.0600,3580.1800,3749.1600,31380.499
WIG-PALIWA,20201106,3641.5500,3662.4900,3500.2000,3565.3300,89301.090
WIG-POLAND,20201106,49062.0600,50036.6800,49062.0600,50036.6800,1463981.753
WIG-SPOZYW,20201106,2984.0600,3018.6900,2959.0600,3013.3400,2206.757
WIG-TELKOM,20201106,898.1800,904.0800,892.2900,899.2600,80302.010
WIG-UKRAIN,20201106,357.2900,369.2600,357.2900,369.2600,1145.440
WIG.GAMES,20201106,33500.2300,33983.1000,33170.5000,33760.1900,154310.477
WIG.MS-BAS,20201106,8472.9900,8591.9400,8206.7000,8525.1200,129846.365
WIG.MS-FIN,20201106,5318.0800,5411.6200,5184.4800,5344.4400,243584.672
WIG.MS-PET,20201106,5009.2800,5014.7200,4797.6700,4883.3900,93312.116
WIG20,20201106,1665.7200,1702.9800,1654.6000,1697.4900,1195515.323
WIG20DVP,20201106,10.3700,10.3700,10.3700,10.3700,1195515.323
WIG20LEV,20201106,304.4200,318.0600,300.3500,316.0700,1195515.323
WIG20SHORT,20201106,4310.5700,4339.1900,4214.8500,4228.8200,1195515.323
WIG20TR,20201106,3062.4500,3118.8700,3032.4700,3109.0400,1195515.323
WIG30,20201106,1915.0100,1944.2800,1892.2100,1939.3500,1226856.425
WIG30TR,20201106,3428.4400,3505.2200,3428.4400,3505.2200,1226856.425
WIGDIV,20201106,948.5300,949.9200,933.9000,948.1800,84661.728
WIGTECH,20201106,14438.8300,14666.4300,14404.2000,14657.1800,0.000
