06MAGNA,20201230,1.5700,1.5700,1.5200,1.5500,26083
11BIT,20201230,480.0000,480.0000,472.0000,474.0000,5972
4FUNMEDIA,20201230,4.8000,4.8000,4.5200,4.5600,4523
ABPL,20201230,32.3000,32.3000,31.5000,31.9000,1737
ACAUTOGAZ,20201230,35.0000,35.0000,34.9000,35.0000,3325
ACTION,20201230,6.1800,6.2600,6.1000,6.2400,43546
ADIUVO,20201230,4.5900,4.6300,4.4800,4.6000,10734
AGORA,20201230,7.4000,7.4000,7.2000,7.2200,29520
AGROTON,20201230,4.4200,4.4500,4.3000,4.3800,33406
AIGAMES,20201230,13.4000,14.7000,13.4000,14.0000,48770
AILLERON,20201230,11.1500,11.6000,11.1000,11.6000,11243
AIRWAY,20201230,1.6500,1.7000,1.6100,1.6500,226314
ALIOR,20201230,17.3100,17.3100,16.8250,16.9700,320852
ALLEGRO,20201230,85.3200,85.9000,84.5600,84.7000,775111
ALTA,20201230,1.2900,1.3000,1.2900,1.3000,2412
ALTUSTFI,20201230,0.9520,0.9860,0.9520,0.9720,168858
ALUMETAL,20201230,47.8000,48.2000,47.0000,47.0000,4907
AMBRA,20201230,19.3000,19.3000,19.1500,19.2000,5737
AMICA,20201230,144.8000,147.6000,143.0000,146.8000,5775
AMREST,20201230,29.1000,29.7000,27.5500,27.7000,286449
APATOR,20201230,23.3000,24.0000,23.2000,23.9000,14099
APLISENS,20201230,11.2000,11.2000,10.8000,11.1000,304
APSENERGY,20201230,1.8000,1.8700,1.7500,1.8200,20300
ARCHICOM,20201230,23.0000,23.4000,22.8000,23.1000,4383
ARCTIC,20201230,5.6600,5.7600,5.5000,5.6600,104227
ARTERIA,20201230,3.8400,3.8400,3.8400,3.8400,5
ARTIFEX,20201230,8.4600,8.4600,8.3000,8.4600,5502
ASBIS,20201230,7.9000,8.1000,7.9000,8.0800,93389
ASSECOBS,20201230,37.6000,37.8000,36.8000,36.8000,3133
ASSECOPOL,20201230,67.9000,68.8000,67.5000,68.1000,104535
ASSECOSEE,20201230,42.6000,43.0000,42.6000,43.0000,2479
ASTARTA,20201230,26.8000,26.9000,26.2000,26.2000,25117
ATAL,20201230,32.5000,32.5000,32.2000,32.5000,1047
ATENDE,20201230,4.1600,4.2200,4.0800,4.1600,41088
ATLANTAPL,20201230,7.1000,7.3000,7.1000,7.2000,3563
ATLASEST,20201230,1.7000,1.8600,1.6700,1.8600,7550
ATMGRUPA,20201230,4.1000,4.1000,4.0000,4.0900,1539
ATREM,20201230,2.2200,2.3200,2.2200,2.2600,9460
AUTOPARTN,20201230,8.0600,8.1400,7.8400,7.9800,33620
BAHOLDING,20201230,0.7790,0.7790,0.7030,0.7460,3107178
BBIDEV,20201230,3.5300,3.7000,3.5300,3.7000,3332
BEDZIN,20201230,10.2000,10.3000,10.2000,10.2000,4335
BENEFIT,20201230,840.0000,840.0000,823.0000,834.0000,7285
BEST,20201230,18.0000,19.0000,16.6000,19.0000,205
BETACOM,20201230,9.3000,9.4200,9.3000,9.4200,972
BETAM40TR,20201230,56.1400,56.1400,55.5000,55.9000,6846
BETAW20LV,20201230,40.7400,40.8100,39.7300,40.2200,4131
BETAW20ST,20201230,360.4000,366.8000,360.4000,364.5000,509
BETAW20TR,20201230,34.3250,34.3250,33.7500,33.7600,10534
BIK,20201230,14.5000,14.5000,14.5000,14.5000,2
BIOMEDLUB,20201230,8.2200,9.2000,7.9200,8.9600,3194591
BIOTON,20201230,4.3000,4.3400,4.2600,4.3300,58304
BNPPBSK10521,20201230,921.0000,921.0000,921.0000,921.0000,250
BNPPPL,20201230,63.6000,63.6000,62.2000,63.6000,902
BNPPSOLED1221,20201230,1068.0000,1068.0000,1068.0000,1068.0000,30
BNPPSXPP0421,20201230,1069.0000,1069.0000,1069.0000,1069.0000,200
BOGDANKA,20201230,19.2400,19.5000,19.0400,19.2000,27356
BOOMBIT,20201230,17.4000,17.4000,17.0000,17.0000,12566
BORYSZEW,20201230,3.1950,3.1950,3.0900,3.1100,143235
BOS,20201230,6.0000,6.1000,5.9000,6.0000,23168
BOWIM,20201230,3.3200,3.3400,3.1600,3.1600,21911
BPHFIZMLI,20201230,92.2000,92.2000,92.2000,92.2000,50
BRASTER,20201230,0.4250,0.4970,0.4250,0.4520,412043
BUDIMEX,20201230,308.0000,310.5000,299.0000,307.5000,8721
BUMECH,20201230,3.0600,3.5200,2.9500,3.3900,256600
CCC,20201230,87.5000,88.9000,86.1800,87.5200,238285
CDPROJEKT,20201230,280.5000,280.5000,270.4000,274.7000,650137
CDRL,20201230,16.1500,16.3500,16.0500,16.3500,534
CELTIC,20201230,6.4500,6.7000,6.3500,6.3500,394
CEZ,20201230,88.2000,90.0000,88.1000,90.0000,1114
CFI,20201230,0.2470,0.2890,0.2470,0.2740,650897
CIECH,20201230,32.4000,32.5500,31.8500,32.2000,159466
CIGAMES,20201230,1.3280,1.3360,1.2800,1.2960,736725
CLNPHARMA,20201230,37.3000,41.0000,37.0000,40.5500,111685
CNT,20201230,14.6000,14.7000,14.5000,14.5000,994
COALENERG,20201230,0.6200,0.6600,0.6000,0.6500,42620
COGNOR,20201230,1.7200,1.7500,1.7000,1.7500,47928
COMARCH,20201230,191.0000,194.5000,190.5000,194.5000,10512
COMP,20201230,53.4000,54.2000,53.4000,54.2000,1631
COMPERIA,20201230,2.7600,2.7600,2.6800,2.7600,593
CORMAY,20201230,1.1400,1.1700,1.1300,1.1500,386714
CPGROUP,20201230,7.0000,7.5000,6.9200,7.5000,38702
CYFRPLSAT,20201230,30.8000,30.9400,30.0600,30.2800,631140
CZTOREBKA,20201230,0.6450,0.6450,0.5550,0.5800,21190
DADELO-PDA,20201230,19.3980,19.3980,18.2000,19.3000,214560
DATAWALK,20201230,196.0000,196.0000,191.5000,192.0000,1385
DEBICA,20201230,78.4000,78.6000,78.0000,78.0000,795
DECORA,20201230,32.0000,32.0000,30.4000,31.8000,3530
DEKPOL,20201230,28.6000,28.6000,26.0000,28.2000,1589
DELKO,20201230,15.6000,16.0000,15.6000,15.8000,12148
DEVELIA,20201230,1.9980,1.9980,1.9600,1.9700,546190
DGA,20201230,4.9500,4.9500,4.7500,4.9500,1904
DIGITREE,20201230,8.4000,8.4000,7.3000,7.7000,5773
DINOPL,20201230,293.0000,295.8000,285.6000,289.4000,104485
DOMDEV,20201230,116.5000,116.5000,114.0000,114.0000,2126
DROZAPOL,20201230,1.8850,1.9400,1.8850,1.9300,31188
ECHO,20201230,4.0300,4.0600,4.0200,4.0400,18970
EDINVEST,20201230,4.3400,4.3800,4.2800,4.3800,3083
EFEKT,20201230,5.2500,5.4500,5.0500,5.3000,3673
EKOEXPORT,20201230,3.2200,3.2400,3.1000,3.2050,33764
ELBUDOWA,20201230,0.7240,0.7240,0.6700,0.6950,29200
ELEKTROTI,20201230,5.7000,6.1000,5.7000,6.1000,14427
ELKOP,20201230,0.2800,0.2840,0.2700,0.2770,79083
ELZAB,20201230,6.0000,6.1000,5.7000,5.7000,2515
EMCINSMED,20201230,11.7000,12.1000,10.7000,11.3000,1870
ENAP,20201230,1.3700,1.3700,1.3700,1.3700,2
ENEA,20201230,6.4450,6.6000,6.4400,6.5350,778205
ENELMED,20201230,16.0000,16.0000,15.8000,16.0000,24214
ENERGA,20201230,7.8900,7.9000,7.8000,7.8800,80094
ENERGOINS,20201230,0.7200,0.7260,0.6820,0.7240,9138
ENTER,20201230,39.9000,40.0000,38.4000,39.0000,13430
ERBUD,20201230,26.9000,27.7000,26.5000,27.6000,4153
ERG,20201230,40.4000,40.4000,38.4000,39.6000,384
ESOTIQ,20201230,18.9500,18.9500,17.2500,18.1000,3464
ETFDAX,20201230,595.0000,602.1000,592.3000,600.0000,282
ETFSP500,20201230,143.0000,143.8000,140.5600,143.0000,3746
ETFW20L,20201230,246.0000,248.4000,243.8000,247.0000,1501
EUCO,20201230,3.8600,4.0200,3.8600,4.0100,14391
EUROCASH,20201230,14.1500,14.1900,13.9000,14.0500,127983
EUROHOLD,20201230,3.3200,3.3200,3.3200,3.3200,695
EUROTEL,20201230,28.0000,28.0000,27.6000,28.0000,475
FAMUR,20201230,2.2400,2.2700,2.2150,2.2500,807324
FASING,20201230,10.6500,10.6500,10.5500,10.5500,1865
FEERUM,20201230,9.7000,10.0500,9.7000,10.0500,269
FERRO,20201230,24.6000,25.9000,24.6000,25.0000,22586
FERRUM,20201230,3.6000,4.0000,3.6000,3.9400,63210
FON,20201230,0.1070,0.1120,0.1070,0.1100,466446
FORTE,20201230,40.0000,41.0000,39.5500,41.0000,5266
GAMEOPS,20201230,19.5300,21.2750,19.0800,20.7200,17283
GAMFACTOR,20201230,13.5000,13.9900,13.4980,13.5600,5234
GAMFACTOR-PDA,20201230,13.4000,13.7640,12.9000,13.4500,14070
GETIN,20201230,0.8240,0.8300,0.8095,0.8240,400019
GETINOBLE,20201230,0.2145,0.2290,0.2145,0.2260,2343278
GLCOSMED,20201230,4.5400,4.5400,4.3200,4.4000,65672
GPW,20201230,46.3000,46.3000,45.6500,45.7000,74646
GROCLIN,20201230,1.0450,1.0450,1.0150,1.0350,47078
GRODNO,20201230,15.4000,15.5500,14.5500,15.4500,87818
GRUPAAZOTY,20201230,28.0000,28.1000,27.3000,27.4500,66117
GTC,20201230,7.2000,7.2600,7.2000,7.2000,286897
HANDLOWY,20201230,35.9500,35.9500,35.0000,35.1500,19625
HARPER,20201230,15.5000,16.2000,13.9500,14.4500,527037
HELIO,20201230,10.7000,10.9000,10.7000,10.9000,562
HERKULES,20201230,1.2650,1.3000,1.2600,1.2650,79066
HMINWEST,20201230,10.7000,10.7000,10.6000,10.6000,268
HUBSTYLE,20201230,1.1400,1.1400,1.0000,1.1100,13659
HYDROTOR,20201230,27.4000,28.0000,27.4000,27.8000,1088
I2DEV,20201230,8.6000,8.8500,8.6000,8.8500,169
IDEABANK,20201230,1.5980,1.6400,1.5700,1.5880,150405
IDMSA,20201230,1.3500,1.3500,1.2600,1.2700,23136
IFCAPITAL,20201230,0.1190,0.1190,0.1100,0.1190,46932
IFIRMA,20201230,5.5200,5.9000,5.5200,5.9000,12032
IMCOMPANY,20201230,18.1000,18.1000,17.9500,17.9500,1223
IMMOBILE,20201230,2.5000,2.5000,2.3800,2.3800,1033
IMPEL,20201230,13.5000,13.6000,13.5000,13.6000,5719
IMPERA,20201230,1.9000,1.9500,1.8400,1.9500,73970
IMS,20201230,2.4100,2.5400,2.4000,2.5400,24511
INC,20201230,7.0600,7.2400,6.9600,7.0600,66071
INGBSK,20201230,171.8000,171.8000,171.0000,171.0000,14676
INPRO,20201230,4.6600,4.6600,4.6600,4.6600,118
INSTALKRK,20201230,19.8000,21.0000,19.8000,20.4000,2875
INTERAOLT,20201230,18.7000,18.8000,18.3000,18.8000,10328
INTERCARS,20201230,235.0000,238.0000,232.0000,236.0000,279
INTERFERI,20201230,4.6400,4.8600,4.6400,4.6400,21
INTERSPPL,20201230,1.1100,1.1100,1.1100,1.1100,5006
INTLALE35055,20201230,28.4500,28.4500,28.3500,28.3500,44
INTLALE36046,20201230,23.6500,23.9000,23.1000,23.1000,622
INTLBCO36590,20201230,30.1000,30.1000,27.6500,29.8000,386
INTLBCO36608,20201230,34.4500,34.4500,34.4500,34.4500,43
INTLBND00497,20201230,145.6000,145.6000,145.6000,145.6000,15
INTLCCC31005,20201230,6.0000,6.0000,6.0000,6.0000,250
INTLCCC36475,20201230,3.8500,3.9600,3.8000,3.8700,1158
INTLCDR22285,20201230,16.9800,16.9800,16.9800,16.9800,1
INTLCDR22509,20201230,14.0200,14.0200,14.0200,14.0200,21
INTLCDR22848,20201230,11.6400,11.8800,11.1000,11.7200,503
INTLCDR22863,20201230,13.2000,13.2000,13.2000,13.2000,530
INTLCDR23192,20201230,10.1600,10.1600,9.5100,10.0000,1044
INTLCDR23200,20201230,10.8400,10.9000,10.4000,10.8000,1009
INTLCDR28951,20201230,8.4300,8.4300,7.5000,7.9800,20667
INTLCDR28969,20201230,9.1000,9.3300,8.5000,8.6200,10378
INTLDAX29959,20201230,215.5000,215.5000,215.5000,215.5000,10
INTLDAX30791,20201230,173.0000,173.0000,173.0000,173.0000,116
INTLDAX31872,20201230,127.4000,127.4000,127.4000,127.4000,23
INTLDAX35618,20201230,96.8000,96.8000,96.8000,96.8000,4
INTLDAX35923,20201230,53.5000,53.5000,49.7000,52.4000,431
INTLDNP32656,20201230,12.6600,12.6600,12.6600,12.6600,30
INTLDNP34710,20201230,10.9800,10.9800,10.9800,10.9800,40
INTLDNP35493,20201230,8.6800,8.6800,8.1400,8.5800,578
INTLDOW36558,20201230,88.0000,88.0000,88.0000,88.0000,12
INTLESX36194,20201230,17.2200,17.2200,16.3000,16.8000,40
INTLEUD24364,20201230,66.0000,66.0000,66.0000,66.0000,10
INTLEUR25650,20201230,36.5500,40.8500,36.5500,40.8500,60
INTLEUR27599,20201230,21.6000,27.0500,21.2000,27.0500,11150
INTLGBP32250,20201230,41.5500,41.5500,41.5500,41.5500,10
INTLGBP32722,20201230,41.2500,41.2500,41.2500,41.2500,40
INTLGBU34850,20201230,38.1500,38.4000,38.1500,38.4000,500
INTLGLD23069,20201230,206.0000,210.0000,206.0000,210.0000,13
INTLGLD30148,20201230,300.0000,300.0000,300.0000,300.0000,17
INTLGLD31310,20201230,97.6000,97.6000,97.6000,97.6000,10
INTLGLD33100,20201230,62.6000,65.8000,62.0000,65.3000,509
INTLJSW32136,20201230,13.9600,14.0000,13.9600,14.0000,150
INTLJSW35386,20201230,12.0200,12.0200,12.0200,12.0200,85
INTLJSW36020,20201230,9.8400,9.8400,9.8300,9.8300,200
INTLJSW36715,20201230,8.4100,8.6400,8.4100,8.6400,20
INTLKGH33951,20201230,95.0000,95.0000,95.0000,95.0000,50
INTLKGH36228,20201230,56.9000,56.9000,56.9000,56.9000,190
INTLKGH36376,20201230,46.2500,46.2500,44.5500,44.5500,34
INTLLTS34702,20201230,19.6600,19.7200,19.6600,19.7200,914
INTLLTS36509,20201230,17.4000,17.4000,16.8000,16.9600,457
INTLNAG34462,20201230,3.8400,3.8400,3.8400,3.8400,2000
INTLNAG36616,20201230,1.9900,2.1400,1.9900,2.1300,2735
INTLNDX20065,20201230,248.0000,248.0000,248.0000,248.0000,84
INTLNDX35659,20201230,65.9000,65.9000,65.9000,65.9000,31
INTLNDX36566,20201230,54.0000,54.0000,53.9000,53.9000,529
INTLOPL21626,20201230,2.9300,2.9300,2.9300,2.9300,1000
INTLPAL25080,20201230,394.0000,394.0000,394.0000,394.0000,11
INTLPEO35451,20201230,25.8500,25.8500,25.8500,25.8500,100
INTLPEO36251,20201230,15.2400,15.7800,14.4400,14.6800,1010
INTLPGE31427,20201230,3.0600,3.0600,3.0600,3.0600,1000
INTLPGE35337,20201230,2.5000,2.5000,2.5000,2.5000,1250
INTLPGE35741,20201230,1.7100,1.8400,1.7100,1.8400,9952
INTLPGN32615,20201230,1.8400,1.8600,1.8400,1.8600,2540
INTLPKN04101,20201230,27.0000,27.1500,27.0000,27.1500,225
INTLPKN35840,20201230,17.9800,18.1400,17.6000,17.6200,766
INTLPKN35857,20201230,19.7000,19.7000,19.6000,19.6000,186
INTLPKN36392,20201230,9.5000,9.7900,8.6000,8.8100,2985
INTLPKN36400,20201230,11.0600,11.0600,11.0600,11.0600,15
INTLPKN36418,20201230,14.2400,14.2400,13.5000,13.5000,373
INTLPKO29405,20201230,14.1800,14.1800,14.1800,14.1800,277
INTLPKO35816,20201230,11.0400,11.0400,11.0400,11.0400,284
INTLPKO36236,20201230,7.0100,7.0100,6.2200,6.2200,3030
INTLPLA30916,20201230,14.3600,14.3600,14.3600,14.3600,7
INTLPLA33084,20201230,10.5200,10.5200,10.5200,10.5200,370
INTLPLA35709,20201230,8.5000,8.5000,8.5000,8.5000,51
INTLPLA35717,20201230,9.9900,9.9900,9.9900,9.9900,100
INTLPLA36178,20201230,7.6200,7.9400,7.3700,7.9400,1476
INTLPZU15800,20201230,14.9000,14.9000,14.9000,14.9000,200
INTLPZU35766,20201230,11.7000,11.7000,11.5000,11.5000,401
INTLPZU35980,20201230,9.7300,9.7300,9.0900,9.0900,2201
INTLPZU35998,20201230,10.7000,10.7000,10.7000,10.7000,467
INTLSLV29314,20201230,64.2000,64.2000,64.2000,64.2000,4
INTLSLV29330,20201230,67.4000,67.4000,67.4000,67.4000,50
INTLSLV29728,20201230,54.8000,54.8000,54.8000,54.8000,22
INTLSLV30189,20201230,48.2000,48.2000,48.2000,48.2000,10
INTLSLV33340,20201230,20.5500,20.5500,20.5500,20.5500,105
INTLSLV33357,20201230,23.5000,23.7000,23.5000,23.7000,5973
INTLSLV33365,20201230,26.4000,26.4000,26.4000,26.4000,40
INTLSLV33373,20201230,29.3500,29.3500,29.1500,29.1500,90
INTLSLV36582,20201230,18.1000,18.5000,18.1000,18.5000,437
INTLSPX23622,20201230,62.6000,62.6000,62.6000,62.6000,125
INTLSPX31575,20201230,45.6500,45.6500,45.6500,45.6500,50
INTLSPX32862,20201230,36.4000,36.4000,36.4000,36.4000,550
INTLSPX34900,20201230,22.2000,22.2000,22.2000,22.2000,13
INTLSPX35972,20201230,17.4800,17.4800,17.3200,17.4800,1419
INTLTNF25320,20201230,67.8000,70.3000,67.8000,70.3000,180
INTLTNF34090,20201230,30.4000,31.0000,30.4000,31.0000,41
INTLUSD20602,20201230,14.4000,19.3400,12.9000,19.1800,13815
INTLUSD20610,20201230,19.7000,23.7000,18.0000,23.7000,4426
INTLUSD20826,20201230,25.0500,28.5500,23.5500,28.5500,446
INTLUSD20842,20201230,30.9500,35.7000,29.5000,34.6500,8593
INTLW2028688,20201230,6.8500,6.8500,6.8500,6.8500,38
INTLW2030593,20201230,5.6300,5.6300,5.6300,5.6300,100
INTLW2035261,20201230,5.0500,5.0500,4.9800,4.9800,10
INTLW2035543,20201230,3.9800,3.9800,3.9800,3.9800,552
INTLW2035584,20201230,4.8200,4.8200,4.8200,4.8200,630
INTLW2035907,20201230,3.6800,3.6800,3.5500,3.5500,268
INTLW2036079,20201230,2.5000,2.5000,2.4700,2.4700,1400
INTLW2036087,20201230,2.8000,2.8000,2.8000,2.8000,1858
INTLW2036095,20201230,2.9000,2.9000,2.9000,2.9000,100
INTLW2036103,20201230,3.2800,3.2800,3.2200,3.2200,60
INTLW2036533,20201230,2.2200,2.2200,2.0000,2.0800,13801
INTROL,20201230,4.4000,4.4200,4.2200,4.3800,19312
INTSALE35212,20201230,55.8000,55.8000,55.0000,55.8000,280
INTSALE36285,20201230,42.1000,42.2500,42.1000,42.2500,550
INTSALE36749,20201230,29.3500,29.7500,29.3500,29.7500,155
INTSBCO28050,20201230,24.7000,26.5000,24.6000,26.5000,124
INTSBCO28076,20201230,39.6000,39.6000,39.6000,39.6000,100
INTSCCC27029,20201230,4.4600,4.4600,4.2500,4.2500,554
INTSCCC27698,20201230,1.9300,1.9600,1.7800,1.7800,19692
INTSCDR34124,20201230,27.7500,27.7500,27.7500,27.7500,1
INTSCDR34199,20201230,31.6000,31.6500,31.6000,31.6500,114
INTSCDR36673,20201230,13.8800,14.5200,13.7200,14.1200,6475
INTSCDR36681,20201230,20.2000,20.6000,20.2000,20.6000,320
INTSDAX26591,20201230,24.7000,29.1000,24.7000,27.8500,7655
INTSDAX26609,20201230,38.9000,42.0500,38.9000,41.0500,333
INTSDAX36111,20201230,51.0000,55.7000,51.0000,53.8000,800
INTSDOW33282,20201230,49.9500,49.9500,49.9500,49.9500,6
INTSESX26021,20201230,15.2000,15.2000,15.2000,15.2000,100
INTSEUD05033,20201230,32.2000,32.2000,32.1500,32.1500,120
INTSEUR29165,20201230,26.2000,26.2000,18.6200,18.6200,2578
INTSEUR29173,20201230,26.3500,27.4000,24.0000,25.7000,624
INTSEUR29181,20201230,30.6500,31.9000,28.0000,28.2000,1493
INTSEUR29686,20201230,36.1500,36.1500,35.3000,35.3000,11370
INTSEUR34611,20201230,43.3000,43.3000,38.1000,39.3500,3907
INTSEUR35402,20201230,16.4800,16.4800,14.3200,14.3200,7960
INTSEUR35410,20201230,16.2800,16.2800,16.2800,16.2800,2439
INTSGBU20107,20201230,35.9500,35.9500,35.9500,35.9500,20
INTSGBU21030,20201230,53.0000,53.0000,53.0000,53.0000,30
INTSGBU26971,20201230,20.6500,20.6500,19.5000,20.5500,2887
INTSGLD36319,20201230,46.0500,46.6000,46.0500,46.6000,20
INTSHSC27102,20201230,29.6000,29.6000,29.6000,29.6000,200
INTSJSW36723,20201230,10.1600,10.1600,10.1600,10.1600,100
INTSKGH36657,20201230,32.0500,33.3500,30.7500,30.7500,242
INTSKGH36665,20201230,46.2000,47.9000,46.2000,47.1000,220
INTSLTS34041,20201230,14.8800,14.8800,14.8800,14.8800,50
INTSLTS34058,20201230,20.4000,20.4000,20.4000,20.4000,40
INTSNAG27797,20201230,6.4000,6.4000,6.4000,6.4000,25
INTSNDX33241,20201230,26.2000,28.6000,25.9500,28.6000,904
INTSNDX33258,20201230,41.3500,43.0000,41.3500,43.0000,106
INTSNKX36137,20201230,132.8000,133.4000,132.8000,133.4000,20
INTSOPL09423,20201230,2.4000,2.4000,2.4000,2.4000,5
INTSPEO24687,20201230,59.6000,60.0000,59.6000,60.0000,104
INTSPEO32326,20201230,12.0000,12.2200,11.9000,11.9200,540
INTSPKN27649,20201230,20.7000,20.7000,20.7000,20.7000,628
INTSPKO26997,20201230,14.3800,15.2200,14.3800,15.2200,645
INTSPLA33803,20201230,6.5100,6.5100,6.5100,6.5100,100
INTSPZU20131,20201230,14.6200,15.1000,14.6200,15.1000,1231
INTSPZU34165,20201230,5.5900,6.0500,5.5900,6.0500,1592
INTSSLV34538,20201230,10.4000,10.4000,10.1400,10.1400,304
INTSSPX34140,20201230,7.2000,7.5600,7.2000,7.5600,703
INTSSPX34215,20201230,19.5000,19.5000,19.5000,19.5000,20
INTSSPX34439,20201230,32.2000,32.2000,32.2000,32.2000,100
INTSUSD29694,20201230,60.6000,60.6000,60.6000,60.6000,1300
INTSUSD30064,20201230,53.7000,53.7000,53.7000,53.7000,20
INTSUSD32235,20201230,41.5000,41.5000,41.5000,41.5000,2
INTSUSD32243,20201230,51.9000,51.9000,51.9000,51.9000,96
INTSUSD32698,20201230,36.5000,36.5000,34.4000,34.4000,145
INTSUSD35428,20201230,32.8500,32.8500,27.8000,28.8000,4120
INTSUSD35535,20201230,27.4000,27.4000,21.9500,21.9500,4754
INTSUSD36061,20201230,21.9000,22.1500,16.0200,16.0200,2612
INTSW2019430,20201230,5.0600,5.1600,5.0600,5.1600,400
INTSW2019976,20201230,8.1700,8.1700,8.1700,8.1700,100
INTSW2024257,20201230,2.9500,2.9500,2.9500,2.9500,1000
INTSW2026005,20201230,2.5900,2.7100,2.5900,2.7100,746
INTSW2027078,20201230,1.9800,1.9800,1.9800,1.9800,100
INTSW2027243,20201230,1.3600,1.5900,1.3600,1.5500,17353
INTSW2027409,20201230,1.0700,1.3700,1.0700,1.3000,55782
INVFIZ,20201230,943.1000,943.1000,943.1000,943.1000,9
INVGLDFIZ,20201230,1818.0000,1828.0000,1818.0000,1828.0000,15
IPOPEMA,20201230,4.2600,4.3600,4.2400,4.3600,27404
ITMTRADE,20201230,0.1150,0.1320,0.1150,0.1200,68157
IZOBLOK,20201230,36.9000,37.7000,36.9000,36.9000,179
IZOLACJA,20201230,2.1700,2.2500,2.1600,2.2500,15950
IZOSTAL,20201230,2.6000,2.6500,2.5700,2.6500,22402
JSW,20201230,26.0000,26.1900,25.6000,25.9500,507270
JWCONSTR,20201230,2.9500,2.9900,2.9500,2.9900,2016
JWWINVEST,20201230,2.4600,2.7000,2.4600,2.7000,8180
K2INTERNT,20201230,22.6000,23.2000,22.6000,23.2000,2359
KCI,20201230,0.7140,0.7140,0.6940,0.7100,12512
KERNEL,20201230,47.0000,49.7500,46.9000,49.3000,69065
KETY,20201230,500.0000,503.0000,491.0000,491.5000,2913
KGHM,20201230,186.5000,187.0000,182.6500,183.0000,478823
KGL,20201230,18.1500,18.2500,17.5000,17.5500,6685
KINOPOL,20201230,8.1500,8.1500,7.6000,7.8000,7729
KOGENERA,20201230,33.9000,36.5000,33.9000,35.0000,5208
KOMPAP,20201230,11.1000,11.1000,10.2000,10.2000,1205
KOMPUTRON,20201230,2.5900,2.6200,2.5400,2.5900,37823
KPPD,20201230,28.2000,28.2000,28.2000,28.2000,61
KREC,20201230,9.1800,9.2000,8.9800,9.1800,10633
KREDYTIN,20201230,9.9000,9.9000,9.9000,9.9000,2
KRKA,20201230,426.0000,430.0000,420.0000,429.0000,44
KRUK,20201230,145.0000,145.0000,140.7000,142.0000,11729
KRUSZWICA,20201230,66.0000,66.2000,66.0000,66.0000,3422
KRVITAMIN,20201230,18.8000,19.7000,18.5500,19.3000,13061
KSGAGRO,20201230,2.6400,2.7000,2.5000,2.6800,25615
LABOPRINT,20201230,11.9000,11.9000,11.6500,11.6500,502
LARQ,20201230,1.7950,1.7950,1.6600,1.6600,79934
LENA,20201230,3.8000,3.9000,3.8000,3.8500,14473
LENTEX,20201230,11.4000,11.4500,11.1000,11.4000,45856
LIBET,20201230,2.4800,2.4800,2.4000,2.4600,1789
LIVECHAT,20201230,107.2000,107.2000,104.2000,105.0000,8537
LOKUM,20201230,12.8000,13.3000,12.8000,13.3000,2284
LOTOS,20201230,42.0000,42.2500,41.1500,41.4500,471413
LPP,20201230,8210.0000,8365.0000,8140.0000,8285.0000,2887
LSISOFT,20201230,11.2000,11.8500,11.0000,11.8000,39723
LUBAWA,20201230,1.3500,1.3900,1.3400,1.3800,208388
MABION,20201230,20.5000,20.9000,20.2000,20.7500,19706
MAKARONPL,20201230,5.6500,5.7000,5.6500,5.7000,1956
MANGATA,20201230,64.5000,64.5000,61.5000,63.5000,545
MARVIPOL,20201230,5.0200,5.3400,4.9800,5.2800,22620
MASTERPHA,20201230,3.5500,3.9000,3.5500,3.8300,21819
MAXCOM,20201230,12.2500,12.5000,12.1500,12.4500,4347
MBANK,20201230,188.8000,188.8000,178.7000,179.2000,83429
MBWS,20201230,5.7000,5.7900,5.5700,5.7000,1433
MCI,20201230,15.5000,15.6500,15.3000,15.6500,2441
MDIENERGIA,20201230,3.2900,3.3000,3.2000,3.2700,11051
MEDIACAP,20201230,1.4250,1.7200,1.4250,1.7200,103747
MEDICALG,20201230,22.5000,22.7000,22.2000,22.7000,7970
MEDINICE,20201230,18.0000,18.0000,15.7000,17.3000,110412
MENNICA,20201230,19.4000,19.5000,19.0000,19.3000,6649
MERCATOR,20201230,419.0000,430.0000,411.0000,422.0000,81233
MERCOR,20201230,10.9500,11.5000,10.9500,11.2500,12587
MEXPOLSKA,20201230,1.3200,1.3500,1.3200,1.3500,2233
MFO,20201230,28.0000,28.0000,27.4000,27.4000,52
MILKILAND,20201230,0.6700,0.6700,0.6600,0.6600,19381
MILLENNIUM,20201230,3.4120,3.4120,3.2500,3.2700,1423662
MIRACULUM,20201230,1.1250,1.1400,1.1150,1.1400,20494
MIRBUD,20201230,3.3800,3.4100,3.3100,3.3500,357824
MLPGROUP,20201230,84.0000,84.0000,83.0000,83.0000,592
MLSYSTEM,20201230,87.6000,88.0000,84.0000,84.2000,21100
MOBRUK,20201230,240.0000,248.0000,228.0000,230.0000,18298
MOJ,20201230,1.1500,1.1600,1.1500,1.1600,10037
MOL,20201230,25.5000,27.6000,25.5000,27.6000,2109
MONNARI,20201230,1.9600,2.0000,1.8900,1.9900,84165
MOSTALPLC,20201230,9.0200,9.9200,9.0000,9.9000,17994
MOSTALWAR,20201230,4.7000,5.3800,4.6200,5.0400,52284
MOSTALZAB,20201230,1.0450,1.3300,1.0400,1.3300,2177111
MUZA,20201230,2.8200,2.8200,2.8200,2.8200,2750
MWTRADE,20201230,1.8500,1.8600,1.8200,1.8200,5744
NANOGROUP,20201230,4.0200,4.4800,4.0200,4.3800,57196
NETIA,20201230,5.0200,5.0600,5.0000,5.0600,102724
NEUCA,20201230,652.0000,656.0000,647.0000,651.0000,5542
NEWAG,20201230,26.0000,26.6000,25.9000,26.2000,3115
NEXITY,20201230,19.3000,19.3000,18.2000,19.2000,1195
NOVATURAS,20201230,12.4000,12.4000,12.4000,12.4000,133
NOVAVISGR,20201230,1.8400,1.8400,1.7800,1.8400,3363
NOVITA,20201230,131.0000,134.0000,130.0000,130.0000,225
NTTSYSTEM,20201230,4.6900,5.4400,4.6400,5.1600,140121
OAT,20201230,53.8000,54.0000,49.5000,50.6000,112667
ODLEWNIE,20201230,4.9100,5.0200,4.8700,5.0200,6877
OEX,20201230,16.4000,17.9000,16.3000,17.9000,12282
OPENFIN,20201230,0.9500,0.9880,0.9500,0.9500,3148
OPONEO.PL,20201230,42.0000,42.0000,40.8000,41.2000,17413
OPTEAM,20201230,14.0000,15.2000,13.8000,15.1000,22619
ORANGEPL,20201230,6.5050,6.6700,6.5050,6.5900,2315262
ORZBIALY,20201230,12.8000,12.9000,12.7000,12.8000,1800
OTLOG,20201230,4.2000,4.3400,4.0000,4.3400,30084
OTMUCHOW,20201230,1.6900,1.6900,1.6700,1.6900,1003
OVOSTAR,20201230,75.0000,82.5000,75.0000,82.5000,158
PAMAPOL,20201230,1.4000,1.4800,1.3900,1.4600,31800
PANOVA,20201230,10.6000,10.6000,10.6000,10.6000,300
PATENTUS,20201230,0.9520,0.9960,0.9520,0.9960,7452
PBKM,20201230,77.6000,77.6000,76.0000,76.0000,181
PCCEXOL,20201230,3.3300,3.3600,3.2700,3.3000,209986
PCCROKITA,20201230,52.4000,52.4000,51.2000,51.8000,3073
PCFGROUP,20201230,71.8500,71.8500,70.2000,70.2100,29871
PCFGROUP-PDA,20201230,71.6500,71.6500,70.4200,70.5500,31297
PEKABEX,20201230,17.0000,17.0000,16.6500,16.9000,2026
PEKAO,20201230,62.8000,62.8000,60.6600,61.1000,1102760
PEMANAGER,20201230,15.0500,15.0500,15.0500,15.0500,160
PEP,20201230,54.0000,55.0000,54.0000,54.2000,5468
PEPEES,20201230,1.3600,1.3600,1.3500,1.3600,26288
PGE,20201230,6.4600,6.6520,6.4320,6.5000,2880132
PGNIG,20201230,5.5200,5.5700,5.4900,5.5420,3078530
PGO,20201230,1.3100,1.3700,1.3100,1.3700,14199
PGSSOFT,20201230,13.1000,13.1000,12.8000,13.0500,4619
PHARMENA,20201230,8.7400,9.0600,8.4000,9.0000,6621
PHN,20201230,11.0000,11.3500,11.0000,11.3500,8964
PKNORLEN,20201230,59.2000,59.3000,57.6000,57.7200,1451962
PKOASZEWZ,20201230,97.2200,97.2200,97.2200,97.2200,25
PKOBP,20201230,30.3000,30.3500,28.7000,28.7200,2867630
PKOGS,20201230,89.6600,89.6600,89.6600,89.6600,25
PKOSO,20201230,107.3300,107.3300,107.3300,107.3300,2
PKPCARGO,20201230,13.7000,13.8600,13.6000,13.7000,64283
PLASTBOX,20201230,1.9300,1.9300,1.9250,1.9300,5371
PLAYWAY,20201230,637.0000,640.0000,626.0000,633.0000,4257
PLAZACNTR,20201230,1.5500,1.6200,1.5500,1.6200,625
PMPG,20201230,1.9600,2.1000,1.9400,2.0600,18374
POLICE,20201230,12.2000,12.2000,12.1000,12.2000,2416
POLIMEXMS,20201230,3.1500,3.7400,3.0100,3.7200,5843925
POLNORD,20201230,3.5250,3.5550,3.5250,3.5300,10128
POLWAX,20201230,3.9000,4.1200,3.9000,4.0800,130012
POZBUD,20201230,2.2400,2.2800,2.1800,2.2800,71014
PRAGMAFA,20201230,24.2000,24.2000,24.2000,24.2000,2299
PRAGMAINK,20201230,5.8000,5.8200,5.8000,5.8200,110
PRAIRIE,20201230,0.4995,0.5700,0.4980,0.5490,2241240
PRIMETECH,20201230,1.1700,1.1700,1.1700,1.1700,8
PROCHEM,20201230,18.7500,18.7500,18.7500,18.7500,2
PROJPRZEM,20201230,16.4500,16.4500,16.1000,16.1000,14
PROTEKTOR,20201230,3.5400,3.6400,3.5000,3.6000,7411
PROVIDENT,20201230,4.2700,4.2900,4.2100,4.2400,20526
PULAWY,20201230,85.8000,87.0000,85.0000,85.8000,1751
PUNKPIRAT,20201230,0.7700,0.7700,0.7100,0.7450,57205
PURE,20201230,111.5000,112.5000,108.0000,111.5000,696
PURE-PDA,20201230,108.0000,108.5000,107.0000,107.5000,2395
PZU,20201230,32.8000,33.0000,32.0100,32.3600,2944432
QUERCUS,20201230,3.5900,3.6800,3.5600,3.6600,65714
R22,20201230,34.8000,34.8000,34.2000,34.7000,3183
RADPOL,20201230,2.3200,2.3200,2.2700,2.3200,8640
RAFAKO,20201230,0.9600,0.9800,0.9100,0.9320,1131353
RAFAMET,20201230,14.9000,14.9000,14.8000,14.9000,107
RAINBOW,20201230,23.8000,23.8000,23.2000,23.6000,21783
RANKPROGR,20201230,1.8000,1.8000,1.7600,1.7900,26302
RAWLPLUG,20201230,8.5800,9.3200,8.5800,9.0000,1725
RCBIEAOPEN,20201230,30.3000,30.3000,30.3000,30.3000,7
RCCOCOOPEN,20201230,89.3000,89.3000,89.3000,89.3000,160
RCCOFFAOPEN1,20201230,2.9300,2.9300,2.9300,2.9300,1050
RCCORAOPEN,20201230,6.8900,6.8900,6.8900,6.8900,10
RCESXPP08232,20201230,983.5000,983.5000,983.5000,983.5000,100
RCFL10GOLD,20201230,8.8600,9.3100,8.7200,9.2200,1685
RCFL10GOLD1,20201230,4.1500,4.3100,4.1500,4.2600,16600
RCFL2COFF,20201230,1.7600,1.7600,1.7600,1.7600,150
RCFL2DNP,20201230,25.1000,25.1000,25.1000,25.1000,100
RCFL2GOLD,20201230,94.3000,95.3000,94.3000,95.3000,4
RCFL2GOLD1,20201230,11.5600,11.5600,11.5600,11.5600,5
RCFL2PLAT1,20201230,9.8200,9.9500,9.8200,9.9500,351
RCFL2SILVE,20201230,35.2000,35.2000,35.2000,35.2000,4
RCFL3ADS12,20201230,13.5600,13.5600,13.5600,13.5600,2000
RCFL3CCC,20201230,0.1100,0.1500,0.1100,0.1100,852
RCFL3CCC1,20201230,31.6000,32.2000,31.5500,31.5500,160
RCFL3CDPRO1,20201230,21.6500,21.6500,21.6500,21.6500,65
RCFL3CDPRO2,20201230,2.1500,2.1500,1.9300,2.0800,3115
RCFL3COFF2,20201230,3.9100,3.9100,3.9100,3.9100,200
RCFL3CORN2,20201230,18.6400,18.6400,18.6400,18.6400,2
RCFL3ENA,20201230,4.4000,4.4000,4.4000,4.4000,410
RCFL3EUH,20201230,0.7800,0.7800,0.7800,0.7800,9990
RCFL3EUH1,20201230,7.6800,7.7800,7.6800,7.7800,480
RCFL3GOLD,20201230,63.6000,64.5000,63.6000,64.5000,4
RCFL3JSW,20201230,0.5600,0.5600,0.5500,0.5600,36692
RCFL3KGH,20201230,10.8000,10.8000,10.8000,10.8000,50
RCFL3LTS1,20201230,0.2800,0.3000,0.2800,0.2900,30639
RCFL3MBK,20201230,1.4400,1.4400,1.3300,1.3300,51943
RCFL3MSFIN,20201230,2.2300,2.2300,2.1800,2.1800,2260
RCFL3MWIG40,20201230,7.2500,7.2500,7.2500,7.2500,300
RCFL3NAG2,20201230,1.4400,1.4900,1.4400,1.4900,5000
RCFL3OIL2,20201230,1.9800,2.0500,1.9800,2.0500,1274
RCFL3OIL3,20201230,0.1800,0.1800,0.1800,0.1800,1000
RCFL3OPL,20201230,5.5900,5.5900,5.5900,5.5900,300
RCFL3PEO,20201230,1.1400,1.1500,1.1300,1.1500,103000
RCFL3PEO1,20201230,13.8600,13.8600,13.1000,13.7200,1839
RCFL3PGE,20201230,0.1800,0.1800,0.1800,0.1800,1000
RCFL3PKO,20201230,5.0600,5.0600,4.9500,4.9500,2800
RCFL3PLAT1,20201230,6.5000,6.7000,6.5000,6.7000,408
RCFL3PLAT2,20201230,14.0400,14.0400,14.0400,14.0400,100
RCFL3PZU,20201230,17.4600,17.4600,16.6000,16.6000,750
RCFL3SILVE,20201230,7.1700,7.1700,7.1700,7.1700,64
RCFL3SILVE3,20201230,20.0000,20.0500,20.0000,20.0500,20
RCFL3SOY,20201230,9.6000,9.7100,9.6000,9.7100,75
RCFL3SUGA,20201230,0.5500,0.5500,0.5500,0.5500,115
RCFL3TEN,20201230,6.0100,6.6400,6.0100,6.6400,1410
RCFL3TPE,20201230,9.4600,9.4600,9.4600,9.4600,200
RCFL3W20,20201230,32.1500,32.1500,32.1500,32.1500,2
RCFL3WHT3,20201230,10.8400,10.8400,10.8400,10.8400,50
RCFL4CDPRO,20201230,1.3700,1.3700,1.1800,1.2700,471780
RCFL4CDPRO1,20201230,0.2100,0.2200,0.2100,0.2200,4800
RCFL4DNP,20201230,40.1000,40.1500,35.6000,35.6000,293
RCFL4GAMES,20201230,37.8000,38.6000,37.4000,38.6000,470
RCFL4GOLD,20201230,21.6500,21.6500,21.6500,21.6500,70
RCFL4KGH,20201230,14.0600,14.0600,13.9400,13.9400,260
RCFL4NAG2,20201230,0.4900,0.4900,0.4900,0.4900,4660
RCFL4OIL4,20201230,17.1600,17.1600,17.1600,17.1600,2
RCFL4PEO1,20201230,7.4400,7.4400,7.4400,7.4400,1261
RCFL4PGE,20201230,6.8300,6.8300,6.8300,6.8300,1500
RCFL4PKN1,20201230,2.7000,2.7000,2.7000,2.7000,6000
RCFL4PKO,20201230,0.6000,0.6000,0.6000,0.6000,12000
RCFL4PKO1,20201230,13.0000,13.0000,13.0000,13.0000,100
RCFL4PLAT1,20201230,0.6900,0.6900,0.6900,0.6900,500
RCFL4PLAT2,20201230,12.6400,12.6400,12.6400,12.6400,540
RCFL4PZU,20201230,0.9200,0.9200,0.9200,0.9200,9350
RCFL4SILVE2,20201230,10.4400,10.4400,10.4400,10.4400,25
RCFL4SOY,20201230,21.9000,21.9000,21.9000,21.9000,1
RCFL5ALE,20201230,17.3800,17.3800,17.2800,17.2800,40
RCFL5COCO1,20201230,1.0400,1.0400,1.0400,1.0400,1000
RCFL5GOLD,20201230,21.7000,22.3000,21.7000,22.3000,301
RCFL5MSFIN,20201230,0.2600,0.2600,0.2600,0.2600,50000
RCFL5MWIG40,20201230,2.6800,2.6800,2.6800,2.6800,600
RCFL5NAG4,20201230,0.7400,0.7400,0.7100,0.7100,89088
RCFL5SILVE,20201230,1.5900,1.5900,1.5600,1.5700,23000
RCFL5SUGA1,20201230,1.4100,1.4100,1.4100,1.4100,1000
RCFL6GOLD1,20201230,10.3000,10.8000,10.3000,10.8000,550
RCFL6NAG1,20201230,0.0200,0.0200,0.0200,0.0200,7000
RCFL6NAG3,20201230,0.2500,0.2600,0.2500,0.2600,84142
RCFL6PLAT2,20201230,8.2600,8.5200,8.1600,8.3900,9899
RCFL6SILVE,20201230,1.8400,1.9400,1.8400,1.9400,1650
RCFL6SILVE2,20201230,12.4800,12.4800,12.4800,12.4800,10
RCFL6W20,20201230,17.7000,17.7000,16.8200,17.0600,574
RCFL8COFF1,20201230,0.5500,0.5500,0.5500,0.5500,2000
RCFL8SILVE2,20201230,0.8100,0.8100,0.8100,0.8100,3239
RCFODAOPEN,20201230,42.5000,42.5000,42.5000,42.5000,6
RCFS10GOLD1,20201230,0.1400,0.1400,0.1400,0.1400,1
RCFS2KGH,20201230,1.7500,1.7500,1.7500,1.7500,7000
RCFS2OIL4,20201230,5.9000,5.9000,5.9000,5.9000,400
RCFS3CDPRO,20201230,5.2200,5.3900,5.2200,5.3900,140
RCFS3COFF,20201230,7.0600,7.0600,7.0600,7.0600,4
RCFS3FDX,20201230,3.9700,3.9700,3.9700,3.9700,123
RCFS3KGH,20201230,0.0600,0.0600,0.0600,0.0600,800
RCFS3KGH1,20201230,2.5900,2.7300,2.5900,2.7300,4351
RCFS3PALL4,20201230,1.0900,1.0900,1.0900,1.0900,1000
RCFS3PGE,20201230,0.7000,0.7000,0.7000,0.7000,5
RCFS3PKO,20201230,2.1400,2.3300,2.1400,2.3300,9046
RCFS3SILVE3,20201230,8.3000,8.3000,8.2800,8.2800,47
RCFS3SOY,20201230,3.9000,3.9000,3.8500,3.8800,31531
RCFS3TPE,20201230,0.3100,0.3100,0.3100,0.3100,2000
RCFS3W20,20201230,18.4000,19.0000,18.4000,19.0000,2600
RCFS4CDPRO1,20201230,3.0000,3.2800,2.8900,3.1800,23278
RCFS4COFF3,20201230,7.4800,7.4800,7.4000,7.4200,12000
RCFS4DNP,20201230,1.7200,1.7200,1.6600,1.6600,560
RCFS4KGH1,20201230,1.4100,1.5300,1.4100,1.4600,13322
RCFS4LPP,20201230,1.0300,1.0300,1.0300,1.0300,2050
RCFS4OIL2,20201230,0.0900,0.0900,0.0900,0.0900,10
RCFS4PEO,20201230,4.6900,5.0200,4.6400,5.0200,32
RCFS4PGE,20201230,0.5100,0.5200,0.5000,0.5000,61888
RCFS4PKN,20201230,3.9400,3.9400,3.9400,3.9400,10
RCFS4PKO,20201230,2.2200,2.3300,2.2200,2.3300,3000
RCFS4SILVE,20201230,0.2200,0.2200,0.2200,0.2200,4000
RCFS5FW20,20201230,1.6800,1.7500,1.6700,1.7500,4200
RCFS5SOY,20201230,1.0500,1.0500,1.0500,1.0500,5000
RCFS5SUGA,20201230,1.5200,1.5500,1.4800,1.4800,18300
RCFS6COPP1,20201230,0.9000,0.9000,0.9000,0.9000,1
RCFS6OIL3,20201230,1.3500,1.3500,1.3500,1.3500,250
RCFS6W201,20201230,1.1200,1.1700,1.0900,1.1300,222488
RCFS8OIL2,20201230,0.3300,0.3300,0.3300,0.3300,4212
RCGLDAOPEN,20201230,715.0000,715.5000,715.0000,715.5000,2
RCGSXHC0122,20201230,1157.0000,1157.5000,1157.0000,1157.5000,61
RCGTECBSK0221,20201230,1088.0000,1088.0000,1088.0000,1088.0000,212
RCGTECBSK0621,20201230,1117.5000,1118.5000,1117.5000,1118.5000,107
RCLLCOOPEN,20201230,7.1100,7.2200,7.1100,7.2200,1850
RCLOILAOPEN,20201230,16.5000,16.5000,16.5000,16.5000,50
RCSP5AOPEN,20201230,138.0000,139.8000,138.0000,139.8000,30
RCSUGAOPEN,20201230,2.4800,2.4800,2.4800,2.4800,115
RCTLCORN06,20201230,5.5600,5.5600,5.5600,5.5600,14
RCTLKER1,20201230,1.8400,1.8400,1.8400,1.8400,1603
RCTLSABP2,20201230,8.5000,8.5000,8.5000,8.5000,120
RCTLTPE3,20201230,1.2600,1.2600,1.2600,1.2600,2000
RCTSKRU1,20201230,4.1500,4.1500,4.1500,4.1500,649
REDAN,20201230,0.1920,0.1920,0.1810,0.1910,9983
REINO,20201230,1.3800,1.4600,1.3200,1.4600,2566
RELPOL,20201230,5.6600,5.8200,5.6600,5.7200,14399
REMAK,20201230,10.1500,10.2000,10.0000,10.2000,12433
RONSON,20201230,1.3000,1.3000,1.2850,1.3000,45389
ROPCZYCE,20201230,23.4000,23.5000,23.3000,23.3000,1097
RYVU,20201230,49.0000,49.5000,49.0000,49.2000,8622
SANOK,20201230,19.4500,19.5500,19.2000,19.5500,15233
SANPL,20201230,190.0000,191.4000,185.5000,185.7000,57361
SANTANDER,20201230,11.8720,11.9000,11.7000,11.7000,6951
SANWIL,20201230,2.7600,2.7600,2.6600,2.6800,43639
SECOGROUP,20201230,12.8000,12.8000,12.8000,12.8000,5160
SEKO,20201230,9.4000,9.4000,8.5000,9.4000,7659
SELENAFM,20201230,17.9000,18.1000,17.7000,18.0500,2203
SELVITA,20201230,47.2000,49.3000,46.1000,49.3000,12172
SERINUS,20201230,0.2300,0.2540,0.2300,0.2480,3155289
SESCOM,20201230,28.2000,29.0000,28.0000,28.0000,241
SFINKS,20201230,0.3150,0.3220,0.3150,0.3180,66298
SILVAIR-REGS,20201230,7.5580,7.5580,7.0000,7.0000,1702
SILVANO,20201230,6.6000,6.6000,6.5000,6.5000,136
SIMPLE,20201230,13.0000,13.0000,13.0000,13.0000,2
SKARBIEC,20201230,25.6000,26.0000,24.4000,25.4000,318137
SKOTAN,20201230,1.5900,1.8000,1.5800,1.8000,53356
SKYLINE,20201230,0.7800,0.7900,0.7800,0.7900,800
SNIEZKA,20201230,88.4000,90.0000,88.2000,89.0000,1120
SOLAR,20201230,3.7400,3.7500,3.5000,3.6900,10175
SONEL,20201230,9.6500,9.6500,9.4000,9.6000,810
SOPHARMA,20201230,9.4000,9.4000,9.3500,9.4000,399
STALEXP,20201230,3.1900,3.4800,3.1800,3.4000,487269
STALPROD,20201230,299.0000,307.0000,295.5000,300.5000,5892
STALPROFI,20201230,7.2000,7.3400,7.2000,7.3400,9885
STAPORKOW,20201230,2.6000,2.6600,2.6000,2.6600,636
STARHEDGE,20201230,0.4550,0.4550,0.4350,0.4500,1915
SUNEX,20201230,5.1600,5.2400,5.0400,5.0400,27045
SUWARY,20201230,16.6000,16.6000,16.6000,16.6000,2
SWISSMED,20201230,6.6200,6.9000,6.3000,6.8000,49939
SYGNITY,20201230,8.4800,9.1000,8.2600,9.0800,148590
SYNEKTIK,20201230,27.4000,27.4000,26.8000,27.3000,3025
TALEX,20201230,11.5500,11.5500,11.3500,11.5000,105
TAURONPE,20201230,2.7200,2.7500,2.6920,2.7220,3195222
TBULL,20201230,27.3000,27.3000,25.7000,26.8000,4533
TERMOREX,20201230,1.1000,1.1400,1.0200,1.0500,901
TESGAS,20201230,4.3200,4.5800,4.1200,4.1800,66311
TIM,20201230,17.6500,18.4000,17.6500,18.4000,33889
TORPOL,20201230,12.7000,12.9000,12.6000,12.9000,40531
TOWERINVT,20201230,11.9000,11.9000,10.5000,11.4000,12229
TOYA,20201230,5.8000,5.8800,5.7800,5.8200,75730
TRAKCJA,20201230,2.0900,2.2350,2.0200,2.1250,1015363
TRANSPOL,20201230,2.8200,2.8200,2.7600,2.8000,5064
TRITON,20201230,2.3600,2.4100,2.1300,2.3700,26229
TSGAMES,20201230,545.0000,568.0000,539.0000,551.0000,35261
ULMA,20201230,46.2000,48.6000,46.2000,48.6000,1583
ULTGAMES,20201230,32.6000,32.6000,31.4000,31.5000,6657
UNIBEP,20201230,8.1600,8.3600,8.1600,8.3000,4623
UNICREDIT,20201230,34.6900,34.6900,34.6900,34.6900,20
UNIMA,20201230,2.8600,2.9000,2.8600,2.8600,1186
UNIMOT,20201230,33.6000,33.9000,33.2000,33.5500,12760
URSUS,20201230,0.6510,0.6600,0.6500,0.6560,130951
VENTUREIN,20201230,2.3000,2.3000,2.1400,2.2200,8272
VIGOSYS,20201230,575.0000,585.0000,565.0000,565.0000,232
VINDEXUS,20201230,4.4600,4.8000,4.4500,4.8000,8004
VISTAL,20201230,2.9600,2.9600,2.8550,2.9450,10121
VIVID,20201230,1.6200,1.6400,1.5500,1.5900,116134
VOTUM,20201230,11.7000,12.0000,11.6000,11.9500,6152
VOXEL,20201230,39.9000,40.6000,39.9000,40.3000,1033
VRG,20201230,2.7000,2.7800,2.7000,2.7700,142985
WARIMPEX,20201230,5.0800,5.0800,5.0800,5.0800,321
WASKO,20201230,1.1800,1.1900,1.1750,1.1900,17753
WAWEL,20201230,576.0000,584.0000,576.0000,584.0000,174
WIELTON,20201230,6.8400,6.8400,6.5500,6.7500,81704
WIKANA,20201230,2.5600,2.7400,2.5400,2.7200,14001
WIRTUALNA,20201230,91.8000,93.4000,90.4000,93.0000,29784
WITTCHEN,20201230,9.2000,9.2000,8.8400,9.1800,7470
WOJAS,20201230,4.5000,4.8000,4.4800,4.7800,3581
WORKSERV,20201230,1.2280,1.2700,1.1920,1.2420,336173
XTB,20201230,18.1000,18.1000,17.5000,17.9000,463900
XTPL,20201230,71.0000,71.6000,67.6000,69.4000,3977
ZAMET,20201230,0.7650,0.8350,0.7650,0.7950,113724
ZASTAL,20201230,33.0000,33.0000,31.2000,32.8000,247
ZEPAK,20201230,9.2400,9.3000,9.1200,9.2600,12629
ZPUE,20201230,148.0000,152.0000,148.0000,148.0000,3682
ZREMB,20201230,0.7200,0.7300,0.7000,0.7250,23825
ZUE,20201230,3.7800,3.8000,3.5000,3.7800,26530
ZYWIEC,20201230,484.0000,484.0000,482.0000,484.0000,64
INVESTORMS,20201230,4350.9600,4358.7500,4350.9600,4358.7500,292080.712
MWIG40,20201230,4000.9300,4000.9300,3967.7000,3976.5000,181779.556
MWIG40DVP,20201230,0.9500,0.9500,0.9500,0.9500,181779.556
MWIG40TR,20201230,5300.1500,5300.1500,5256.0800,5267.7900,181779.556
SWIG80,20201230,16036.1900,16119.2100,16018.9500,16096.3600,62908.636
SWIG80DVP,20201230,25.5800,25.5800,25.5800,25.5800,62908.636
SWIG80TR,20201230,20806.0000,20910.5200,20796.4600,20884.0700,62908.636
WIG,20201230,57741.7200,57741.8900,56972.8000,57025.8400,1151523.940
WIG-BANKI,20201230,4936.1600,4936.7700,4765.3300,4765.3300,192748.223
WIG-BUDOW,20201230,3626.8200,3663.6600,3590.5000,3662.0600,32347.360
WIG-CEE,20201230,1275.0800,1289.5200,1275.0800,1289.5200,5014.310
WIG-CHEMIA,20201230,7785.8100,7788.2300,7679.3900,7697.8200,7700.410
WIG-ENERG,20201230,2028.9600,2068.8100,2023.4400,2040.7600,35350.931
WIG-ESG,20201230,9451.0900,9456.5400,9313.7600,9323.9600,1056317.254
WIG-GORNIC,20201230,5726.3600,5738.9100,5614.4400,5625.4700,102838.478
WIG-INFO,20201230,3865.5500,3882.5900,3843.9900,3863.0100,13928.166
WIG-LEKI,20201230,4422.3000,4708.9800,4422.3000,4682.9400,33316.142
WIG-MEDIA,20201230,6004.8500,6063.3300,5914.0300,6042.7500,3489.218
WIG-MOTO,20201230,3973.8100,4013.1000,3933.8700,3981.1900,3124.127
WIG-NRCHOM,20201230,2392.1400,2394.8400,2376.8400,2385.9000,4581.662
WIG-ODZIEZ,20201230,5125.8100,5197.2400,5091.3000,5158.7300,53979.531
WIG-PALIWA,20201230,5024.1500,5024.1500,4943.8500,4954.4700,122224.683
WIG-POLAND,20201230,58668.5700,58668.5700,58269.5800,58270.5200,1143944.065
WIG-SPOZYW,20201230,3524.6600,3661.8100,3522.3700,3641.7500,5125.868
WIG-TELKOM,20201230,983.5900,990.1000,971.2600,977.0100,35040.234
WIG-UKRAIN,20201230,458.5600,460.2200,458.5600,458.6000,4262.869
WIG.GAMES,20201230,29072.2400,29236.5900,28669.9300,28873.5300,205147.240
WIG.MS-BAS,20201230,11450.6600,11514.9800,11336.1600,11392.0100,133684.884
WIG.MS-FIN,20201230,7619.5900,7638.7100,7363.1200,7387.6700,263344.874
WIG.MS-PET,20201230,6711.3800,6721.8500,6614.1800,6635.4600,127856.049
WIG20,20201230,2019.4800,2019.4800,1982.1500,1983.9800,874537.698
WIG20LEV,20201230,443.5200,443.5200,427.1500,427.9500,874537.698
WIG20SHORT,20201230,3524.8200,3590.2000,3524.8200,3586.9900,874537.698
WIG20TR,20201230,3688.6800,3688.6800,3631.9200,3633.7500,874537.698
WIG30,20201230,2350.8000,2350.8500,2312.3600,2312.7300,920292.401
WIG30TR,20201230,4218.6300,4218.6300,4180.0800,4180.0800,920292.401
WIGDIV,20201230,1102.2800,1105.9100,1096.6200,1102.1800,161245.079
WIGTECH,20201230,14550.7200,14550.7200,14504.6300,14540.8900,0.000
WIGTECHTR,20201230,14988.1700,15019.5800,14893.1500,14953.1100,0.000
