06MAGNA,20201103,1.4400,1.5300,1.3600,1.4100,91256
11BIT,20201103,490.5000,494.5000,484.5000,492.0000,5715
4FUNMEDIA,20201103,4.6300,4.6300,4.3000,4.6300,3411
ABPL,20201103,26.3000,26.3000,26.1000,26.1000,329
ACAUTOGAZ,20201103,36.9000,37.0000,36.5000,37.0000,297
ACTION,20201103,4.0600,4.2800,4.0600,4.2800,68291
ADIUVO,20201103,5.8000,5.8000,5.5800,5.7000,14288
AGORA,20201103,4.7500,5.0000,4.6600,4.7500,33549
AGROTON,20201103,3.8500,3.9500,3.7100,3.7100,4670
AIGAMES,20201103,18.9000,19.0000,17.1000,17.3000,72987
AILLERON,20201103,6.8200,7.0400,6.7200,7.0000,2258
AIRWAY,20201103,2.2400,2.2500,2.1600,2.2000,582745
ALIOR,20201103,12.3350,13.3000,12.1000,13.3000,913133
ALLEGRO,20201103,85.4000,85.5000,82.1200,83.6900,1908419
ALTA,20201103,1.0900,1.1100,1.0900,1.1100,1410
ALTUSTFI,20201103,0.7680,0.8000,0.7200,0.7680,11383
ALUMETAL,20201103,35.4000,36.8000,35.4000,36.8000,849
AMBRA,20201103,17.1500,17.1500,16.8000,17.0000,2282
AMICA,20201103,143.0000,146.8000,141.2000,146.8000,2542
AMREST,20201103,15.0000,15.5600,14.6200,15.3000,173524
APATOR,20201103,19.6500,19.9500,19.1500,19.9500,4608
APLISENS,20201103,10.2000,10.2000,9.8500,10.2000,749
APSENERGY,20201103,1.7000,1.7200,1.6500,1.7200,3510
ARCHICOM,20201103,19.0000,19.0000,18.1500,18.3000,6599
ARCTIC,20201103,3.8400,3.8400,3.7700,3.7700,16963
ARTERIA,20201103,3.7800,3.9200,3.7800,3.9200,36640
ARTIFEX,20201103,9.0000,9.2400,9.0000,9.2000,8154
ASBIS,20201103,6.7900,6.9900,6.5800,6.7000,337738
ASSECOBS,20201103,32.8000,33.0000,32.6000,32.8000,1760
ASSECOPOL,20201103,63.8000,64.7000,63.0000,64.7000,40230
ASSECOSEE,20201103,39.8000,42.0000,39.8000,41.0000,2355
ASTARTA,20201103,19.5000,21.0000,19.5000,20.1000,20548
ATAL,20201103,29.5000,29.9000,29.5000,29.9000,14
ATENDE,20201103,2.9800,2.9800,2.8000,2.8600,33304
ATLANTIS,20201103,0.6700,0.6700,0.6500,0.6500,21
ATLASEST,20201103,1.2550,1.2600,1.2550,1.2600,1000
ATMGRUPA,20201103,3.6300,3.6900,3.4100,3.5000,12137
ATREM,20201103,2.0800,2.0800,2.0100,2.0800,462
AUTOPARTN,20201103,7.0800,7.2400,7.0200,7.0800,58226
BAHOLDING,20201103,0.6390,0.6620,0.6130,0.6350,266825
BBIDEV,20201103,3.6300,3.6300,3.3900,3.3900,20209
BEDZIN,20201103,7.9500,8.7000,7.9500,8.1500,32065
BENEFIT,20201103,535.0000,580.0000,535.0000,580.0000,1233
BEST,20201103,16.0000,16.0000,15.5000,15.5000,530
BETACOM,20201103,9.9000,10.3500,9.9000,10.3500,920
BETAM40TR,20201103,46.3650,47.1800,46.2000,47.0400,5837
BETAW20LV,20201103,25.4900,27.3700,25.3700,27.3000,16875
BETAW20ST,20201103,471.2000,471.4000,450.7000,451.0000,4238
BETAW20TR,20201103,26.9550,27.9700,26.7050,27.9700,26949
BIK,20201103,12.9500,12.9500,12.9500,12.9500,25
BIOMEDLUB,20201103,16.3500,17.9500,16.0500,17.2000,1940691
BIOTON,20201103,4.4000,4.4600,4.3300,4.4400,63878
BNPPENDL1023,20201103,1046.0000,1046.0000,1046.0000,1046.0000,50
BNPPPL,20201103,33.8000,37.1000,33.8000,36.0000,6751
BNPPSOGO1021,20201103,1041.0000,1041.0000,1041.0000,1041.0000,50
BNPPSXPP0221,20201103,927.5000,927.5000,927.5000,927.5000,200
BOGDANKA,20201103,15.4000,15.9200,15.2000,15.4000,27455
BOOMBIT,20201103,20.4000,20.5000,20.0000,20.3500,4936
BORYSZEW,20201103,2.7000,2.8200,2.6950,2.7500,59958
BOS,20201103,4.7400,4.9000,4.7000,4.8500,5787
BOWIM,20201103,1.9000,1.9400,1.9000,1.9400,3007
BRASTER,20201103,0.5090,0.5320,0.4900,0.5130,117068
BUDIMEX,20201103,233.5000,246.5000,233.5000,240.0000,4027
BUMECH,20201103,1.8700,1.9850,1.8100,1.9650,11737
CCC,20201103,38.9600,44.0000,38.9600,42.8600,583146
CDPROJEKT,20201103,347.5000,366.5000,343.0000,365.0000,585150
CDRL,20201103,12.6000,12.8000,12.6000,12.8000,45
CELTIC,20201103,6.1000,6.4500,6.1000,6.2000,1057
CEZ,20201103,75.9000,76.9000,75.8000,76.9000,351
CFI,20201103,0.1690,0.1780,0.1650,0.1730,189109
CIECH,20201103,26.9000,27.6500,26.8000,27.3000,144761
CIGAMES,20201103,1.1200,1.2300,1.1140,1.2080,1149834
CLNPHARMA,20201103,35.3000,35.5000,34.3000,34.8000,17668
CNT,20201103,12.4000,12.8000,12.4000,12.7000,141
COALENERG,20201103,0.5700,0.6100,0.5600,0.6000,40686
COGNOR,20201103,1.1650,1.1650,1.1300,1.1600,38943
COMARCH,20201103,198.0000,199.0000,198.0000,199.0000,624
COMP,20201103,52.8000,53.0000,48.0000,52.4000,4146
COMPERIA,20201103,2.3200,2.4800,2.3200,2.4000,4653
CORMAY,20201103,1.5400,1.5700,1.5050,1.5300,293635
CPGROUP,20201103,6.0400,6.0400,6.0000,6.0400,85
CYFRPLSAT,20201103,25.1800,25.8600,25.0800,25.8000,1009628
CZTOREBKA,20201103,0.5300,0.5300,0.5000,0.5000,11811
DATAWALK,20201103,178.0000,188.0000,178.0000,186.0000,5285
DEBICA,20201103,72.0000,74.4000,72.0000,74.0000,1071
DECORA,20201103,30.5000,30.5000,28.8000,29.5000,2266
DEKPOL,20201103,21.0000,21.8000,20.8000,21.2000,1887
DELKO,20201103,15.5000,15.5000,15.0000,15.2000,7638
DEVELIA,20201103,1.6520,1.7600,1.6500,1.7480,119531
DGA,20201103,4.7000,4.7300,4.7000,4.7300,37
DINOPL,20201103,226.0000,229.8000,221.4000,224.2000,177874
DOMDEV,20201103,98.0000,98.0000,96.4000,97.2000,916
ECHO,20201103,3.8400,3.8900,3.8400,3.8600,19412
EDINVEST,20201103,3.1000,3.2000,3.1000,3.2000,137
EFEKT,20201103,4.3600,4.7000,4.3000,4.7000,2162
EKOEXPORT,20201103,3.0850,3.3900,3.0850,3.2800,84682
ELBUDOWA,20201103,0.6320,0.6320,0.5800,0.6280,9042
ELEKTROTI,20201103,4.9800,5.1600,4.9000,5.1600,7593
ELEMENTAL,20201103,2.3850,2.3900,2.3850,2.3850,73330
ELKOP,20201103,0.2470,0.2480,0.2280,0.2460,75099
ELZAB,20201103,3.6200,3.9600,3.5000,3.6600,5008
EMCINSMED,20201103,16.3000,16.3000,15.6000,15.6000,341
ENAP,20201103,1.3000,1.4200,1.3000,1.4200,12898
ENEA,20201103,4.6500,4.9800,4.6500,4.9800,466161
ENELMED,20201103,15.8000,16.1000,15.8000,16.1000,927
ENERGA,20201103,8.3100,8.3150,8.3050,8.3050,271915
ENERGOINS,20201103,0.7380,0.7380,0.7380,0.7380,5000
ENTER,20201103,19.0000,21.7000,19.0000,21.5000,11861
ERBUD,20201103,18.8000,18.8000,18.4000,18.5000,2416
ERG,20201103,40.0000,40.0000,37.4000,40.0000,105
ESOTIQ,20201103,8.7400,9.1000,8.7400,9.1000,1152
ETFDAX,20201103,546.9000,546.9000,512.7000,516.6000,509
ETFSP500,20201103,134.5600,135.0000,133.4800,134.8200,2294
ETFW20L,20201103,194.0000,202.0000,194.0000,200.5000,2710
EUCO,20201103,4.0000,4.0000,3.9100,4.0000,5869
EUROCASH,20201103,11.7200,12.2400,11.5900,12.1300,498314
EUROTEL,20201103,21.6000,21.6000,21.3000,21.3000,2665
FAMUR,20201103,1.4500,1.5500,1.4500,1.5300,209020
FASING,20201103,9.4200,9.4400,9.0600,9.4200,10210
FEERUM,20201103,11.6000,11.6000,11.2000,11.2000,10
FERRO,20201103,17.7000,17.7000,17.3000,17.3000,493
FERRUM,20201103,3.5000,3.5000,3.5000,3.5000,8520
FON,20201103,0.0965,0.1020,0.0950,0.1000,387138
FORTE,20201103,34.0000,35.1500,33.9500,34.5000,4092
GAMEOPS,20201103,22.3900,22.5000,21.1900,21.9950,1231
GAMFACTOR,20201103,14.2000,14.2980,13.5000,13.9880,5500
GAMFACTOR-PDA,20201103,13.5200,14.1780,13.5200,13.7520,2217
GETIN,20201103,0.7100,0.7350,0.7100,0.7345,132474
GETINOBLE,20201103,0.1638,0.1678,0.1610,0.1678,1841521
GLCOSMED,20201103,6.3500,6.7000,5.8000,6.2500,109055
GPW,20201103,43.2000,43.9500,43.0000,43.8000,58228
GROCLIN,20201103,0.9180,0.9180,0.8700,0.8900,7587
GRODNO,20201103,10.0000,10.4000,9.9000,10.0500,125991
GRUPAAZOTY,20201103,21.7000,22.5000,21.5000,22.3500,74173
GTC,20201103,5.6200,5.7000,5.6000,5.7000,5587
HANDLOWY,20201103,28.1500,29.6000,28.1500,29.2000,13059
HARPER,20201103,17.0000,18.3000,16.5000,16.6000,116196
HELIO,20201103,11.0000,11.0000,10.2000,10.2000,427
HERKULES,20201103,1.2100,1.2100,1.1400,1.2000,312
HUBSTYLE,20201103,0.9500,1.0700,0.8950,1.0700,24292
HYDROTOR,20201103,27.2000,27.4000,26.8000,27.4000,285
I2DEV,20201103,9.9000,9.9000,9.9000,9.9000,213
IALBGR,20201103,0.2400,0.2420,0.2320,0.2320,20760
IDEABANK,20201103,1.3980,1.4240,1.3980,1.4020,29559
IFCAPITAL,20201103,0.6900,0.6900,0.6900,0.6900,2550
IFIRMA,20201103,4.1800,4.2000,4.0500,4.0600,4922
IIAAV,20201103,54.4000,54.4000,54.4000,54.4000,10
IMCOMPANY,20201103,12.2000,12.2000,12.2000,12.2000,25
IMMOBILE,20201103,2.3100,2.3800,2.2800,2.3800,2777
IMPEL,20201103,11.5000,12.2000,11.5000,12.2000,396
IMPERA,20201103,1.0400,1.1000,1.0400,1.0400,13
IMS,20201103,2.0000,2.0800,2.0000,2.0300,9814
INC,20201103,6.6200,7.7600,6.4600,7.1200,290468
INGBSK,20201103,105.4000,115.0000,104.2000,114.6000,8879
INPRO,20201103,4.6000,4.6000,4.4800,4.4800,17
INSTALKRK,20201103,19.4500,19.5000,19.4500,19.5000,782
INTERAOLT,20201103,14.8000,14.9000,14.5000,14.9000,5731
INTERCARS,20201103,204.0000,210.0000,204.0000,209.0000,86248
INTERSPPL,20201103,0.8600,0.8800,0.8600,0.8800,4022
INTLALE35055,20201103,27.1000,27.1000,26.4000,26.4000,230
INTLALE35097,20201103,38.9000,38.9000,38.9000,38.9000,50
INTLALE35170,20201103,19.1400,19.1400,19.1400,19.1400,100
INTLBCO31294,20201103,99.2000,99.7000,99.2000,99.7000,520
INTLBCO31633,20201103,23.6500,28.5500,23.6500,26.9000,4716
INTLBCO31641,20201103,29.3000,29.3000,29.3000,29.3000,80
INTLBCO31658,20201103,31.8000,32.1000,31.8000,32.1000,2129
INTLBCO31666,20201103,34.4000,36.9000,34.4000,36.9000,2718
INTLBCO31682,20201103,42.8000,44.1500,42.6000,44.1500,290
INTLBCO31690,20201103,46.5500,46.5500,46.5500,46.5500,20
INTLBCO31708,20201103,51.9000,52.9000,51.9000,52.9000,400
INTLBCO31724,20201103,64.9000,64.9000,63.4000,63.4000,20
INTLCCC30510,20201103,2.5300,2.5300,2.5300,2.5300,1300
INTLCCC31005,20201103,1.4300,1.6000,1.4300,1.5500,4000
INTLCDR23200,20201103,18.0000,18.0000,18.0000,18.0000,17
INTLCDR28969,20201103,18.0000,18.0000,18.0000,18.0000,50
INTLCDR30478,20201103,9.6500,11.7000,9.6500,11.3800,7925
INTLCDR30486,20201103,10.8600,10.8600,10.8600,10.8600,87
INTLCDR30726,20201103,8.7100,9.9200,8.3100,9.9200,22237
INTLDAX12872,20201103,176.6000,176.6000,176.6000,176.6000,70
INTLDAX30601,20201103,110.4000,110.4000,110.4000,110.4000,20
INTLDAX30791,20201103,96.2000,96.2000,96.2000,96.2000,30
INTLDAX31542,20201103,66.3000,68.5000,66.3000,68.5000,30
INTLDAX31559,20201103,75.8000,75.8000,75.8000,75.8000,20
INTLDAX31872,20201103,45.0000,49.6000,45.0000,48.4500,292
INTLDAX31880,20201103,56.0000,61.4000,56.0000,61.4000,285
INTLDAX32193,20201103,33.2000,40.9000,33.2000,40.8000,17429
INTLDNP32110,20201103,7.8200,7.8200,7.8200,7.8200,200
INTLDNP32789,20201103,5.9700,5.9700,5.9700,5.9700,87
INTLDOW30007,20201103,343.5000,343.5000,343.5000,343.5000,1
INTLESX28852,20201103,36.9000,36.9000,36.9000,36.9000,54
INTLESX32524,20201103,14.4200,14.4200,14.2000,14.2000,74
INTLEUD24364,20201103,49.4500,49.4500,49.4500,49.4500,14
INTLEUD33860,20201103,12.9800,14.8200,12.9800,14.8200,1004
INTLEUR24059,20201103,33.7000,33.7000,33.7000,33.7000,6
INTLEUR27599,20201103,27.2500,27.2500,27.2500,27.2500,30
INTLEUR28324,20201103,25.6000,25.6000,23.6500,23.6500,400
INTLEUR34603,20201103,20.1000,20.1000,19.1000,19.1000,653
INTLEUR35196,20201103,15.5200,15.6400,15.2000,15.2000,850
INTLGBU34850,20201103,21.3000,21.3000,21.3000,21.3000,45
INTLGBU34868,20201103,31.6500,31.6500,31.6500,31.6500,30
INTLGLD21873,20201103,306.0000,306.0000,306.0000,306.0000,2
INTLGLD33100,20201103,76.5000,79.8000,76.5000,79.8000,190
INTLGLD33456,20201103,36.0000,39.5000,36.0000,39.5000,1015
INTLGLD33464,20201103,54.2000,54.2000,54.1000,54.1000,103
INTLJSW28993,20201103,9.6400,9.6400,9.5400,9.5400,690
INTLJSW30569,20201103,9.8500,11.1400,9.8500,10.4400,3659
INTLJSW32136,20201103,6.0500,7.1200,6.0500,7.0500,11624
INTLJSW32144,20201103,7.3500,7.4400,7.2300,7.2300,6500
INTLJSW32151,20201103,8.2200,8.2200,7.9000,7.9000,152
INTLKGH32995,20201103,43.8000,43.8000,43.8000,43.8000,2286
INTLKGH33936,20201103,28.8000,28.8000,28.8000,28.8000,5
INTLKGH33951,20201103,36.0000,36.0000,36.0000,36.0000,400
INTLKGH34793,20201103,18.0800,22.0500,18.0800,22.0500,156
INTLLTS34702,20201103,5.9200,7.3600,5.9200,6.7000,9212
INTLNAG33076,20201103,2.9300,2.9300,2.6800,2.6800,395
INTLNDX18713,20201103,224.0000,224.0000,224.0000,224.0000,5
INTLNDX31047,20201103,134.6000,134.6000,134.6000,134.6000,6
INTLNDX32987,20201103,86.9000,86.9000,86.9000,86.9000,572
INTLNDX33167,20201103,53.1000,58.0000,53.1000,58.0000,1808
INTLNDX33621,20201103,41.6000,46.9000,41.6000,46.9000,1072
INTLNDX34777,20201103,28.6000,34.8500,27.9500,34.8500,605
INTLOPL21626,20201103,2.6400,2.7000,2.6400,2.7000,2000
INTLPAL25031,20201103,304.0000,304.0000,304.0000,304.0000,29
INTLPEO29439,20201103,10.9000,11.7800,10.9000,11.7800,1522
INTLPGE31427,20201103,1.5500,1.5500,1.5500,1.5500,3000
INTLPGE32037,20201103,1.1900,1.3000,1.1900,1.2800,5984
INTLPGN32094,20201103,0.8400,0.8400,0.8400,0.8400,200
INTLPGN32102,20201103,1.1700,1.1700,1.1400,1.1400,6200
INTLPKN04101,20201103,9.2200,10.8600,9.2200,10.8600,1745
INTLPKN04119,20201103,11.5000,14.2400,11.3400,14.2400,943
INTLPKN05496,20201103,7.0400,9.5500,7.0400,9.3800,1885
INTLPKO29405,20201103,5.5800,5.5800,5.5800,5.5800,1000
INTLPKO29413,20201103,6.8500,7.6300,6.8500,7.6300,872
INTLPKO30395,20201103,3.3700,4.2700,3.3700,4.1200,2388
INTLPKO30403,20201103,3.9100,4.8200,3.9100,4.8200,4252
INTLPLA29744,20201103,9.4300,9.4300,9.4300,9.4300,100
INTLPLA33084,20201103,4.4000,4.4000,3.8100,3.8100,807
INTLPZU15610,20201103,3.6600,4.2700,3.4000,4.2200,9300
INTLPZU15800,20201103,5.0100,5.7000,4.7000,5.4700,7312
INTLSLV29330,20201103,62.1000,62.1000,62.1000,62.1000,40
INTLSLV33357,20201103,17.2800,17.3000,17.1800,17.3000,300
INTLSLV34967,20201103,10.5200,11.1400,10.5200,11.1400,7482
INTLSPX28928,20201103,55.6000,55.6000,55.6000,55.6000,20
INTLSPX31575,20201103,33.2500,33.2500,33.2500,33.2500,11
INTLSPX32862,20201103,23.0000,23.0000,23.0000,23.0000,24
INTLSPX34785,20201103,12.3000,13.1600,12.3000,12.8600,354
INTLSPX34900,20201103,7.8200,9.5300,7.8200,9.5300,179
INTLUSD20602,20201103,37.5000,37.8500,37.3000,37.3000,220
INTLUSD20610,20201103,46.0500,46.0500,42.0000,42.0000,3604
INTLUSD20826,20201103,45.8000,45.9000,45.8000,45.9000,21
INTLUSD20842,20201103,55.1000,55.1000,52.8000,52.8000,416
INTLUSD21170,20201103,33.7000,34.1500,30.4000,30.4000,667
INTLUSD34256,20201103,25.0000,25.0000,24.8000,24.8000,130
INTLUSD34637,20201103,24.5500,24.5500,19.5800,19.5800,2000
INTLUSD35204,20201103,19.4200,19.4200,13.9000,13.9000,4821
INTLVOW11171,20201103,30.5500,30.5500,30.5500,30.5500,32
INTLW2028613,20201103,7.2700,7.2700,7.2700,7.2700,140
INTLW2028647,20201103,8.5200,8.5200,8.5200,8.5200,100
INTLW2028688,20201103,2.7000,3.3000,2.7000,3.3000,1100
INTLW2028704,20201103,3.0500,3.0500,3.0500,3.0500,700
INTLW2028746,20201103,3.5700,3.6000,3.5700,3.6000,800
INTLW2029892,20201103,2.0500,2.2300,2.0500,2.2300,7040
INTLW2029900,20201103,2.2300,2.2300,2.2300,2.2300,2100
INTLW2030585,20201103,1.2400,1.9200,1.2400,1.9200,51416
INTLW2030593,20201103,1.4500,2.1000,1.4500,2.0800,15577
INTROL,20201103,3.0400,3.2800,3.0400,3.2400,34173
INTSALE35212,20201103,58.7000,59.2000,57.4000,57.4000,1178
INTSBCO28027,20201103,50.0000,50.2000,48.0000,49.0000,113
INTSBCO28035,20201103,56.7000,56.7000,56.7000,56.7000,28
INTSBCO28308,20201103,40.9000,40.9000,40.9000,40.9000,25
INTSBCO34447,20201103,32.6000,32.7000,27.2500,29.0000,13800
INTSBCO34454,20201103,34.4000,34.4000,34.4000,34.4000,30
INTSCCC34207,20201103,4.6200,4.6400,4.3800,4.5300,7276
INTSCDR34124,20201103,20.2000,20.2000,19.6800,19.6800,2500
INTSCDR34199,20201103,23.8500,23.8500,23.8500,23.8500,5
INTSCDR34249,20201103,17.8000,17.8000,15.5200,15.5200,875
INTSCDR34801,20201103,14.0000,14.0000,12.4400,12.4400,2681
INTSDAX25783,20201103,92.1000,92.1000,84.1000,84.1000,246
INTSDAX25825,20201103,104.2000,104.2000,96.0000,96.0000,79
INTSDAX26609,20201103,127.0000,127.6000,124.0000,124.6000,80
INTSDAX34330,20201103,72.0000,73.5000,70.7000,70.7000,819
INTSDAX35022,20201103,66.0000,66.0000,57.7000,58.0000,603
INTSDAX35113,20201103,40.7500,41.0500,33.0000,33.2000,37059
INTSDAX35121,20201103,51.0000,51.0000,51.0000,51.0000,21
INTSDNP34074,20201103,5.6500,5.9500,5.6500,5.9500,500
INTSDNP34082,20201103,7.5400,8.2000,7.5400,8.0800,820
INTSDOW24067,20201103,119.0000,119.0000,100.2000,101.8000,1875
INTSDOW33274,20201103,153.0000,153.0000,140.0000,140.0000,50
INTSESX28878,20201103,22.9000,22.9000,22.3000,22.3000,755
INTSEUD05033,20201103,59.1000,59.1000,59.1000,59.1000,18
INTSEUD21246,20201103,22.7000,22.7000,21.0500,21.0500,255
INTSEUR29165,20201103,21.0000,24.0500,21.0000,24.0500,4935
INTSEUR34611,20201103,44.0000,44.2500,43.9000,44.2500,462
INTSGBU31831,20201103,29.0500,29.0500,28.1000,28.1000,20
INTSGLD33316,20201103,94.0000,94.0000,88.1000,88.1000,110
INTSHSC30650,20201103,14.8400,14.8400,14.8400,14.8400,10
INTSKGH35154,20201103,38.1000,38.1000,31.4000,31.4000,1510
INTSLTS34041,20201103,28.0000,28.0000,28.0000,28.0000,7
INTSNAG27797,20201103,3.4000,3.5000,3.3300,3.3300,278
INTSNDX33225,20201103,70.5000,70.5000,61.7000,62.0000,2955
INTSNDX33241,20201103,98.6000,98.6000,98.6000,98.6000,5
INTSNDX33258,20201103,116.0000,116.0000,116.0000,116.0000,20
INTSNDX35147,20201103,58.0000,58.0000,48.9000,48.9000,288
INTSNKX27086,20201103,71.8000,71.8000,71.8000,71.8000,3
INTSNKX27094,20201103,144.0000,144.0000,135.4000,135.4000,110
INTSPAL27813,20201103,239.0000,239.0000,239.0000,239.0000,4
INTSPGE26989,20201103,4.5400,4.5400,4.5400,4.5400,250
INTSPGE34157,20201103,3.4600,3.6500,3.3200,3.5200,33793
INTSPKN34173,20201103,28.6000,28.6000,25.8000,26.0500,356
INTSPKO26997,20201103,23.2000,23.2000,23.2000,23.2000,120
INTSPKO32300,20201103,10.6200,10.6200,9.8800,9.8800,1289
INTSPLA34587,20201103,5.7000,5.7000,5.2000,5.2000,736
INTSPZU34165,20201103,15.7000,15.7000,15.7000,15.7000,58
INTSSLV34538,20201103,19.3800,19.3800,19.3800,19.3800,50
INTSSLV34553,20201103,15.0200,15.0200,14.2000,14.2000,30
INTSSLV35030,20201103,10.3600,10.3600,10.3600,10.3600,140
INTSSPX34140,20201103,25.0000,25.0000,22.7000,22.9500,738
INTSSPX34215,20201103,38.2000,38.2000,35.3000,35.3000,522
INTSSPX34413,20201103,19.0600,19.2600,16.5000,16.6600,2171
INTSTNF34108,20201103,38.1500,38.1500,38.1500,38.1500,100
INTSUSD32243,20201103,30.9000,32.8000,30.9000,32.8000,94
INTSUSD32698,20201103,18.5400,21.6000,18.5400,21.6000,1767
INTSUSJ32714,20201103,27.2000,27.4500,27.2000,27.4500,60
INTSW2026005,20201103,6.6500,6.6500,6.4700,6.4700,520
INTSW2027060,20201103,5.7000,5.7000,5.7000,5.7000,500
INTSW2027391,20201103,5.1500,5.1500,5.1500,5.1500,500
INTSW2027409,20201103,5.5200,5.5200,5.5200,5.5200,200
INTSW2028464,20201103,3.6900,3.6900,3.2100,3.2100,10083
INTSW2028472,20201103,4.2100,4.2100,3.7500,3.7500,765
INTSW2028480,20201103,4.8900,4.8900,4.2600,4.2600,1799
INTSW2034264,20201103,2.6500,2.6700,2.0500,2.0500,17728
INTSW2034272,20201103,2.9000,2.9000,2.3300,2.3300,6267
INTSW2034280,20201103,3.0800,3.1700,2.5500,2.5700,9132
INTSW2034298,20201103,3.0100,3.0100,2.8000,2.8000,9841
INTSW2034306,20201103,3.2000,3.2500,3.0800,3.0800,4500
INTSW2034991,20201103,1.9800,2.0400,1.3300,1.3300,73307
INTSW2035006,20201103,2.2200,2.2400,1.6200,1.6200,52057
INTSW2035014,20201103,2.4800,2.4800,1.8000,1.8900,3865
INTSW2035105,20201103,1.7900,1.8400,1.1100,1.1800,269344
INVISTA,20201103,0.3300,0.3300,0.3300,0.3300,20
IPOGPARPA,20201103,109.0000,109.0000,109.0000,109.0000,250
IPOPEMA,20201103,3.3000,3.4000,3.3000,3.4000,311
ITMTRADE,20201103,0.1415,0.1415,0.1305,0.1415,5673
IZOBLOK,20201103,28.4000,29.0000,28.4000,29.0000,102
IZOLACJA,20201103,1.4150,1.4150,1.3000,1.4150,438
IZOSTAL,20201103,2.1200,2.1400,2.1000,2.1000,8510
JSW,20201103,17.3000,19.6000,17.2900,19.1450,2625913
JWCONSTR,20201103,3.0700,3.0700,2.9300,3.0700,13
K2INTERNT,20201103,16.8000,16.8000,16.8000,16.8000,297
KCI,20201103,0.6200,0.6200,0.6200,0.6200,2
KERNEL,20201103,39.7000,39.7000,39.0000,39.0000,5232
KETY,20201103,430.0000,430.0000,408.5000,410.0000,16508
KGHM,20201103,121.2000,130.9500,120.6000,130.9500,794656
KGL,20201103,15.9500,15.9500,15.5000,15.6500,196
KINOPOL,20201103,6.2500,6.5000,6.1000,6.2500,17318
KOGENERA,20201103,33.7000,33.7000,32.2000,32.2000,1669
KOMPAP,20201103,7.6500,7.6500,7.3500,7.6500,611
KOMPUTRON,20201103,1.8500,2.0200,1.8500,1.9500,94833
KREC,20201103,7.1600,7.1600,6.7000,6.7000,120
KREDYTIN,20201103,11.5000,11.5000,11.5000,11.5000,5
KRKA,20201103,373.0000,373.0000,370.0000,370.0000,24
KRUK,20201103,118.6000,125.9000,117.3000,125.9000,21177
KRUSZWICA,20201103,53.0000,53.2000,52.6000,52.8000,1037
KRVITAMIN,20201103,21.1000,22.0000,20.5000,21.1000,9336
KSGAGRO,20201103,1.1700,1.1900,1.1200,1.1700,4483
LABOPRINT,20201103,10.3000,10.3000,9.7400,9.9000,508
LARQ,20201103,1.9350,1.9350,1.6000,1.8000,30235
LENA,20201103,3.3400,3.3900,3.3100,3.3900,6178
LENTEX,20201103,9.1000,9.2000,9.1000,9.1600,2274
LIBET,20201103,1.9600,2.0500,1.9600,2.0500,39226
LIVECHAT,20201103,99.0000,99.9000,98.2000,98.6000,14421
LOKUM,20201103,11.6000,11.6000,11.6000,11.6000,808
LOTOS,20201103,28.0000,29.1500,27.4500,28.6400,1472783
LPP,20201103,5155.0000,6195.0000,5110.0000,6010.0000,4869
LSISOFT,20201103,11.6000,11.6000,11.4000,11.5000,1670
LUBAWA,20201103,1.4400,1.5500,1.4400,1.5200,1382969
MABION,20201103,22.5500,23.2000,22.0500,22.8500,20987
MAKARONPL,20201103,5.7500,5.7500,5.7500,5.7500,918
MANGATA,20201103,43.6000,46.8000,43.2000,46.8000,646
MARVIPOL,20201103,4.8000,4.8800,4.8000,4.8000,14005
MASTERPHA,20201103,3.8000,3.8000,3.8000,3.8000,2000
MAXCOM,20201103,10.3000,10.5000,10.0000,10.4000,2731
MBANK,20201103,120.0000,135.0000,118.4000,132.0000,126807
MBWS,20201103,5.6000,5.6000,5.6000,5.6000,35
MCI,20201103,13.9500,14.0000,13.5000,14.0000,3059
MDIENERGIA,20201103,3.7200,3.8100,3.7200,3.8000,10352
MEDIACAP,20201103,1.9800,1.9800,1.9600,1.9750,5863
MEDICALG,20201103,24.3500,24.4000,20.2000,20.4000,186210
MENNICA,20201103,18.8000,19.3000,18.8000,19.3000,5948
MERCATOR,20201103,526.0000,528.0000,497.0000,516.0000,58791
MERCOR,20201103,9.1400,9.4600,8.8800,9.4400,3572
MEXPOLSKA,20201103,1.1200,1.1200,1.0800,1.1000,928
MFO,20201103,17.8000,18.3000,17.8000,18.2000,318
MILKILAND,20201103,0.6450,0.6480,0.5900,0.6480,12199
MILLENNIUM,20201103,2.1800,2.3560,2.1700,2.3400,1251025
MIRACULUM,20201103,1.0200,1.0500,1.0200,1.0500,768
MIRBUD,20201103,1.8800,1.9400,1.8450,1.9250,258873
MLPGROUP,20201103,84.0000,87.0000,80.0000,80.0000,604
MLSYSTEM,20201103,67.0000,71.6000,65.2000,68.0000,32259
MOBRUK,20201103,358.0000,408.0000,358.0000,380.0000,324
MOJ,20201103,1.3100,1.3100,1.3100,1.3100,16107
MOL,20201103,19.3700,19.6800,19.3000,19.6700,427
MONNARI,20201103,1.4350,1.4500,1.4000,1.4000,70680
MOSTALPLC,20201103,7.9600,8.1000,7.9200,8.1000,2092
MOSTALWAR,20201103,3.7200,3.9300,3.6400,3.9000,4552
MOSTALZAB,20201103,0.8220,0.8500,0.8220,0.8460,57924
MUZA,20201103,2.4000,2.4000,2.4000,2.4000,1210
MWTRADE,20201103,1.5900,1.5900,1.5700,1.5700,327
NANOGROUP,20201103,10.8000,11.2000,8.8500,9.1500,529197
NETIA,20201103,4.5100,4.5400,4.4700,4.5300,75293
NEUCA,20201103,537.0000,575.0000,531.0000,570.0000,4818
NEWAG,20201103,23.8000,24.0000,23.3000,23.8000,932
NEXITY,20201103,16.6000,17.5000,16.6000,17.5000,1195
NOVAVISGR,20201103,1.6900,1.7000,1.6700,1.6700,2751
NOVITA,20201103,128.0000,130.0000,128.0000,129.0000,441
NOWAGALA,20201103,0.8300,0.8300,0.8300,0.8300,10000
NTTSYSTEM,20201103,2.7700,2.7700,2.5500,2.6100,9021
OAT,20201103,16.5000,18.0000,15.7500,17.4000,31275
ODLEWNIE,20201103,3.9500,4.1000,3.9400,4.1000,16318
OEX,20201103,14.9000,15.0000,14.8000,15.0000,272
OPENFIN,20201103,0.7400,0.7400,0.7000,0.7000,1267
OPONEO.PL,20201103,30.5000,31.0000,30.5000,30.8000,3360
OPTEAM,20201103,25.4000,26.0000,25.0000,25.8000,2426
ORANGEPL,20201103,6.1900,6.3850,6.1550,6.2600,1660275
OTLOG,20201103,4.3000,4.3000,4.3000,4.3000,5
OTMUCHOW,20201103,1.2000,1.2500,1.2000,1.2500,3495
OVOSTAR,20201103,63.5000,63.5000,63.0000,63.5000,3480
PAMAPOL,20201103,1.3000,1.3500,1.2900,1.3300,25363
PANOVA,20201103,9.8000,10.0000,9.8000,9.9000,1733
PATENTUS,20201103,0.9000,0.9300,0.9000,0.9300,26803
PBKM,20201103,74.0000,74.0000,73.0000,73.0000,120
PCCEXOL,20201103,3.4700,3.7000,3.4500,3.6500,481888
PCCROKITA,20201103,43.5000,43.8000,43.1000,43.6000,2398
PEKABEX,20201103,13.5000,13.7000,13.5000,13.7000,675
PEKAO,20201103,44.0000,45.3700,43.8000,45.1000,1470346
PEMANAGER,20201103,14.5000,14.5000,14.2000,14.2000,1226
PEP,20201103,45.1000,46.4000,45.1000,46.4000,3126
PEPEES,20201103,1.3500,1.3500,1.3500,1.3500,1
PGE,20201103,4.7610,5.1360,4.7100,5.0820,3781315
PGNIG,20201103,4.2180,4.4740,4.2150,4.4740,5987524
PGO,20201103,0.9800,0.9900,0.9800,0.9820,4847
PGSSOFT,20201103,10.0000,11.0000,10.0000,11.0000,23710
PHARMENA,20201103,14.7000,15.2000,13.6000,13.6000,15467
PHN,20201103,9.1600,9.1600,8.8000,9.0600,13884
PKNORLEN,20201103,39.2000,42.8800,39.1000,42.7700,2939846
PKOBP,20201103,19.8550,20.9900,19.7350,20.9700,4442823
PKPCARGO,20201103,9.8000,10.4800,9.8000,10.4600,91525
PLASTBOX,20201103,1.7600,1.7600,1.7500,1.7550,20344
PLAY,20201103,38.7600,38.9000,38.7600,38.8200,2852445
PLAYWAY,20201103,546.0000,546.0000,523.0000,540.0000,4404
PLAZACNTR,20201103,1.7800,1.7800,1.7800,1.7800,145
PMPG,20201103,1.5200,1.5200,1.5000,1.5200,3200
POLICE,20201103,11.5000,11.5000,11.0000,11.5000,977
POLIMEXMS,20201103,1.7900,1.8660,1.7800,1.8540,666414
POLNORD,20201103,2.9500,3.0000,2.9000,3.0000,3255
POLWAX,20201103,2.7200,2.7200,2.6500,2.6500,3036
POLWAX-PDA,20201103,2.6300,2.6500,2.6300,2.6500,26150
POZBUD,20201103,1.8700,1.9400,1.8700,1.9300,5681
PRAGMAFA,20201103,18.2000,18.6000,17.5000,17.9000,4186
PRAGMAINK,20201103,7.4400,7.4400,7.4400,7.4400,10
PRAIRIE,20201103,0.5550,0.5890,0.5450,0.5700,181936
PRIMETECH,20201103,1.0200,1.0200,1.0200,1.0200,956
PROCHEM,20201103,18.7500,18.7500,17.7000,17.7000,471
PROJPRZEM,20201103,14.5000,15.0000,14.5000,15.0000,860
PROTEKTOR,20201103,4.2200,4.3200,4.0200,4.2800,19005
PROVIDENT,20201103,3.0000,3.1000,3.0000,3.0200,32388
PULAWY,20201103,78.0000,78.0000,77.0000,77.8000,217
PUNKPIRAT,20201103,0.6200,0.6200,0.6100,0.6100,4505
PZU,20201103,22.3000,23.2600,22.1600,23.0200,3276777
PZUAKORD,20201103,118.6000,118.6000,118.5200,118.5200,350
QMULTIFIZ,20201103,1149.9000,1149.9000,1149.9000,1149.9000,3
QUERCUS,20201103,2.8200,2.9500,2.8200,2.9100,29175
R22,20201103,31.9000,31.9000,30.5000,30.7000,14300
RADPOL,20201103,2.2800,2.3000,2.2100,2.3000,7205
RAFAKO,20201103,0.6230,0.6760,0.6100,0.6500,670527
RAFAMET,20201103,14.0000,14.0000,14.0000,14.0000,4
RAINBOW,20201103,11.6000,12.0000,11.6000,11.9500,10609
RANKPROGR,20201103,1.3400,1.3750,1.3000,1.3200,9303
RAWLPLUG,20201103,7.2400,7.5200,7.2400,7.5000,594
RCCOFFAOPEN1,20201103,2.6300,2.6300,2.6200,2.6200,4000
RCFL10GOLD,20201103,15.0400,15.6000,15.0400,15.6000,3053
RCFL10OIL2,20201103,2.3100,2.3100,2.3100,2.3100,5000
RCFL2COFF2,20201103,4.8400,4.9000,4.8400,4.9000,700
RCFL2GOLD2,20201103,20.2500,20.2500,20.2500,20.2500,100
RCFL2PKN1,20201103,3.5000,3.5000,3.5000,3.5000,500
RCFL2PLAT1,20201103,7.1100,7.1100,7.1100,7.1100,6
RCFL311B,20201103,4.6600,4.6600,4.6100,4.6100,11100
RCFL3ALR,20201103,0.1700,0.1800,0.1700,0.1700,31603
RCFL3ALR1,20201103,3.3300,4.0100,3.3300,4.0100,7110
RCFL3BOSS,20201103,0.1100,0.1100,0.1100,0.1100,100000
RCFL3CCC1,20201103,4.1600,4.9000,4.1600,4.9000,2400
RCFL3CDPRO1,20201103,60.5000,66.1000,60.5000,66.1000,411
RCFL3CDPRO2,20201103,5.5600,5.9400,5.5600,5.9400,352
RCFL3COFF,20201103,0.3900,0.3900,0.3900,0.3900,5000
RCFL3EUH,20201103,0.5500,0.5500,0.5500,0.5500,5000
RCFL3GASO2,20201103,4.8300,4.8300,4.7900,4.7900,650
RCFL3JSW,20201103,0.2200,0.2900,0.2200,0.2800,1381057
RCFL3JSW1,20201103,8.2100,9.9000,8.2100,9.3000,2974
RCFL3KGH,20201103,4.1600,4.1600,4.1600,4.1600,500
RCFL3LPP,20201103,54.6000,54.6000,54.6000,54.6000,50
RCFL3LPP1,20201103,4.9700,4.9700,4.9700,4.9700,477
RCFL3LTS1,20201103,0.1100,0.1200,0.1100,0.1200,137016
RCFL3MBK,20201103,0.5100,0.7200,0.5100,0.7200,11195
RCFL3MSFIN,20201103,0.8200,0.8200,0.8200,0.8200,2499
RCFL3MWIG40,20201103,4.1500,4.3700,4.1300,4.3700,1540
RCFL3OIL2,20201103,1.0600,1.2200,1.0600,1.2200,1200
RCFL3PALL3,20201103,1.0700,1.0700,1.0700,1.0700,3200
RCFL3PEO,20201103,0.4800,0.5200,0.4800,0.5200,104046
RCFL3PGE,20201103,0.0900,0.0900,0.0900,0.0900,10
RCFL3PGN1,20201103,0.9600,0.9700,0.9600,0.9700,3700
RCFL3PKN,20201103,4.8000,5.0900,4.8000,5.0900,1320
RCFL3PKO,20201103,1.8300,2.0300,1.8300,2.0300,1310
RCFL3PLAT1,20201103,4.0200,4.0200,3.9500,3.9500,244
RCFL3PLW,20201103,8.9100,8.9100,8.9100,8.9100,100
RCFL3PZU,20201103,6.4800,6.6200,6.4800,6.6200,300
RCFL3SILVE3,20201103,18.0400,18.3600,18.0400,18.3600,70
RCFL3SUGA4,20201103,22.0000,22.0000,22.0000,22.0000,140
RCFL3TPE,20201103,3.0700,3.2600,3.0200,3.0200,15001
RCFL3W20,20201103,15.7600,17.2000,15.7600,17.2000,1103
RCFL4CDPRO,20201103,23.5500,28.2500,22.7500,28.0500,23606
RCFL4CDPRO1,20201103,4.0000,4.4700,4.0000,4.4700,3163
RCFL4DBK1,20201103,2.2200,2.2200,2.2200,2.2200,3000
RCFL4FW203,20201103,1.4600,1.4600,1.4600,1.4600,340
RCFL4GAMES,20201103,68.2000,68.2000,68.2000,68.2000,28
RCFL4KGH,20201103,3.3400,4.1600,3.3400,4.1600,3961
RCFL4PALL2,20201103,1.1000,1.1500,1.1000,1.1500,2900
RCFL4PGE,20201103,2.9800,2.9800,2.9800,2.9800,600
RCFL4PGN,20201103,0.2400,0.2400,0.2400,0.2400,4000
RCFL4PKN1,20201103,1.0400,1.0400,1.0400,1.0400,4000
RCFL4PKO,20201103,0.1700,0.1900,0.1700,0.1900,15858
RCFL4PKO1,20201103,4.2600,4.2600,4.2600,4.2600,300
RCFL4PZU,20201103,0.2400,0.2700,0.2400,0.2700,346000
RCFL5ALE,20201103,30.5500,30.5500,27.0000,29.7500,1413
RCFL5COCO1,20201103,0.7700,0.7900,0.7700,0.7700,3295
RCFL5CORN,20201103,3.0800,3.0800,3.0000,3.0000,1800
RCFL5FW20,20201103,0.3300,0.3300,0.3300,0.3300,16000
RCFL5MWIG40,20201103,1.2100,1.2200,1.2100,1.2200,10500
RCFL5SILVE,20201103,1.4600,1.4900,1.4600,1.4700,12000
RCFL5SUGA1,20201103,1.4900,1.4900,1.4900,1.4900,1000
RCFL5W20,20201103,6.9000,6.9000,6.9000,6.9000,80
RCFL6COCO,20201103,2.8500,2.8500,2.8500,2.8500,330
RCFL6COCO1,20201103,2.4000,2.4000,2.4000,2.4000,300
RCFL6COFF2,20201103,1.1600,1.1600,1.1400,1.1400,10750
RCFL6COPP1,20201103,7.2700,7.2700,7.2700,7.2700,500
RCFL6CORN,20201103,1.8000,1.8000,1.8000,1.8000,3000
RCFL6FW20,20201103,4.8700,4.8700,4.8700,4.8700,100
RCFL6FW201,20201103,0.2200,0.2700,0.2200,0.2700,112360
RCFL6PLAT2,20201103,3.3800,3.3800,3.3800,3.3800,120
RCFL6SILVE2,20201103,12.1200,12.5200,12.1200,12.4000,494
RCFL6W20,20201103,5.0100,5.6900,4.9400,5.6900,2905
RCFL6W201,20201103,0.1700,0.2000,0.1700,0.2000,13009
RCFL7SILVE,20201103,0.3300,0.3300,0.3300,0.3300,30000
RCFL8COFF1,20201103,0.2700,0.2700,0.2700,0.2700,20000
RCFS10OIL2,20201103,7.6000,7.6000,5.7000,5.7000,1780
RCFS10SILVE2,20201103,9.1400,9.6400,9.0400,9.0400,538
RCFS2PALL4,20201103,4.0400,4.0400,4.0400,4.0400,400
RCFS2W20,20201103,70.3000,70.3000,70.3000,70.3000,75
RCFS3ALR,20201103,60.9000,60.9000,53.9000,53.9000,178
RCFS3ALR1,20201103,11.4800,11.4800,7.8700,7.8700,1796
RCFS3CCC,20201103,0.2400,0.2400,0.2000,0.2000,577883
RCFS3CDPRO,20201103,3.9500,3.9500,3.6000,3.6700,15559
RCFS3FDX,20201103,6.2500,6.2500,6.0600,6.1500,1818
RCFS3GAMES,20201103,1.2000,1.2000,1.2000,1.2000,9000
RCFS3KGH,20201103,0.2300,0.2300,0.1800,0.1800,586867
RCFS3LPP,20201103,1.0200,1.0200,0.5400,0.6300,3519
RCFS3OIL,20201103,1.7000,1.7000,1.7000,1.7000,100
RCFS3PEO,20201103,26.2000,26.2000,25.7000,25.7000,129
RCFS3PGE,20201103,2.3500,2.5000,2.0600,2.3000,27879
RCFS3PGN,20201103,7.7200,7.7200,7.7200,7.7200,800
RCFS3PKO,20201103,8.3500,8.3500,7.7900,7.9600,496
RCFS3TPE,20201103,1.5500,1.5500,1.5300,1.5300,30000
RCFS3W20,20201103,42.0000,42.0000,37.2000,37.6000,2983
RCFS4CDPRO1,20201103,2.7400,2.7400,2.0500,2.1500,2600
RCFS4ESX,20201103,0.5300,0.5300,0.5200,0.5200,15000
RCFS4FW202,20201103,6.6800,6.6800,6.6600,6.6600,3000
RCFS4KGH1,20201103,13.0800,13.0800,9.6100,9.6100,600
RCFS4LPP,20201103,8.9100,8.9100,8.1300,8.3500,477
RCFS4PGE,20201103,3.5000,3.5000,3.2000,3.2000,2000
RCFS4PGN,20201103,2.3300,2.3300,1.9500,1.9500,9888
RCFS4PKN,20201103,39.9500,39.9500,28.5000,28.8000,682
RCFS4PKO,20201103,14.3000,14.3000,12.3200,13.0600,275
RCFS4PZU,20201103,22.7500,22.7500,20.4500,20.4500,250
RCFS5FW20,20201103,7.3200,7.3400,7.3200,7.3400,437
RCFS5NAG3,20201103,5.7600,5.7600,5.6400,5.6400,1000
RCFS5SOY,20201103,2.9200,2.9200,2.9200,2.9200,336
RCFS5SUGA,20201103,1.9300,1.9800,1.7900,1.9800,9050
RCFS6CORN,20201103,2.4400,2.4400,2.4400,2.4400,425
RCFS6FW201,20201103,5.9300,5.9800,5.9300,5.9800,330
RCFS6NAG2,20201103,4.2400,4.2500,4.2400,4.2500,900
RCFS6W201,20201103,6.4600,6.5000,4.8000,4.8200,35508
RCFS8COPP1,20201103,1.0600,1.0600,1.0600,1.0600,5000
RCFS8OIL2,20201103,8.1100,8.1100,8.1100,8.1100,125
RCFS9OIL,20201103,6.6500,6.6500,6.6500,6.6500,165
RCGETNA1021,20201103,1030.5000,1030.5000,1030.5000,1030.5000,20
RCGLDAOPEN,20201103,755.0000,755.0000,740.0000,740.0000,8
RCGOIL1122,20201103,1029.5000,1029.5000,1029.5000,1029.5000,60
RCGXAU0322,20201103,1077.0000,1077.0000,1077.0000,1077.0000,10
RCLNAGOPEN,20201103,1.8000,1.8000,1.8000,1.8000,1400
RCLOILAOPEN,20201103,14.0000,14.0000,14.0000,14.0000,80
RCLOILAOPEN1,20201103,148.2000,151.0000,148.2000,150.6000,28
RCRBSPX0522,20201103,562.0000,562.0000,562.0000,562.0000,4
RCRBSPX0822,20201103,634.5000,634.5000,634.5000,634.5000,8
RCRBSPX1122,20201103,720.5000,720.5000,720.5000,720.5000,6
RCSDAXOPEN,20201103,95.6000,95.6000,95.3000,95.3000,104
RCSILAOPEN,20201103,94.4000,94.4000,94.4000,94.4000,11
RCTLOIL0031,20201103,4.9700,4.9700,4.9700,4.9700,30
RCTLWHT008,20201103,6.5600,6.5600,6.5600,6.5600,303
RCTSJSW2,20201103,1.8000,1.8100,1.8000,1.8100,1400
REDAN,20201103,0.1470,0.1690,0.1470,0.1690,5336
REINO,20201103,1.4800,1.4800,1.4800,1.4800,2
RELPOL,20201103,4.8100,4.9300,4.7500,4.9000,10262
REMAK,20201103,10.2000,10.8000,10.2000,10.3000,5944
RONSON,20201103,1.3400,1.3600,1.3100,1.3450,5952
ROPCZYCE,20201103,21.2000,21.2000,20.5000,20.7000,675
RYVU,20201103,51.6000,52.0000,50.4000,51.0000,2907
SANOK,20201103,12.4500,12.4500,12.0000,12.2000,59365
SANPL,20201103,131.3000,143.0000,131.3000,142.0000,99126
SANTANDER,20201103,8.0800,8.3500,8.0800,8.2940,26138
SANWIL,20201103,4.4000,4.4800,4.1400,4.3600,103830
SECOGROUP,20201103,14.1000,14.1000,14.1000,14.1000,350
SEKO,20201103,8.3000,8.3000,8.3000,8.3000,35
SELENAFM,20201103,14.4500,14.9500,14.1500,14.9500,2806
SELVITA,20201103,41.8000,42.5000,41.4000,42.5000,1208
SERINUS,20201103,0.3200,0.3460,0.3120,0.3460,130594
SESCOM,20201103,26.2000,26.2000,26.2000,26.2000,1
SFINKS,20201103,0.2500,0.2540,0.2500,0.2500,36424
SILVAIR-REGS,20201103,8.3900,8.3900,8.3900,8.3900,17
SIMPLE,20201103,11.1000,11.1000,11.0000,11.0000,110
SKARBIEC,20201103,22.5000,23.0000,22.5000,23.0000,2774
SKOTAN,20201103,1.6500,1.7600,1.6200,1.7550,42704
SNIEZKA,20201103,87.8000,87.8000,86.6000,86.6000,16
SOLAR,20201103,2.9500,3.1200,2.9500,3.1200,1340
SONEL,20201103,9.3500,9.4500,9.3500,9.4500,1370
SOPHARMA,20201103,11.8000,12.5000,11.8000,12.5000,947
STALEXP,20201103,2.7000,2.7300,2.6700,2.6800,65097
STALPROD,20201103,166.6000,175.0000,166.6000,174.0000,2018
STALPROFI,20201103,4.7100,4.7200,4.6200,4.7000,15863
STAPORKOW,20201103,2.2400,2.2400,2.1400,2.2200,6100
STARHEDGE,20201103,0.4200,0.4580,0.3800,0.4580,7982
SUNEX,20201103,4.1000,4.2000,3.7500,4.0000,62032
SUWARY,20201103,16.7000,16.7000,16.7000,16.7000,5
SWISSMED,20201103,3.6200,3.6300,3.4400,3.5000,7577
SYGNITY,20201103,7.0200,7.3400,6.9000,7.3400,16835
SYNEKTIK,20201103,24.8000,26.2000,24.0000,24.5000,16143
TALEX,20201103,11.7500,11.7500,11.5500,11.6000,457
TATRY,20201103,150.0000,150.0000,150.0000,150.0000,20
TAURONPE,20201103,1.7300,1.8150,1.7290,1.7770,6120819
TBULL,20201103,21.5000,21.7000,20.4000,20.6000,6939
TERMOREX,20201103,0.8600,0.9400,0.8600,0.9400,250
TESGAS,20201103,3.5800,3.7000,3.5200,3.6800,26710
TIM,20201103,14.0500,14.2500,13.8000,14.0000,21722
TORPOL,20201103,9.7000,10.3500,9.5600,10.1000,46874
TOWERINVT,20201103,13.1000,13.1000,12.7000,13.1000,1845
TOYA,20201103,7.1800,7.3000,7.1400,7.3000,29611
TRAKCJA,20201103,1.2980,1.4000,1.2540,1.3520,200173
TRANSPOL,20201103,2.7500,2.8000,2.7300,2.8000,14236
TRIGONPP,20201103,40.0900,41.9500,40.0900,41.9500,241
TRIGONPP7,20201103,41.0000,41.6900,41.0000,41.6900,141
TRITON,20201103,2.0900,2.1600,2.0900,2.1600,5975
TSGAMES,20201103,650.0000,653.0000,635.0000,636.0000,22879
ULMA,20201103,45.8000,45.8000,45.8000,45.8000,2000
ULTGAMES,20201103,26.5500,26.8500,26.1000,26.5000,13764
UNIBEP,20201103,7.4000,7.5000,7.4000,7.4600,1473
UNICREDIT,20201103,30.7000,30.8000,30.7000,30.8000,81
UNIMA,20201103,2.8800,2.8800,2.8800,2.8800,95
UNIMOT,20201103,25.2000,26.6500,24.8000,26.4000,21130
URSUS,20201103,0.6150,0.7300,0.6060,0.6780,1969491
VENTUREIN,20201103,1.5100,1.5100,1.5100,1.5100,192
VIGOSYS,20201103,505.0000,520.0000,505.0000,520.0000,106
VINDEXUS,20201103,4.3000,4.4400,4.2100,4.3200,5446
VISTAL,20201103,2.4000,2.4900,2.2200,2.4300,46585
VIVID,20201103,1.7020,1.8400,1.7020,1.7800,40139
VOTUM,20201103,11.0000,11.5000,11.0000,11.2500,6245
VOXEL,20201103,45.5000,46.0000,44.0000,45.0000,5497
VRG,20201103,1.9600,2.0600,1.9600,2.0600,40407
WASKO,20201103,1.1150,1.2000,1.0850,1.1800,31165
WAWEL,20201103,550.0000,550.0000,542.0000,542.0000,77
WIELTON,20201103,3.8050,3.9750,3.7900,3.9200,85241
WIKANA,20201103,2.1200,2.2200,2.1200,2.2200,1333
WIRTUALNA,20201103,73.0000,74.0000,72.0000,73.0000,4955
WITTCHEN,20201103,6.2800,7.0000,6.2800,6.9000,8004
WOJAS,20201103,4.0800,4.0800,3.8800,3.9000,205
WORKSERV,20201103,0.7370,0.7780,0.7350,0.7560,419846
XTB,20201103,15.8000,16.2000,15.8000,15.8000,375105
XTPL,20201103,68.0000,70.0000,66.6000,68.0000,1476
ZAMET,20201103,0.8400,0.8800,0.8350,0.8800,44934
ZASTAL,20201103,24.0000,28.0000,24.0000,28.0000,5305
ZEPAK,20201103,9.7000,10.0000,9.5800,10.0000,11015
ZPUE,20201103,128.0000,132.0000,124.5000,132.0000,331
ZREMB,20201103,0.6850,0.7750,0.6850,0.7750,15080
ZUE,20201103,3.1200,3.1400,2.9200,3.1200,5203
ZYWIEC,20201103,470.0000,470.0000,470.0000,470.0000,19
INVESTORMS,20201103,3653.8700,3694.3800,3653.8700,3694.3800,288993.241
MWIG40,20201103,3293.3300,3369.7000,3283.0600,3360.9600,171366.636
MWIG40DVP,20201103,63.1100,63.1100,63.1100,63.1100,171366.636
MWIG40TR,20201103,4361.8400,4461.6900,4351.0200,4451.4200,171366.636
SWIG80,20201103,13355.6500,13456.3100,13355.1100,13446.8900,32739.007
SWIG80DVP,20201103,270.7600,270.7600,270.7600,270.7600,32739.007
SWIG80TR,20201103,17253.5500,17383.2800,17253.5500,17371.4200,32739.007
WIG,20201103,45543.1500,47177.8100,45510.3200,47160.4600,1449906.922
WIG-BANKI,20201103,3302.2700,3491.7200,3294.9600,3486.2300,203900.035
WIG-BUDOW,20201103,2823.4100,2913.8400,2823.4100,2873.0300,4401.146
WIG-CEE,20201103,1054.1100,1059.8700,1054.1100,1059.8700,1153.468
WIG-CHEMIA,20201103,6332.7600,6490.9800,6298.9100,6447.4700,5711.455
WIG-ENERG,20201103,1509.5600,1586.2600,1509.5600,1577.2900,37136.309
WIG-ESG,20201103,7276.4500,7590.4900,7266.6200,7588.4400,1237821.193
WIG-GORNIC,20201103,3735.6900,4038.0000,3735.6900,4038.0000,149732.543
WIG-INFO,20201103,3607.7400,3654.0800,3587.6100,3645.6400,6152.021
WIG-LEKI,20201103,5495.2500,5623.9900,5432.8600,5554.5200,35227.342
WIG-MEDIA,20201103,4755.3600,4801.0600,4716.5500,4742.9000,779.010
WIG-MOTO,20201103,3412.2200,3450.2800,3398.4000,3447.2100,19138.439
WIG-NRCHOM,20201103,2058.8900,2081.4400,2042.0300,2062.7700,931.645
WIG-ODZIEZ,20201103,3062.1300,3590.8400,3047.3400,3506.2400,57862.964
WIG-PALIWA,20201103,3483.0400,3739.8600,3483.0400,3739.8600,190115.947
WIG-POLAND,20201103,46857.6400,48189.9800,46857.6400,48189.9800,1446117.246
WIG-SPOZYW,20201103,2989.3600,2994.6600,2953.9900,2953.9900,1245.225
WIG-TELKOM,20201103,866.1100,880.5900,863.3100,877.0500,147226.807
WIG-UKRAIN,20201103,352.5800,352.5800,348.8200,348.8200,885.966
WIG.GAMES,20201103,32554.8400,32924.7500,32009.3400,32833.2300,229293.897
WIG.MS-BAS,20201103,7745.5500,8291.8600,7745.5500,8291.8600,181164.052
WIG.MS-FIN,20201103,5156.9800,5415.9800,5152.7900,5397.3600,256988.281
WIG.MS-PET,20201103,4759.2900,5067.7700,4759.2900,5067.1600,195028.597
WIG20,20201103,1564.8600,1636.9000,1564.7500,1636.2800,1231833.812
WIG20DVP,20201103,10.3700,10.3700,10.3700,10.3700,1231833.812
WIG20LEV,20201103,269.4100,294.0700,269.3700,293.8600,1231833.812
WIG20SHORT,20201103,4601.9500,4602.2800,4387.7100,4389.5500,1231833.812
WIG20TR,20201103,2871.5100,2996.9300,2869.6000,2996.9300,1231833.812
WIG30,20201103,1790.2500,1869.4800,1789.6400,1869.0100,1269698.686
WIG30TR,20201103,3268.7100,3378.1000,3268.7100,3378.1000,1269698.686
WIGDIV,20201103,915.0400,932.3900,913.4200,930.3300,167117.323
WIGTECH,20201103,14085.8700,14201.3300,13988.7700,14197.2400,0.000
