06MAGNA,20201105,1.3100,1.4200,1.2700,1.3400,185401
11BIT,20201105,485.0000,505.0000,478.0000,491.0000,6146
4FUNMEDIA,20201105,4.6000,4.7200,4.4000,4.7200,6706
ABPL,20201105,29.8000,30.5000,29.4000,29.6000,10327
ACAUTOGAZ,20201105,37.7000,37.8000,37.7000,37.7000,167
ACTION,20201105,4.6600,4.6600,4.0900,4.1500,117615
ADIUVO,20201105,5.7000,5.7000,5.6600,5.7000,901
AGORA,20201105,4.8800,4.8800,4.5100,4.7700,31454
AGROTON,20201105,3.9300,4.0500,3.7700,4.0500,115888
AIGAMES,20201105,17.0000,18.0000,17.0000,17.5500,31408
AILLERON,20201105,7.1400,7.3800,7.1400,7.2800,10125
AIRWAY,20201105,2.3700,2.4500,2.3000,2.3300,679368
ALIOR,20201105,13.6600,14.4850,13.4450,14.4500,793612
ALLEGRO,20201105,88.3000,89.6000,86.7000,87.5600,1296652
ALTA,20201105,1.1300,1.1400,1.1300,1.1400,920
ALTUSTFI,20201105,0.7820,0.7820,0.7040,0.7440,585027
ALUMETAL,20201105,36.5000,37.8000,36.5000,37.0000,469
AMBRA,20201105,17.3000,17.3500,16.9000,16.9000,4360
AMICA,20201105,156.0000,156.0000,146.4000,155.0000,10574
AMREST,20201105,14.9000,16.5800,14.9000,16.3000,191728
APATOR,20201105,20.4000,21.6000,20.4000,21.6000,3254
APLISENS,20201105,10.2000,10.7000,10.2000,10.7000,7
APSENERGY,20201105,1.7400,1.7400,1.6000,1.7050,3011
ARCHICOM,20201105,19.0000,19.0000,18.9500,18.9500,3935
ARCTIC,20201105,3.7400,3.9000,3.7400,3.8300,38767
ARTIFEX,20201105,9.0000,9.0600,8.8400,8.8400,15253
ASBIS,20201105,7.4500,7.6300,7.0400,7.2500,621740
ASSECOBS,20201105,32.8000,32.8000,32.6000,32.8000,1242
ASSECOPOL,20201105,65.3000,66.7000,65.3000,65.8000,97278
ASSECOSEE,20201105,41.5000,42.0000,40.5000,40.9000,8326
ASTARTA,20201105,20.7000,22.0000,20.7000,21.9000,19805
ATAL,20201105,29.8000,32.0000,29.0000,30.8000,3128
ATENDE,20201105,2.8000,2.9800,2.8000,2.9800,19394
ATLANTIS,20201105,0.6500,0.6700,0.6500,0.6700,5001
ATLASEST,20201105,1.2500,1.2600,1.2500,1.2600,2100
ATMGRUPA,20201105,3.6500,3.9000,3.6000,3.8900,17639
ATREM,20201105,2.0800,2.1700,2.0300,2.1500,4342
AUGA,20201105,3.0000,3.0000,3.0000,3.0000,75
AUTOPARTN,20201105,6.8000,6.9600,6.8000,6.9400,16798
BAHOLDING,20201105,0.5970,0.6620,0.5970,0.6580,147047
BBIDEV,20201105,3.4000,3.4000,3.4000,3.4000,380
BEDZIN,20201105,8.7500,8.7500,8.7500,8.7500,533
BENEFIT,20201105,576.0000,620.0000,576.0000,620.0000,14812
BETACOM,20201105,10.5500,10.5500,10.5500,10.5500,25
BETAM40TR,20201105,48.0000,48.9500,48.0000,48.9500,9913
BETAW20LV,20201105,28.4000,28.9000,28.0500,28.8000,13860
BETAW20ST,20201105,439.8000,445.0000,436.7000,438.9000,3321
BETAW20TR,20201105,28.4850,28.6050,28.1850,28.4400,9577
BIK,20201105,12.9500,12.9500,12.0500,12.0500,1525
BIOMEDLUB,20201105,17.7500,18.6500,17.3500,18.3500,1136858
BIOTON,20201105,4.3200,4.4400,4.2800,4.3500,77838
BNPPBSK1024,20201105,1005.0000,1006.0000,1004.5000,1006.0000,850
BNPPPL,20201105,36.8000,36.8000,35.7000,36.4000,1665
BNPPSOGO1021,20201105,1051.0000,1051.0000,1051.0000,1051.0000,55
BOGDANKA,20201105,16.6000,16.7400,16.3400,16.5000,23682
BOOMBIT,20201105,20.4500,20.7000,19.5000,20.5000,23768
BORYSZEW,20201105,2.7800,2.8100,2.7600,2.7900,68986
BOS,20201105,4.8400,4.9800,4.8400,4.9800,12210
BOWIM,20201105,1.9300,1.9300,1.9300,1.9300,1000
BPHFIZMLI,20201105,89.1000,89.1000,89.0000,89.0000,15
BRASTER,20201105,0.5010,0.5470,0.5010,0.5320,76498
BUDIMEX,20201105,250.0000,259.0000,249.0000,252.5000,9194
BUMECH,20201105,1.8550,1.9150,1.8100,1.9000,15885
CCC,20201105,41.5000,44.7700,41.3500,44.0700,341699
CDPROJEKT,20201105,387.9000,396.2000,370.0000,371.1000,764027
CDRL,20201105,12.6000,13.5000,12.6000,13.5000,1627
CELTIC,20201105,6.4000,6.5000,6.2000,6.5000,355
CEZ,20201105,77.8000,78.5000,76.8000,78.5000,635
CFI,20201105,0.1700,0.1720,0.1680,0.1720,7574
CIECH,20201105,27.6500,29.3000,27.6500,29.2000,48431
CIGAMES,20201105,1.1720,1.2400,1.1720,1.2080,748762
CITYSERV,20201105,7.2000,7.2000,7.2000,7.2000,200
CLNPHARMA,20201105,34.0500,35.0000,33.2000,33.5000,42698
CNT,20201105,12.5000,12.9000,12.5000,12.9000,465
COALENERG,20201105,0.5950,0.5950,0.5550,0.5800,4190
COGNOR,20201105,1.1600,1.1600,1.1300,1.1500,23157
COMARCH,20201105,197.5000,198.5000,197.5000,198.0000,366
COMP,20201105,49.5000,49.9000,47.3000,48.0000,7412
COMPERIA,20201105,2.3400,2.4000,2.3400,2.4000,805
CORMAY,20201105,1.5900,1.6900,1.5400,1.5700,838430
CPGROUP,20201105,6.2000,6.2000,6.0200,6.1000,735
CYFRPLSAT,20201105,26.5200,27.0600,26.1000,26.7200,829939
CZTOREBKA,20201105,0.5300,0.5300,0.5300,0.5300,100
DATAWALK,20201105,187.0000,188.5000,180.0000,182.5000,12093
DEBICA,20201105,73.4000,74.4000,71.6000,72.0000,1190
DECORA,20201105,29.3000,30.0000,28.5000,29.8000,840
DEKPOL,20201105,21.2000,21.8000,20.6000,20.8000,5153
DELKO,20201105,14.9000,15.4000,14.6000,15.2000,9342
DEVELIA,20201105,1.7620,1.7920,1.7140,1.7400,217229
DGA,20201105,4.6300,4.6300,4.6300,4.6300,15
DIGITREE,20201105,5.6000,5.9500,5.6000,5.9500,625
DINOPL,20201105,232.4000,246.6000,231.2000,246.0000,163148
DOMDEV,20201105,98.2000,99.8000,98.0000,99.8000,1096
DROZAPOL,20201105,1.5600,1.7000,1.5600,1.7000,42
ECHO,20201105,3.7500,3.8500,3.7500,3.8500,45001
EFEKT,20201105,4.4600,5.0000,4.4600,4.9800,861
EKOEXPORT,20201105,3.3000,3.3400,3.2000,3.2750,30432
ELBUDOWA,20201105,0.6000,0.6400,0.5950,0.6280,35398
ELEKTROTI,20201105,5.1600,5.4800,5.1600,5.4800,2354
ELEMENTAL,20201105,2.3900,2.3900,2.3850,2.3850,21923
ELKOP,20201105,0.2450,0.2480,0.2340,0.2450,6952
ELZAB,20201105,3.9600,4.0000,3.7400,3.9000,2511
EMCINSMED,20201105,14.6000,14.8000,14.1000,14.3000,586
ENAP,20201105,1.4100,1.4100,1.4100,1.4100,182
ENEA,20201105,5.1000,5.3250,5.0850,5.1700,451913
ENELMED,20201105,16.3000,16.5000,16.3000,16.5000,822
ENERGA,20201105,8.3100,8.3150,8.3100,8.3100,302436
ENERGOINS,20201105,0.6660,0.6660,0.6660,0.6660,47770
ENTER,20201105,20.9000,21.7000,20.9000,21.5000,6262
ERBUD,20201105,18.4000,19.3500,18.4000,19.3500,3972
ERG,20201105,40.0000,40.0000,40.0000,40.0000,1
ESOTIQ,20201105,9.1000,9.1000,8.2000,9.0000,1234
ETFDAX,20201105,530.9000,533.9000,527.7000,533.9000,161
ETFSP500,20201105,137.9800,138.4400,136.8000,138.4400,1794
ETFW20L,20201105,205.0000,207.3000,205.0000,207.0000,1364
EUCO,20201105,4.2000,4.2000,4.0800,4.0800,2662
EUROCASH,20201105,12.9700,13.4900,12.8600,13.4500,519919
EUROTEL,20201105,20.9000,22.0000,20.9000,22.0000,3302
FAMUR,20201105,1.5700,1.6100,1.5700,1.6000,508505
FASING,20201105,9.4200,9.4200,9.1200,9.4000,10491
FEERUM,20201105,11.6000,11.6000,11.2000,11.2000,158
FERRO,20201105,17.6500,17.6500,17.2000,17.4000,895
FERRUM,20201105,3.5600,3.5600,3.5600,3.5600,1004
FON,20201105,0.0955,0.0995,0.0930,0.0965,367258
FORTE,20201105,34.3000,35.9500,34.0000,34.8000,3522
GAMEOPS,20201105,21.3050,22.9000,21.3050,22.9000,1940
GAMFACTOR,20201105,14.8200,15.3600,14.5000,15.2700,2900
GAMFACTOR-PDA,20201105,14.3480,14.3480,12.9400,14.3000,7798
GETIN,20201105,0.7195,0.7350,0.7010,0.7350,216892
GETINOBLE,20201105,0.1600,0.1664,0.1590,0.1612,488820
GLCOSMED,20201105,5.7000,6.0000,5.6500,5.7500,105484
GPW,20201105,45.1500,45.6500,44.9500,45.3000,103166
GROCLIN,20201105,0.8900,0.8900,0.8740,0.8900,8380
GRODNO,20201105,10.4000,10.9000,10.3000,10.4500,119184
GRUPAAZOTY,20201105,22.3000,23.3500,22.1500,23.1000,71636
GTC,20201105,5.4600,5.6000,5.4600,5.5000,27709
HANDLOWY,20201105,29.6000,32.0000,29.4000,30.8000,51567
HARPER,20201105,16.2000,18.4500,16.2000,17.3500,115472
HELIO,20201105,10.9000,10.9000,10.2000,10.2000,152
HERKULES,20201105,1.1250,1.2350,1.1250,1.2300,56832
HUBSTYLE,20201105,1.0500,1.0600,0.9800,1.0500,3786
HYDROTOR,20201105,27.0000,27.4000,26.8000,27.4000,403
I2DEV,20201105,9.9000,9.9000,9.8000,9.8000,805
IALBGR,20201105,0.2500,0.2500,0.2400,0.2400,2564
IDEABANK,20201105,1.4160,1.4560,1.4160,1.4480,10589
IDMSA,20201105,0.8450,0.8450,0.8100,0.8100,5063
IFCAPITAL,20201105,0.6900,0.6900,0.6900,0.6900,6000
IFIRMA,20201105,4.1400,4.1500,4.1100,4.1500,4088
IIAAV,20201105,55.2000,55.2000,55.2000,55.2000,27
IMCOMPANY,20201105,12.3000,12.3000,11.9000,12.3000,1462
IMMOBILE,20201105,2.4400,2.4400,2.4000,2.4400,59
IMPERA,20201105,1.0400,1.1000,1.0300,1.1000,978
IMS,20201105,1.9200,2.0700,1.8800,1.9500,10521
INC,20201105,7.6800,7.8000,7.3600,7.7000,55255
INGBSK,20201105,118.2000,126.6000,118.2000,125.2000,17459
INPRO,20201105,4.6000,4.6000,4.6000,4.6000,2
INSTALKRK,20201105,19.3000,19.5000,18.9000,19.0000,449
INTERAOLT,20201105,14.9000,14.9000,14.7500,14.7500,2823
INTERCARS,20201105,208.0000,212.0000,207.0000,207.0000,6652
INTERSPPL,20201105,0.8800,0.8800,0.8300,0.8800,807
INTLALE35055,20201105,32.0500,32.1000,31.2500,31.6500,994
INTLALE35097,20201105,42.2000,44.2000,42.2000,42.5000,299
INTLALE35170,20201105,23.1500,23.8500,21.4000,21.6500,1318
INTLBCO31179,20201105,75.6000,75.6000,75.6000,75.6000,9
INTLBCO31633,20201105,30.8000,31.2500,30.2000,31.2500,875
INTLBCO31682,20201105,47.2000,47.2000,47.2000,47.2000,100
INTLCDR23200,20201105,22.3500,22.3500,22.0000,22.0000,505
INTLCDR28951,20201105,19.9400,20.1000,18.2800,18.2800,60
INTLCDR29850,20201105,17.9600,18.0000,17.9600,18.0000,190
INTLCDR30478,20201105,14.5000,14.7000,12.4000,12.6000,3803
INTLCDR30486,20201105,15.3200,15.9600,13.7000,13.9800,2201
INTLCDR30494,20201105,15.6800,15.6800,15.6800,15.6800,1000
INTLCDR30718,20201105,12.0000,12.0000,12.0000,12.0000,100
INTLCDR30726,20201105,12.8400,14.2000,10.9800,11.3400,17716
INTLDAX13169,20201105,208.0000,208.0000,208.0000,208.0000,8
INTLDAX30601,20201105,134.0000,134.0000,134.0000,134.0000,6
INTLDAX31872,20201105,68.4000,72.7000,68.4000,72.7000,208
INTLDAX31880,20201105,78.7000,79.2000,76.9000,78.0000,414
INTLDAX32193,20201105,59.4000,63.5000,57.1000,63.5000,5606
INTLDNP34710,20201105,5.4400,6.2600,5.4400,6.2600,3213
INTLDOW33126,20201105,144.6000,144.6000,144.6000,144.6000,35
INTLDOW34348,20201105,110.0000,110.0000,109.4000,109.6000,233
INTLEUD24364,20201105,54.1000,54.1000,54.1000,54.1000,14
INTLEUD33860,20201105,15.7200,19.3000,15.7200,18.2000,1610
INTLEUR26823,20201105,50.1000,50.1000,50.1000,50.1000,30
INTLEUR28324,20201105,19.7000,19.9000,18.4000,19.0000,1576
INTLEUR34603,20201105,16.7000,16.7000,13.7600,15.0400,1707
INTLEUR35196,20201105,12.9200,12.9600,9.7600,9.7600,900
INTLGLD24166,20201105,192.0000,192.0000,192.0000,192.0000,6
INTLGLD30130,20201105,166.0000,176.8000,165.0000,176.2000,102
INTLGLD30148,20201105,323.5000,323.5000,323.5000,323.5000,15
INTLGLD30866,20201105,142.8000,150.0000,142.8000,150.0000,55
INTLGLD31310,20201105,120.4000,120.4000,120.4000,120.4000,5
INTLGLD33092,20201105,94.1000,105.0000,94.1000,105.0000,392
INTLGLD33100,20201105,83.0000,87.6000,83.0000,87.6000,60
INTLGLD33456,20201105,44.0000,54.0000,42.2500,53.5000,5701
INTLGLD33464,20201105,56.8000,67.3000,56.8000,67.3000,3020
INTLGLD33472,20201105,70.0000,80.9000,70.0000,80.5000,218
INTLJSW28993,20201105,9.3800,9.3800,9.3800,9.3800,100
INTLJSW30569,20201105,10.2200,10.2200,10.2200,10.2200,80
INTLJSW32136,20201105,6.4200,6.4800,6.1200,6.3500,1684
INTLJSW32151,20201105,7.9600,7.9600,7.9600,7.9600,250
INTLKGH33936,20201105,29.6500,33.2500,29.6500,33.2500,55
INTLKGH34793,20201105,25.8500,28.0000,25.8500,28.0000,68
INTLLTS34702,20201105,8.3400,8.3500,8.2000,8.2000,690
INTLNDX18713,20201105,250.0000,250.0000,250.0000,250.0000,4
INTLNDX33167,20201105,87.1000,87.1000,86.2000,86.2000,45
INTLNDX34777,20201105,61.8000,64.7000,60.8000,62.0000,409
INTLPGE32037,20201105,1.6300,1.6300,1.5700,1.5700,1958
INTLPKN04119,20201105,12.9200,12.9200,12.2000,12.3800,2490
INTLPKN05496,20201105,8.4500,8.4500,7.6500,7.9000,1041
INTLPKO29405,20201105,5.2300,5.5100,5.2300,5.5100,484
INTLPKO29413,20201105,7.3800,7.6000,7.3800,7.6000,691
INTLPKO30395,20201105,4.0400,4.2100,3.5000,4.2100,12883
INTLPKO30403,20201105,4.8800,4.9400,4.4000,4.9400,9075
INTLPLA30916,20201105,8.2000,8.2000,8.2000,8.2000,1100
INTLPLA31138,20201105,8.0000,8.0000,8.0000,8.0000,310
INTLPLA31757,20201105,5.6000,6.1800,5.6000,6.1800,510
INTLPLA33084,20201105,4.6700,5.0500,4.6700,5.0500,229
INTLPZU15610,20201105,3.7800,3.8500,3.5400,3.6000,4128
INTLSLV29702,20201105,46.9500,46.9500,46.9500,46.9500,25
INTLSLV30890,20201105,42.1000,42.1000,41.8000,41.8000,53
INTLSLV31625,20201105,38.5500,38.5500,38.5500,38.5500,7
INTLSLV33043,20201105,28.8500,30.8000,28.8500,30.8000,730
INTLSLV33340,20201105,16.6200,17.2400,16.1000,17.2400,259
INTLSLV33357,20201105,18.3000,20.0000,17.8800,20.0000,3320
INTLSLV33365,20201105,21.2000,22.9000,20.6500,22.9000,720
INTLSLV33381,20201105,27.5500,27.5500,27.5500,27.5500,100
INTLSLV34967,20201105,11.9200,13.5400,11.9200,13.5400,1665
INTLSPX32284,20201105,33.3000,33.4000,33.3000,33.4000,76
INTLSPX33894,20201105,23.0000,23.0000,23.0000,23.0000,7
INTLSPX34785,20201105,19.0200,19.0200,18.7000,18.7000,400
INTLSPX34900,20201105,13.5000,14.9000,13.3800,14.9000,1924
INTLTNF25320,20201105,92.4000,92.4000,92.4000,92.4000,10
INTLTNF34090,20201105,47.6000,47.6000,47.6000,47.6000,105
INTLUSD20602,20201105,29.8500,29.8500,28.3500,28.3500,100
INTLUSD20826,20201105,37.9000,37.9000,37.9000,37.9000,13
INTLUSD20842,20201105,48.7500,49.3500,45.8000,46.2500,887
INTLUSD21170,20201105,27.2500,27.2500,23.0000,24.8000,1598
INTLUSD34256,20201105,20.5500,20.5500,16.9800,19.1600,957
INTLUSD34637,20201105,16.9400,16.9400,12.1400,14.0600,7606
INTLUSD35204,20201105,11.5200,11.5200,8.1500,8.1500,6879
INTLUSJ16238,20201105,22.5000,22.5000,22.5000,22.5000,112
INTLVOW11171,20201105,32.5000,32.5000,32.5000,32.5000,143
INTLW2028613,20201105,7.7200,7.7200,7.7200,7.7200,130
INTLW2028688,20201105,3.5600,3.5600,3.5600,3.5600,700
INTLW2029892,20201105,2.5800,2.7400,2.4100,2.7400,30136
INTLW2030585,20201105,2.2200,2.3500,2.0600,2.2700,255308
INTLW2030593,20201105,2.4000,2.5500,2.3200,2.5500,3947
INTROL,20201105,3.1800,3.3200,3.1800,3.2800,38648
INTSALE35212,20201105,52.8000,54.6000,52.4000,53.7000,405
INTSALE35220,20201105,63.9000,63.9000,63.9000,63.9000,31
INTSBCO34447,20201105,24.8000,25.0000,22.6000,22.6000,2828
INTSBCO34454,20201105,29.0000,29.0000,29.0000,29.0000,112
INTSCCC34207,20201105,4.3900,4.4000,4.2200,4.3400,6732
INTSCDR34124,20201105,18.5400,18.9800,18.5400,18.5400,670
INTSCDR34199,20201105,20.9000,22.9000,20.4000,22.3500,1342
INTSCDR34249,20201105,12.6000,14.7200,12.6000,14.7200,16485
INTSCDR34801,20201105,9.0400,11.0000,8.9200,11.0000,8884
INTSDAX25783,20201105,63.5000,63.5000,59.1000,59.1000,81
INTSDAX25825,20201105,76.5000,76.5000,70.7000,72.0000,383
INTSDAX26591,20201105,88.1000,88.1000,88.1000,88.1000,17
INTSDAX26609,20201105,101.4000,101.4000,97.8000,97.8000,194
INTSDAX34330,20201105,52.5000,53.4000,45.1500,45.1500,13521
INTSDAX35022,20201105,39.0000,40.0500,33.2000,35.2500,1171
INTSDAX35113,20201105,16.4000,17.8000,11.9600,12.1000,16565
INTSDAX35121,20201105,27.0000,28.4500,21.0000,21.9000,8361
INTSDNP34082,20201105,7.1300,7.1300,5.8300,5.8300,10030
INTSDOW24067,20201105,77.2000,77.2000,64.6000,66.0000,841
INTSDOW27128,20201105,139.0000,139.0000,130.0000,130.0000,30
INTSDOW33274,20201105,110.0000,110.0000,110.0000,110.0000,10
INTSESX26021,20201105,33.9000,33.9000,33.3500,33.3500,231
INTSESX26039,20201105,42.9500,42.9500,42.9500,42.9500,481
INTSESX28878,20201105,16.1800,16.1800,15.7800,15.7800,85
INTSESX35139,20201105,8.1200,8.1200,8.1200,8.1200,100
INTSEUD02683,20201105,29.3000,29.3000,28.6000,28.6000,100
INTSEUD21246,20201105,19.2400,19.2400,16.4600,16.5200,856
INTSEUR29165,20201105,28.0000,28.0000,28.0000,28.0000,80
INTSEUR29181,20201105,36.2500,39.0000,36.2500,39.0000,120
INTSEUR29686,20201105,42.6000,42.6000,42.6000,42.6000,50
INTSGLD30882,20201105,95.4000,95.4000,95.4000,95.4000,30
INTSGLD33316,20201105,87.3000,87.3000,73.3000,73.3000,160
INTSGLD34504,20201105,60.0000,60.0000,48.5000,48.9000,475
INTSKGH35154,20201105,30.8000,30.8000,26.9000,27.1000,515
INTSNAG27797,20201105,3.6600,3.6600,3.6600,3.6600,220
INTSNDX33225,20201105,35.3500,35.3500,30.6500,33.4500,6729
INTSNDX33233,20201105,49.1000,49.4500,45.8000,48.3500,401
INTSNDX33241,20201105,64.7000,64.7000,61.2000,63.0000,310
INTSNDX33258,20201105,81.6000,81.6000,79.2000,79.3000,1312
INTSNDX33647,20201105,127.8000,127.8000,126.8000,126.8000,12
INTSNDX35147,20201105,22.8000,22.8000,18.1200,20.1000,3820
INTSNKX27086,20201105,53.4000,53.4000,53.4000,53.4000,90
INTSNKX27094,20201105,122.0000,122.0000,113.8000,113.8000,181
INTSOPL09423,20201105,2.4700,2.4700,2.4700,2.4700,1000
INTSPGE26989,20201105,4.2000,4.2000,4.2000,4.2000,1000
INTSPKN34173,20201105,27.0500,27.0500,27.0500,27.0500,26
INTSPKO32300,20201105,9.9900,10.5400,9.9900,10.0400,3732
INTSSLV33696,20201105,25.9000,25.9000,25.9000,25.9000,40
INTSSLV34538,20201105,18.3800,18.3800,16.4200,16.4200,47
INTSSLV34553,20201105,12.3400,12.3400,11.4800,11.5000,535
INTSSLV35030,20201105,7.3800,8.0000,7.3800,8.0000,764
INTSSPX34140,20201105,18.5600,18.7200,16.8000,17.0800,1078
INTSSPX34215,20201105,31.4000,31.4000,30.0000,30.0000,250
INTSSPX34413,20201105,12.4800,12.6800,10.9600,10.9600,7337
INTSUSD32243,20201105,40.1000,40.1000,40.1000,40.1000,69
INTSUSD32698,20201105,24.2500,28.5000,24.2500,27.3000,980
INTSUSJ32714,20201105,28.5500,28.8000,28.5500,28.8000,168
INTSW2019307,20201105,8.1500,8.1500,8.1500,8.1500,100
INTSW2019976,20201105,11.6000,11.6000,11.6000,11.6000,135
INTSW2020859,20201105,6.5900,6.6000,6.5700,6.5700,470
INTSW2026005,20201105,6.1600,6.1600,6.0300,6.0300,390
INTSW2026328,20201105,5.7400,5.7400,5.6800,5.6800,755
INTSW2027409,20201105,4.6100,4.6100,4.6100,4.6100,330
INTSW2028464,20201105,2.9600,2.9700,2.7800,2.8000,5596
INTSW2034264,20201105,1.7300,1.8300,1.5700,1.6100,60216
INTSW2034272,20201105,2.1300,2.1300,2.1300,2.1300,1000
INTSW2034280,20201105,2.2900,2.3800,2.1200,2.1300,6461
INTSW2034298,20201105,2.5300,2.5300,2.3200,2.3500,14689
INTSW2034306,20201105,2.6800,2.6800,2.5000,2.5000,1400
INTSW2034991,20201105,1.0600,1.1100,0.8700,0.9500,38740
INTSW2035006,20201105,1.2300,1.3700,1.1700,1.2000,29676
INTSW2035014,20201105,1.4800,1.6000,1.3700,1.3700,5019
INTSW2035105,20201105,0.7900,1.0200,0.6600,0.7000,265759
INVCEEFIZ,20201105,461.1000,461.1000,461.1000,461.1000,1
INVFIZ,20201105,936.1000,950.5000,936.1000,950.5000,19
INVGLDFIZ,20201105,1825.1000,1825.1000,1825.1000,1825.1000,4
INVISTA,20201105,0.3300,0.3300,0.3300,0.3300,20
INVPEFIZ,20201105,889.9000,889.9000,870.0100,870.0100,3
IPOPEMA,20201105,3.5200,3.5200,3.4200,3.5000,6513
ITMTRADE,20201105,0.1310,0.1310,0.1305,0.1305,3789
IZOBLOK,20201105,29.8000,29.8000,29.8000,29.8000,30
IZOLACJA,20201105,1.2950,1.4300,1.2950,1.4250,4016
IZOSTAL,20201105,2.0900,2.1200,2.0900,2.1000,7932
JSW,20201105,18.6800,18.9900,18.1100,18.3300,856467
JWCONSTR,20201105,3.0500,3.0500,2.9300,3.0400,722
K2INTERNT,20201105,17.2000,17.2000,16.4000,17.1000,585
KCI,20201105,0.6060,0.6380,0.6060,0.6380,16725
KERNEL,20201105,38.9000,39.4000,38.5000,39.4000,36705
KETY,20201105,410.0000,435.0000,409.5000,433.0000,11941
KGHM,20201105,129.0000,133.1000,127.5000,132.3000,638370
KGL,20201105,15.6000,15.6000,15.4000,15.4000,2330
KINOPOL,20201105,6.3500,6.6500,6.2000,6.6500,26538
KOGENERA,20201105,32.8000,33.6000,32.2000,33.0000,294
KOMPAP,20201105,7.3500,7.6500,7.3500,7.6500,2
KOMPUTRON,20201105,1.9900,2.1100,1.9200,2.0500,63675
KREC,20201105,7.1400,7.1400,6.8000,6.8000,1275
KREDYTIN,20201105,11.5000,11.5000,11.5000,11.5000,6
KRUK,20201105,129.6000,139.9000,129.6000,139.9000,47367
KRUSZWICA,20201105,52.0000,54.0000,52.0000,53.8000,5630
KRVITAMIN,20201105,21.9000,22.4000,21.0000,21.8000,21755
KSGAGRO,20201105,1.1000,1.1500,1.0000,1.1000,78412
LABOPRINT,20201105,9.9000,9.9000,9.8800,9.8800,20
LARQ,20201105,1.7000,1.7000,1.6000,1.6300,16209
LENA,20201105,3.3900,3.4900,3.3900,3.4000,9770
LENTEX,20201105,9.0600,9.1000,8.8800,9.1000,4752
LIBET,20201105,2.0400,2.0400,2.0200,2.0400,1807
LIVECHAT,20201105,99.5000,100.6000,96.6000,99.9000,33331
LMESFIZ,20201105,1063.2000,1063.2000,1063.2000,1063.2000,5
LOKUM,20201105,11.8000,11.9000,11.3500,11.6500,1592
LOTOS,20201105,30.5800,30.9900,29.6500,30.0000,755408
LPP,20201105,5990.0000,6585.0000,5990.0000,6585.0000,3270
LSISOFT,20201105,11.4000,11.6000,11.4000,11.6000,1994
LUBAWA,20201105,1.4750,1.5100,1.4550,1.4750,501838
MABION,20201105,22.8500,23.4000,22.3000,22.9500,36300
MAKARONPL,20201105,5.7000,5.7000,5.6000,5.7000,3439
MANGATA,20201105,44.0000,48.0000,44.0000,46.6000,1253
MARVIPOL,20201105,4.7300,4.8300,4.7300,4.8000,15510
MASTERPHA,20201105,3.9000,4.0900,3.9000,4.0900,327
MAXCOM,20201105,9.9000,10.3500,9.9000,10.3500,921
MBANK,20201105,127.5000,130.7000,125.0000,125.1000,113981
MBWS,20201105,5.9000,5.9000,5.9000,5.9000,2
MCI,20201105,14.3000,14.5000,14.0000,14.2500,8651
MDIENERGIA,20201105,3.8000,3.9800,3.7700,3.9100,66352
MEDIACAP,20201105,1.9700,1.9700,1.9700,1.9700,220
MEDICALG,20201105,23.3000,23.6000,21.8000,22.3000,37062
MENNICA,20201105,19.0000,19.0000,18.7000,18.9000,5188
MERCATOR,20201105,536.0000,596.0000,530.0000,596.0000,144686
MERCOR,20201105,9.4800,9.7200,9.3000,9.3000,2898
MEXPOLSKA,20201105,1.0700,1.0700,0.9800,1.0300,15908
MFO,20201105,18.0000,18.0000,17.6000,17.6000,748
MILKILAND,20201105,0.6400,0.6500,0.6300,0.6450,15239
MILLENNIUM,20201105,2.3600,2.4400,2.3500,2.4100,1108226
MIRACULUM,20201105,1.0250,1.0650,1.0250,1.0600,4633
MIRBUD,20201105,1.9000,1.9700,1.8950,1.9700,290039
MLPGROUP,20201105,80.5000,87.0000,80.5000,84.5000,762
MLSYSTEM,20201105,67.0000,72.0000,67.0000,70.2000,19580
MOBRUK,20201105,336.0000,340.0000,326.0000,326.0000,261
MOJ,20201105,1.3100,1.3200,1.3000,1.3000,6465
MOL,20201105,20.3600,20.5000,20.3600,20.5000,1100
MONNARI,20201105,1.3800,1.4100,1.3700,1.4100,18048
MOSTALPLC,20201105,7.9800,7.9800,7.9000,7.9800,1690
MOSTALWAR,20201105,3.9600,4.3400,3.8900,4.2200,6030
MOSTALZAB,20201105,0.8180,0.8700,0.8120,0.8700,98720
MUZA,20201105,2.4600,2.4600,2.3600,2.3600,1517
MWTRADE,20201105,1.5400,1.5400,1.5400,1.5400,300
NANOGROUP,20201105,8.3000,9.2500,8.3000,8.7000,111573
NETIA,20201105,4.5500,4.5500,4.5000,4.5500,1036
NEUCA,20201105,579.0000,580.0000,570.0000,580.0000,2183
NEWAG,20201105,23.8000,23.8000,23.0000,23.0000,1702
NEXITY,20201105,16.4000,16.5000,15.3000,16.5000,257
NOVAVISGR,20201105,1.6900,1.7800,1.6000,1.6600,14751
NOVITA,20201105,129.0000,129.0000,128.0000,129.0000,737
NTTSYSTEM,20201105,2.7100,2.9400,2.7000,2.8900,11550
OAT,20201105,18.4000,19.0000,17.8000,18.2500,34350
ODLEWNIE,20201105,4.1500,4.3400,4.1500,4.3400,11093
OPENFIN,20201105,0.7020,0.7020,0.7020,0.7020,2000
OPONEO.PL,20201105,32.2000,32.5000,30.0000,30.8000,3690
OPTEAM,20201105,25.4000,25.4000,25.0000,25.0000,3141
ORANGEPL,20201105,6.4500,6.6800,6.3750,6.5950,1346669
ORCOGROUP,20201105,1.2200,1.2200,1.2000,1.2000,2021
ORZBIALY,20201105,10.9000,11.9000,9.8200,10.5000,8887
OTLOG,20201105,4.3000,4.3000,4.3000,4.3000,2
OTMUCHOW,20201105,1.2600,1.2700,1.2600,1.2700,117
OVOSTAR,20201105,63.5000,63.5000,63.5000,63.5000,1033
PAMAPOL,20201105,1.3400,1.3400,1.2800,1.2800,4131
PANOVA,20201105,9.9800,9.9800,9.2200,9.9400,293
PBKM,20201105,72.0000,74.8000,72.0000,73.0000,509
PCCEXOL,20201105,3.6300,3.8900,3.6300,3.7900,288993
PCCROKITA,20201105,43.4000,43.8000,43.2000,43.8000,2140
PEKABEX,20201105,13.6500,14.2500,13.6500,14.2500,4855
PEKAO,20201105,45.0000,45.4900,43.6100,45.0000,1400675
PEMANAGER,20201105,14.6000,14.6000,14.0500,14.0500,3711
PEP,20201105,49.1000,49.9000,48.6000,49.9000,17410
PEPEES,20201105,1.3400,1.3500,1.3200,1.3500,10936
PGE,20201105,5.3400,5.4880,5.2120,5.2440,2602345
PGNIG,20201105,4.4800,4.5000,4.3800,4.4800,3970376
PGO,20201105,0.9500,1.0000,0.9500,1.0000,4713
PGSSOFT,20201105,10.9500,11.0000,10.8000,10.8000,10862
PHARMENA,20201105,15.7500,15.9000,14.6500,15.3000,30477
PHN,20201105,9.0000,9.8800,8.8800,9.8800,17870
PKNORLEN,20201105,41.1900,41.7000,40.4200,40.7800,1536571
PKOASZEWZ,20201105,95.4100,98.2700,95.4100,98.2600,176
PKOBP,20201105,20.8300,21.0000,20.0900,20.9400,2380686
PKOGS,20201105,89.5100,89.5100,89.5100,89.5100,38
PKPCARGO,20201105,10.3200,11.3600,10.3200,11.1000,144384
PLASTBOX,20201105,1.7600,1.7900,1.7600,1.7900,21101
PLAY,20201105,38.8000,38.8600,38.7800,38.8000,1932724
PLAYWAY,20201105,543.0000,550.0000,530.0000,532.0000,2828
PMPG,20201105,1.5500,1.5600,1.4800,1.5600,7568
POLICE,20201105,11.2000,11.2000,11.2000,11.2000,130
POLIMEXMS,20201105,1.8480,1.8680,1.8200,1.8500,219629
POLWAX,20201105,2.6500,2.7200,2.5500,2.7200,34746
POZBUD,20201105,1.8250,1.9350,1.8150,1.8400,41042
PRAGMAFA,20201105,17.4000,18.5000,17.4000,17.9000,5934
PRAGMAINK,20201105,7.0800,7.0800,6.4400,7.0800,309
PRAIRIE,20201105,0.5680,0.5680,0.5400,0.5530,134483
PRIMETECH,20201105,1.0200,1.0200,1.0200,1.0200,2316
PROCHEM,20201105,18.2500,18.2500,18.2500,18.2500,90
PROJPRZEM,20201105,15.4500,16.5000,15.4500,16.5000,2796
PROTEKTOR,20201105,4.2000,4.2800,4.1000,4.2400,21167
PROVIDENT,20201105,3.0450,3.2450,3.0000,3.1500,62754
PULAWY,20201105,75.8000,76.2000,75.6000,76.2000,282
PUNKPIRAT,20201105,0.6000,0.6200,0.6000,0.6150,22995
PZU,20201105,22.5600,22.7400,22.1200,22.3000,2744677
PZUAKORD,20201105,119.2000,119.2000,119.2000,119.2000,300
QMULTIFIZ,20201105,1154.9000,1159.9000,1154.9000,1159.9000,6
QUERCUS,20201105,2.9300,3.0000,2.9200,2.9300,22708
R22,20201105,31.0000,31.4000,30.7000,31.1000,4147
RADPOL,20201105,2.3700,2.3700,2.3700,2.3700,25
RAFAKO,20201105,0.6440,0.7000,0.6270,0.6980,737074
RAINBOW,20201105,12.1500,12.5000,11.6500,12.0500,7296
RANKPROGR,20201105,1.2750,1.3750,1.2750,1.3650,25244
RAWLPLUG,20201105,7.5000,7.5000,7.0200,7.2200,1610
RCCOCOOPEN,20201105,82.0000,82.0000,81.0000,81.0000,88
RCCOFFAOPEN1,20201105,2.5700,2.5900,2.5700,2.5900,4600
RCFL10GOLD,20201105,15.9200,18.1000,15.9200,18.1000,945
RCFL10OIL2,20201105,2.7100,3.0100,2.6300,3.0100,4211
RCFL10SILVE2,20201105,0.6000,0.6000,0.6000,0.6000,20000
RCFL2GOLD,20201105,105.4000,105.4000,105.4000,105.4000,1
RCFL2OIL,20201105,2.1000,2.1000,2.1000,2.1000,750
RCFL2OIL2,20201105,33.7500,33.7500,33.7500,33.7500,509
RCFL2PALL1,20201105,39.7500,39.7500,39.7500,39.7500,100
RCFL2PLAT1,20201105,7.2000,7.2100,7.2000,7.2100,840
RCFL2SILVE2,20201105,19.2600,19.2600,19.2600,19.2600,200
RCFL3ALR,20201105,0.1900,0.1900,0.1900,0.1900,36616
RCFL3ALR1,20201105,4.5900,5.2100,4.5900,5.2100,3112
RCFL3BOSS,20201105,0.1100,0.1100,0.1100,0.1100,4000
RCFL3BZW,20201105,1.4500,1.4500,1.4500,1.4500,5000
RCFL3CCC,20201105,0.0300,0.0300,0.0300,0.0300,4000
RCFL3CCC1,20201105,5.2100,5.2100,5.2100,5.2100,600
RCFL3CDPRO1,20201105,83.7000,83.7000,83.7000,83.7000,9
RCFL3CDPRO2,20201105,7.7900,7.7900,7.7900,7.7900,1250
RCFL3COFF,20201105,0.3900,0.3900,0.3900,0.3900,10000
RCFL3COFF3,20201105,5.3400,5.5100,5.3400,5.5100,850
RCFL3CORN,20201105,2.2200,2.2200,2.2200,2.2200,250
RCFL3CORN2,20201105,13.9000,13.9000,13.9000,13.9000,40
RCFL3ENA,20201105,2.6000,2.6000,2.6000,2.6000,1500
RCFL3EUH,20201105,0.6800,0.7100,0.6800,0.7100,12500
RCFL3GOLD,20201105,72.5000,74.5000,72.5000,73.9000,279
RCFL3GOLD1,20201105,13.7000,13.7000,13.7000,13.7000,120
RCFL3JSW,20201105,0.2700,0.2700,0.2500,0.2500,407701
RCFL3JSW1,20201105,9.0300,9.0300,8.6300,8.6300,811
RCFL3KGH,20201105,4.6500,4.6500,4.6500,4.6500,290
RCFL3LPP,20201105,64.7000,64.7000,64.7000,64.7000,70
RCFL3LTS1,20201105,0.1300,0.1400,0.1300,0.1300,132370
RCFL3MBK,20201105,0.6300,0.6400,0.5800,0.5800,83500
RCFL3MWIG40,20201105,4.8300,4.8800,4.8300,4.8800,650
RCFL3OIL2,20201105,1.1500,1.2000,1.1500,1.2000,6472
RCFL3OIL3,20201105,0.1000,0.1000,0.1000,0.1000,2500
RCFL3PALL3,20201105,1.1100,1.2300,1.1100,1.2300,6100
RCFL3PEO,20201105,0.5200,0.5200,0.4800,0.5200,74492
RCFL3PGE,20201105,0.1000,0.1000,0.1000,0.1000,10
RCFL3PGN1,20201105,0.9800,0.9800,0.9800,0.9800,1000
RCFL3PKN,20201105,5.1500,5.1500,5.0000,5.0300,8675
RCFL3PKO,20201105,1.8300,1.9400,1.8300,1.9400,2000
RCFL3PLAT2,20201105,8.5700,9.0300,8.5700,9.0300,5200
RCFL3PZU,20201105,6.1100,6.2300,6.0200,6.2000,2790
RCFL3SILVE,20201105,6.4800,6.7800,6.4800,6.7800,11852
RCFL3SILVE2,20201105,11.8000,11.8000,11.8000,11.8000,200
RCFL3SILVE3,20201105,18.2600,19.4400,18.1400,19.4400,580
RCFL3SOY,20201105,6.4900,6.4900,6.4900,6.4900,80
RCFL3TPE,20201105,4.0900,4.0900,4.0900,4.0900,1000
RCFL3W20,20201105,18.6800,19.0200,18.6200,19.0200,5020
RCFL4CDPRO,20201105,36.7500,38.4000,30.8500,31.4000,4468
RCFL4CDPRO1,20201105,6.4400,6.5900,5.1800,5.1800,12688
RCFL4ESX,20201105,127.2000,127.2000,127.2000,127.2000,15
RCFL4FW203,20201105,1.7000,1.7900,1.7000,1.7900,12651
RCFL4GAMES,20201105,79.5000,83.2000,79.5000,81.0000,169
RCFL4OIL4,20201105,7.9100,7.9100,7.9100,7.9100,250
RCFL4PALL2,20201105,1.2700,1.2700,1.2700,1.2700,1400
RCFL4PEO1,20201105,2.5100,2.5100,2.5100,2.5100,800
RCFL4PGE,20201105,4.0800,4.0800,3.9900,3.9900,2200
RCFL4PKN1,20201105,0.9100,0.9100,0.8700,0.8900,5300
RCFL4PKO,20201105,0.1700,0.1900,0.1700,0.1900,10010
RCFL4PKO1,20201105,3.9200,4.2500,3.8000,4.2500,3420
RCFL4PLAT2,20201105,7.0000,7.0000,7.0000,7.0000,10
RCFL4PZU,20201105,0.2500,0.2500,0.2400,0.2400,11500
RCFL4PZU1,20201105,3.4900,3.4900,3.4900,3.4900,500
RCFL4SILVE1,20201105,6.9800,7.0900,6.9800,7.0900,1620
RCFL4SILVE2,20201105,9.4800,10.2400,9.4800,10.2400,1180
RCFL5ALE,20201105,37.5500,39.8000,34.5500,36.1000,1720
RCFL5GOLD,20201105,26.8500,28.8000,26.8500,28.8000,1118
RCFL5MSFIN2,20201105,1.9200,1.9300,1.9200,1.9300,4650
RCFL5MWIG40,20201105,1.4900,1.4900,1.4900,1.4900,100
RCFL5SILVE,20201105,1.5300,1.5300,1.5000,1.5300,7000
RCFL6COPP1,20201105,7.5200,7.5200,7.5200,7.5200,400
RCFL6CORN,20201105,2.0300,2.0400,2.0300,2.0400,2000
RCFL6FW201,20201105,0.3000,0.3000,0.3000,0.3000,5000
RCFL6GOLD1,20201105,13.7200,13.7200,13.7200,13.7200,100
RCFL6NAG1,20201105,0.0200,0.0200,0.0200,0.0200,2737
RCFL6PALL,20201105,0.1000,0.1000,0.1000,0.1000,620
RCFL6SILVE,20201105,1.9600,2.0800,1.8800,2.0800,5177
RCFL6SILVE2,20201105,12.8400,14.0000,12.8400,14.0000,636
RCFL6W20,20201105,7.0800,7.1100,7.0100,7.0100,500
RCFL6W201,20201105,0.2300,0.2300,0.2300,0.2300,20000
RCFL7SILVE,20201105,0.3800,0.3800,0.3800,0.3800,10000
RCFL8COFF1,20201105,0.2800,0.2800,0.2800,0.2800,15000
RCFL8COPP1,20201105,4.4000,4.4000,4.4000,4.4000,3000
RCFODAOPEN,20201105,38.5000,38.5000,38.5000,38.5000,78
RCFS10GOLD2,20201105,10.7800,10.7800,10.7800,10.7800,1
RCFS10OIL2,20201105,4.2000,4.2500,4.0000,4.0100,3330
RCFS10SILVE2,20201105,7.9400,7.9400,5.1500,5.1500,765
RCFS2GAMES,20201105,2.6000,2.6000,2.6000,2.6000,3500
RCFS2PKN,20201105,6.4900,6.4900,6.4900,6.4900,500
RCFS2PZU,20201105,24.4000,24.4000,24.3500,24.3500,200
RCFS2W20,20201105,65.8000,65.8000,65.7000,65.7000,49
RCFS3ALR1,20201105,6.9300,7.0400,6.1700,6.2300,1294
RCFS3CDPRO,20201105,3.0000,3.3700,3.0000,3.3700,460
RCFS3FDX,20201105,5.5000,5.5100,5.3000,5.3200,3490
RCFS3GAMES,20201105,1.1000,1.1400,1.0500,1.1400,20300
RCFS3KGH,20201105,0.1800,0.1900,0.1700,0.1700,380750
RCFS3LPP,20201105,0.6000,0.6000,0.4600,0.4600,671
RCFS3LPP1,20201105,7.7100,7.7100,7.7100,7.7100,600
RCFS3MWIG40,20201105,9.9200,9.9200,9.8400,9.8400,800
RCFS3OIL4,20201105,9.6800,9.6800,9.6800,9.6800,105
RCFS3PGE,20201105,1.6800,1.8900,1.6600,1.8900,2589
RCFS3SILVE3,20201105,11.8600,11.8600,10.9800,10.9800,3200
RCFS3TPE,20201105,1.0700,1.0800,1.0300,1.0500,65810
RCFS3W20,20201105,34.5000,35.7000,33.5500,33.9000,1965
RCFS4CDPRO1,20201105,1.4500,1.8400,1.4300,1.8400,24301
RCFS4ESX,20201105,0.4800,0.4800,0.4800,0.4800,5000
RCFS4LPP,20201105,7.1400,7.1400,5.3900,5.6400,2150
RCFS4OIL4,20201105,9.4900,9.4900,8.9900,8.9900,280
RCFS4PEO,20201105,26.8500,26.8500,26.8500,26.8500,66
RCFS4PGE,20201105,1.8700,2.2400,1.8700,2.2400,6125
RCFS4PGN,20201105,1.8800,1.8800,1.8800,1.8800,1500
RCFS4PKN,20201105,30.9500,32.2500,30.9500,32.2500,132
RCFS4PKO,20201105,13.0400,13.8400,12.2400,12.2400,7050
RCFS4PZU,20201105,23.3500,23.3500,23.3500,23.3500,85
RCFS5COPP,20201105,1.9100,1.9100,1.9100,1.9100,1000
RCFS5FW20,20201105,5.1900,5.3600,4.9500,4.9500,12053
RCFS5FW202,20201105,3.8900,3.8900,3.6900,3.6900,3778
RCFS5NAG1,20201105,1.2200,1.2200,1.2200,1.2200,2500
RCFS5SOY,20201105,2.4200,2.4200,2.4200,2.4200,300
RCFS6FW201,20201105,4.8100,4.8100,4.5700,4.5700,421
RCFS6NAG2,20201105,4.1900,4.1900,4.1900,4.1900,300
RCFS6W201,20201105,4.1500,4.3500,3.9800,4.0900,17463
RCFS8COPP1,20201105,0.9700,1.0100,0.9000,0.9000,15000
RCGLDAOPEN,20201105,740.0000,740.0000,725.0000,725.0000,147
RCGOIL1022,20201105,1034.5000,1034.5000,1034.5000,1034.5000,31
RCLOILAOPEN,20201105,13.4800,13.5000,13.4800,13.4800,10100
RCSDAXOPEN,20201105,90.3000,90.3000,90.3000,90.3000,84
RCSDGP0421,20201105,1031.5000,1031.5000,1031.5000,1031.5000,30
RCSILAOPEN,20201105,95.0000,95.0000,95.0000,95.0000,1
RCTLCDPRO1,20201105,11.5600,11.5600,11.5600,11.5600,129
RCTSKRU1,20201105,4.5900,4.6000,4.4600,4.6000,1400
REDAN,20201105,0.1800,0.1800,0.1800,0.1800,100
REINO,20201105,1.4700,1.4700,1.3600,1.4700,55
RELPOL,20201105,4.8300,5.0000,4.8300,5.0000,6039
REMAK,20201105,10.6000,10.6000,10.1000,10.1000,2155
RONSON,20201105,1.3400,1.4000,1.3000,1.4000,36438
ROPCZYCE,20201105,22.0000,22.2000,21.0000,21.5000,1323
RYVU,20201105,52.0000,53.0000,51.6000,51.8000,8013
SANOK,20201105,12.2500,12.4000,12.0500,12.3500,17443
SANPL,20201105,143.9000,148.3000,138.7000,148.3000,86925
SANTANDER,20201105,8.1300,8.3400,7.8890,8.3400,9703
SANWIL,20201105,4.1600,4.3600,4.1600,4.3200,71244
SECOGROUP,20201105,13.8000,13.8000,13.5000,13.5000,770
SEKO,20201105,8.3000,8.3500,8.3000,8.3500,315
SELENAFM,20201105,14.2000,14.8000,14.2000,14.8000,187
SELVITA,20201105,41.5000,43.0000,41.5000,43.0000,1154
SERINUS,20201105,0.3380,0.3460,0.3300,0.3440,41569
SESCOM,20201105,25.2000,25.2000,25.2000,25.2000,78
SFINKS,20201105,0.2400,0.2600,0.2310,0.2480,29187
SILVAIR-REGS,20201105,8.3000,8.3000,8.3000,8.3000,204
SIMPLE,20201105,10.4000,10.5000,10.0000,10.5000,3220
SKARBIEC,20201105,23.4000,23.8000,23.4000,23.7000,622
SKOTAN,20201105,1.7500,1.8500,1.7150,1.8200,24421
SKYLINE,20201105,0.7300,0.7300,0.7300,0.7300,20
SLEEPZAG,20201105,0.3820,0.3820,0.3820,0.3820,1980
SNIEZKA,20201105,85.0000,87.4000,85.0000,87.4000,97
SOLAR,20201105,2.7300,3.3200,2.7300,3.3000,12414
SONEL,20201105,9.3500,9.4000,9.3000,9.3000,1340
SOPHARMA,20201105,12.0000,13.0000,12.0000,13.0000,100
STALEXP,20201105,2.6300,2.6400,2.6000,2.6400,51257
STALPROD,20201105,175.0000,181.6000,173.8000,179.8000,4577
STALPROFI,20201105,4.6500,4.6500,4.5800,4.6000,11597
STAPORKOW,20201105,2.1600,2.1600,2.1600,2.1600,190
STARHEDGE,20201105,0.4400,0.4400,0.3920,0.4380,5769
SUNEX,20201105,4.0000,4.4800,4.0000,4.4800,68530
SUWARY,20201105,16.0000,16.0000,16.0000,16.0000,25
SWISSMED,20201105,3.3800,3.3800,3.1200,3.3000,27255
SYGNITY,20201105,7.0200,7.6600,7.0200,7.6200,13096
SYNEKTIK,20201105,24.1000,24.8000,24.0000,24.6000,3526
TALEX,20201105,11.6000,11.6000,11.6000,11.6000,10
TATRY,20201105,148.0000,148.0000,148.0000,148.0000,5
TAURONPE,20201105,1.9700,2.0400,1.9500,1.9800,4794914
TBULL,20201105,21.6000,23.0000,21.1000,22.0000,11189
TERMOREX,20201105,0.9600,0.9600,0.9600,0.9600,128
TESGAS,20201105,3.5800,3.7200,3.5800,3.7200,14414
TIM,20201105,14.1000,14.6000,14.0000,14.4500,18033
TORPOL,20201105,9.9000,10.2000,9.7200,10.0000,44164
TOWERINVT,20201105,12.8000,13.1000,12.5000,12.5000,2431
TOYA,20201105,7.5000,7.5800,7.2200,7.4000,53693
TRAKCJA,20201105,1.4380,1.4380,1.3900,1.4340,63319
TRANSPOL,20201105,2.8800,2.8800,2.7300,2.8800,17407
TRIGONPP,20201105,41.9500,42.1000,41.9500,42.1000,738
TRITON,20201105,2.1100,2.1100,2.1000,2.1000,2634
TSGAMES,20201105,646.0000,673.0000,640.0000,654.0000,29985
ULMA,20201105,48.0000,48.0000,45.0000,48.0000,1083
ULTGAMES,20201105,27.4500,29.0000,27.4500,28.4500,8912
UNIBEP,20201105,7.4800,7.7000,7.4800,7.7000,4256
UNIMOT,20201105,25.6000,27.2500,25.4000,26.9000,17356
URSUS,20201105,0.6350,0.6450,0.6110,0.6180,521270
VENTUREIN,20201105,1.5200,1.6100,1.5200,1.6100,1360
VIGOSYS,20201105,515.0000,520.0000,515.0000,515.0000,291
VINDEXUS,20201105,4.2500,4.3900,4.2500,4.3900,2152
VISTAL,20201105,2.4000,2.4100,2.2700,2.3150,120090
VIVID,20201105,1.7800,1.8980,1.7800,1.8480,47183
VOTUM,20201105,10.8000,11.9000,10.7000,11.5000,12469
VOXEL,20201105,45.9000,45.9000,44.6000,45.0000,922
VRG,20201105,2.0200,2.0350,1.9620,2.0300,23015
WASKO,20201105,1.1900,1.2300,1.1900,1.2250,22720
WAWEL,20201105,548.0000,550.0000,548.0000,548.0000,67
WIELTON,20201105,3.8300,4.0750,3.8000,3.9000,40595
WIKANA,20201105,2.1800,2.3000,2.1800,2.3000,3996
WIRTUALNA,20201105,72.4000,74.2000,72.4000,74.2000,3580
WITTCHEN,20201105,6.7000,6.7000,6.1200,6.4000,17154
WOJAS,20201105,4.0400,4.0400,3.8200,3.8200,853
WORKSERV,20201105,0.7370,0.7980,0.7310,0.7780,235869
XTB,20201105,16.7000,17.4000,16.7000,17.4000,969570
XTPL,20201105,68.0000,71.0000,67.4000,71.0000,1085
ZAMET,20201105,0.8350,0.8550,0.8300,0.8550,131595
ZASTAL,20201105,27.0000,27.2000,25.2000,27.0000,1497
ZEPAK,20201105,10.0000,10.3500,9.8000,10.0000,44788
ZPUE,20201105,132.5000,133.0000,130.0000,133.0000,788
ZREMB,20201105,0.7750,0.7750,0.7150,0.7700,8051
ZUE,20201105,3.1200,3.1400,2.9800,3.1400,2344
ZYWIEC,20201105,470.0000,476.0000,468.0000,476.0000,366
INVESTORMS,20201105,3782.4700,3808.7300,3782.4700,3808.7300,298435.584
MWIG40,20201105,3400.2100,3497.7400,3400.2100,3489.9800,234025.859
MWIG40DVP,20201105,63.1100,63.1100,63.1100,63.1100,234025.859
MWIG40TR,20201105,4503.4000,4632.2900,4503.4000,4622.3000,234025.859
SWIG80,20201105,13544.1100,13672.3500,13543.4100,13672.3500,28449.000
SWIG80DVP,20201105,270.7600,270.7600,270.7600,270.7600,28449.000
SWIG80TR,20201105,17497.0100,17662.6800,17497.0100,17662.6800,28449.000
WIG,20201105,47809.5600,48422.9300,47656.1200,48295.3100,1284123.917
WIG-BANKI,20201105,3492.1400,3540.4000,3412.4300,3540.3300,156281.725
WIG-BUDOW,20201105,2927.5200,2996.1700,2927.5200,2966.9100,5315.698
WIG-CEE,20201105,1073.6300,1081.7700,1073.6300,1081.7700,2742.269
WIG-CHEMIA,20201105,6458.7500,6719.9600,6445.5200,6685.4000,3227.992
WIG-ENERG,20201105,1639.0800,1687.2300,1639.0800,1652.9700,31097.487
WIG-ESG,20201105,7685.4200,7806.2900,7648.0900,7775.3900,1113054.701
WIG-GORNIC,20201105,3983.5200,4092.4400,3932.3000,4070.3600,99717.802
WIG-INFO,20201105,3661.1500,3691.9700,3657.7800,3664.6400,13361.933
WIG-LEKI,20201105,5600.9400,5722.1900,5565.5100,5652.3700,25140.962
WIG-MEDIA,20201105,4735.6300,4845.4600,4718.9800,4845.4600,747.340
WIG-MOTO,20201105,3412.4300,3457.2000,3404.7900,3424.2400,1904.578
WIG-NRCHOM,20201105,2046.8600,2078.2600,2043.4700,2078.2600,1461.302
WIG-ODZIEZ,20201105,3472.9100,3775.8300,3472.9100,3775.8300,39893.589
WIG-PALIWA,20201105,3697.2800,3714.9100,3632.7300,3671.1700,103835.342
WIG-POLAND,20201105,49284.5600,49350.3900,49284.5600,49350.3900,1276602.949
WIG-SPOZYW,20201105,2963.1400,2995.2000,2944.1900,2995.2000,3404.109
WIG-TELKOM,20201105,893.1000,906.4000,886.5100,900.5600,105955.722
WIG-UKRAIN,20201105,352.9900,359.3400,352.9900,359.3400,2487.039
WIG.GAMES,20201105,33642.6000,34381.4000,33089.3300,33292.2500,318758.257
WIG.MS-BAS,20201105,8408.7800,8621.0900,8386.2400,8527.4800,125045.710
WIG.MS-FIN,20201105,5362.0500,5396.5100,5207.3100,5380.4000,196280.996
WIG.MS-PET,20201105,5039.6600,5067.0700,4963.3300,5027.1000,106331.991
WIG20,20201105,1654.6100,1678.4000,1649.0700,1670.4300,1011422.855
WIG20DVP,20201105,10.3700,10.3700,10.3700,10.3700,1011422.855
WIG20LEV,20201105,300.4500,309.0200,298.4600,306.1500,1011422.855
WIG20SHORT,20201105,4340.6300,4355.4100,4277.1700,4298.4300,1011422.855
WIG20TR,20201105,3055.3400,3072.7400,3020.3600,3059.4700,1011422.855
WIG30,20201105,1895.6200,1918.1900,1883.4200,1913.1300,1059074.450
WIG30TR,20201105,3453.9600,3457.8400,3452.7400,3457.8400,1059074.450
WIGDIV,20201105,936.5600,946.9600,936.1500,945.8600,109797.600
WIGTECH,20201105,14385.5100,14558.3000,14338.1600,14396.8700,0.000
