06MAGNA,20201221,1.6300,1.6300,1.4800,1.5500,145297
11BIT,20201221,459.0000,465.0000,444.5000,447.5000,6377
4FUNMEDIA,20201221,4.9200,4.9200,4.9200,4.9200,5
ABPL,20201221,29.5000,29.5000,28.1000,28.3000,6011
ACAUTOGAZ,20201221,35.1000,35.8000,34.9000,35.3000,2958
ACTION,20201221,5.7400,5.8400,5.2400,5.5600,83087
ADIUVO,20201221,5.0000,5.0000,4.8000,4.8000,1236
AGORA,20201221,6.9000,6.9000,6.6000,6.6600,23127
AGROTON,20201221,4.1600,4.2000,4.0600,4.1600,4020
AIGAMES,20201221,13.4000,13.4000,12.2500,12.5500,30844
AILLERON,20201221,11.6000,11.6000,10.8000,11.0500,13140
AIRWAY,20201221,1.6300,1.6300,1.5600,1.5900,214288
ALIOR,20201221,16.5000,16.6550,15.5000,16.1850,555262
ALLEGRO,20201221,86.5000,86.9900,79.0500,81.0500,1457366
ALTA,20201221,1.3300,1.3300,1.2300,1.3300,3462
ALTUSTFI,20201221,1.0200,1.0800,0.9860,1.0000,52965
ALUMETAL,20201221,45.5000,46.2000,44.0000,46.0000,41400
AMBRA,20201221,18.3500,18.3500,18.0500,18.2000,2288
AMICA,20201221,140.8000,141.0000,133.2000,135.0000,7056
AMREST,20201221,25.3000,25.4500,24.6000,25.2000,151976
APATOR,20201221,22.4000,22.5000,21.6000,22.2000,7861
APLISENS,20201221,10.7000,10.7000,10.7000,10.7000,2
APSENERGY,20201221,1.9400,1.9400,1.7600,1.8450,25199
ARCHICOM,20201221,21.5000,21.8000,21.1000,21.8000,4810
ARCTIC,20201221,5.3200,5.4600,5.1800,5.2200,126759
ARTERIA,20201221,3.9600,3.9600,3.8200,3.8800,5137
ARTIFEX,20201221,8.7000,8.7000,8.1000,8.4800,10237
ASBIS,20201221,6.9500,7.0700,6.8500,6.9600,290845
ASMGROUP,20201221,1.4200,1.5000,1.4200,1.5000,10100
ASSECOBS,20201221,36.2000,36.2000,35.2000,36.0000,903
ASSECOPOL,20201221,66.3000,67.2000,65.5000,66.0000,80045
ASSECOSEE,20201221,40.0000,40.0000,39.0000,40.0000,6210
ASTARTA,20201221,25.4000,25.9000,24.0000,24.7000,12387
ATAL,20201221,31.7000,32.3000,31.5000,31.8000,652
ATENDE,20201221,3.7200,3.7200,3.6000,3.7000,9262
ATLANTAPL,20201221,6.5000,6.5000,6.4800,6.4800,259
ATLASEST,20201221,1.7550,1.7550,1.6400,1.6800,7678
ATMGRUPA,20201221,4.0000,4.0000,3.8000,4.0000,2464
ATREM,20201221,2.1600,2.1600,2.0800,2.0800,14909
AUTOPARTN,20201221,7.7200,7.8000,7.7200,7.7800,40977
BAHOLDING,20201221,0.7690,0.7980,0.7000,0.7590,3891077
BBIDEV,20201221,3.7900,3.7900,3.4200,3.6400,57163
BEDZIN,20201221,9.9500,9.9500,9.9500,9.9500,62
BENEFIT,20201221,748.0000,808.0000,735.0000,808.0000,1958
BETACOM,20201221,10.2000,10.2000,10.2000,10.2000,5
BETAM40TR,20201221,52.5000,52.6000,51.4900,52.3900,7564
BETAW20LV,20201221,37.8100,37.8100,34.7500,35.9900,21339
BETAW20ST,20201221,377.2000,392.0000,377.2000,386.4000,5703
BETAW20TR,20201221,32.9250,32.9250,31.5500,32.1500,25111
BIK,20201221,14.7500,14.7500,14.3500,14.7500,115
BIOMEDLUB,20201221,10.3000,10.9000,10.1000,10.5500,1168586
BIOTON,20201221,4.1850,4.1900,4.0000,4.0950,140885
BNPPBSK0725,20201221,947.5000,947.5000,947.5000,947.5000,50
BNPPBSK1022,20201221,982.0000,982.0000,982.0000,982.0000,11
BNPPENDL0622,20201221,993.5000,993.5000,993.5000,993.5000,20
BNPPPL,20201221,56.4000,57.6000,56.0000,56.0000,2223
BNPPSOHU0923,20201221,973.0000,973.0000,973.0000,973.0000,6
BNPPSOLE1221,20201221,1017.5000,1017.5000,1016.5000,1016.5000,40
BNPPSOLED1221,20201221,1050.0000,1050.0000,1048.5000,1048.5000,110
BNPPSX5E0222,20201221,1007.5000,1007.5000,1007.5000,1007.5000,150
BNPPSXPP0221,20201221,1020.5000,1020.5000,1020.5000,1020.5000,150
BNPPSXPP0421,20201221,1054.0000,1054.0000,1040.5000,1040.5000,60
BOGDANKA,20201221,19.7000,19.7000,18.1400,18.5200,42442
BOOMBIT,20201221,17.4600,17.4600,16.2000,16.2000,8033
BORYSZEW,20201221,3.0700,3.0700,2.9700,2.9900,58594
BOS,20201221,5.8400,5.8400,5.2600,5.7000,39916
BOWIM,20201221,2.3800,2.3800,2.2800,2.3000,7142
BRASTER,20201221,0.4150,0.4150,0.3840,0.4000,255357
BUDIMEX,20201221,289.0000,292.0000,287.5000,292.0000,4197
BUMECH,20201221,5.9000,6.0000,4.0000,4.2100,509563
CCC,20201221,77.0000,78.0000,73.7600,75.4200,399192
CDPROJEKT,20201221,260.0000,265.3000,248.0000,256.0000,2711140
CDRL,20201221,14.4000,14.5000,14.0000,14.0500,2233
CELTIC,20201221,6.7000,6.7000,6.7000,6.7000,1209
CEZ,20201221,85.2000,85.2000,82.7000,83.7000,754
CFI,20201221,0.2300,0.2300,0.2110,0.2250,135730
CIECH,20201221,29.9000,30.0000,28.3000,29.6500,146256
CIGAMES,20201221,1.2500,1.2520,1.2000,1.2280,770237
CITYSERV,20201221,7.8000,7.8000,7.8000,7.8000,28
CLNPHARMA,20201221,39.9000,40.0000,37.8000,38.9000,26125
CNT,20201221,13.8000,14.0000,13.6000,14.0000,1020
COALENERG,20201221,0.5800,0.6250,0.5300,0.5850,17335
COGNOR,20201221,1.5650,1.5650,1.4700,1.5250,180102
COMARCH,20201221,191.0000,195.0000,190.0000,193.5000,1041
COMP,20201221,55.6000,55.8000,54.4000,55.0000,1239
COMPERIA,20201221,2.7600,2.7600,2.7200,2.7600,3001
CORMAY,20201221,1.2000,1.2400,1.0950,1.1650,1242162
CPGROUP,20201221,6.5400,7.0800,6.5400,7.0800,8573
CYFRPLSAT,20201221,29.2000,29.2000,27.9400,28.7400,428461
CZTOREBKA,20201221,0.7200,0.7200,0.7000,0.7000,11808
DATAWALK,20201221,196.0000,197.0000,186.0000,192.5000,2021
DEBICA,20201221,77.8000,77.8000,76.2000,76.4000,1087
DECORA,20201221,30.6000,30.6000,30.2000,30.6000,16837
DEKPOL,20201221,27.4000,27.4000,26.0000,26.8000,1166
DELKO,20201221,15.4000,15.5000,14.6000,15.0000,11490
DEVELIA,20201221,1.9180,1.9980,1.8080,1.8560,270435
DGA,20201221,5.0000,5.0000,4.7500,4.7500,12
DIGITREE,20201221,5.8000,5.8000,5.6500,5.8000,1900
DINOPL,20201221,282.0000,286.4000,274.4000,278.2000,117666
DOMDEV,20201221,106.0000,108.5000,105.0000,108.0000,4511
DROZAPOL,20201221,1.5850,1.6500,1.5800,1.6450,10084
ECHO,20201221,3.9100,3.9800,3.9100,3.9400,30842
EDINVEST,20201221,4.2200,4.2800,4.2200,4.2200,595
EFEKT,20201221,5.3000,5.7000,5.2500,5.4000,3072
EKOEXPORT,20201221,3.2000,3.2000,3.0000,3.0650,62984
ELBUDOWA,20201221,0.7510,0.7850,0.7410,0.7420,19542
ELEKTROTI,20201221,5.7600,5.8600,5.5800,5.8600,7622
ELKOP,20201221,0.2530,0.2580,0.2420,0.2540,44560
ELZAB,20201221,5.6500,5.6500,5.1000,5.1000,15082
EMCINSMED,20201221,13.9000,13.9000,11.4000,12.7000,3482
ENAP,20201221,1.3800,1.3800,1.3000,1.3700,5028
ENEA,20201221,6.2000,6.2500,5.9150,6.0200,976194
ENELMED,20201221,19.9000,20.0000,18.5000,18.5000,1042
ENERGA,20201221,7.8500,7.8900,7.8150,7.8800,44407
ENERGOINS,20201221,0.7160,0.7300,0.7020,0.7300,2620
ENTER,20201221,33.0000,34.8000,32.3000,34.0000,13484
ERBUD,20201221,24.8000,24.9000,23.5000,24.8000,3344
ERG,20201221,41.0000,41.0000,40.2000,40.2000,39
ESOTIQ,20201221,14.5000,15.1000,13.7500,14.0000,12136
ETFDAX,20201221,566.1000,567.2000,551.0000,557.9000,827
ETFSP500,20201221,139.6400,139.9600,137.0000,137.5400,3016
ETFW20L,20201221,239.0000,239.0000,230.0000,234.0000,1931
EUCO,20201221,4.2000,4.2000,3.8200,3.9600,32723
EUROCASH,20201221,13.7400,13.7800,13.0000,13.4800,288694
EUROTEL,20201221,26.5000,26.8000,26.1000,26.3000,4017
FAMUR,20201221,2.1750,2.1750,2.0100,2.1100,1610262
FASING,20201221,10.3500,10.4000,10.1500,10.1500,2675
FEERUM,20201221,10.2000,10.2000,9.5000,10.2000,451
FERRO,20201221,25.0000,25.0000,23.9000,24.3000,7621
FERRUM,20201221,3.3000,3.3000,3.1600,3.1600,150
FON,20201221,0.1070,0.1090,0.1030,0.1090,189057
FORTE,20201221,38.5000,40.0000,37.0000,39.0000,3947
GAMEOPS,20201221,20.8000,21.7000,20.8000,20.8000,5402
GAMFACTOR,20201221,13.9800,13.9800,13.1000,13.5000,7014
GAMFACTOR-PDA,20201221,13.2100,13.2980,13.0700,13.0800,4484
GETIN,20201221,0.8400,0.8400,0.8000,0.8200,314191
GETINOBLE,20201221,0.2155,0.2160,0.2005,0.2050,1785473
GLCOSMED,20201221,4.4200,4.8200,4.2200,4.3600,259333
GPW,20201221,42.1500,42.8000,42.1500,42.2500,100942
GROCLIN,20201221,1.0800,1.0800,1.0050,1.0300,32885
GRODNO,20201221,14.1000,14.2000,13.0500,13.8000,167781
GRUPAAZOTY,20201221,26.0000,26.0500,24.1000,24.8500,219243
GTC,20201221,6.8000,6.8200,6.7800,6.8000,66182
HANDLOWY,20201221,34.5000,34.5000,32.5000,34.3000,59450
HARPER,20201221,13.0000,13.4000,12.2500,13.2000,71745
HELIO,20201221,11.0000,11.0000,10.4000,10.4000,1000
HERKULES,20201221,1.3650,1.3650,1.2300,1.2700,64662
HMINWEST,20201221,11.0000,11.2000,10.9000,11.2000,366
HUBSTYLE,20201221,1.1500,1.2000,1.0400,1.1400,41434
HYDROTOR,20201221,27.0000,27.8000,26.6000,27.0000,3028
I2DEV,20201221,9.4000,9.4000,8.9000,8.9000,2832
IALBGR,20201221,0.2520,0.2640,0.2420,0.2420,16399
IDEABANK,20201221,1.5700,1.6480,1.5000,1.5000,119288
IDMSA,20201221,1.4200,1.4200,1.2500,1.3100,63917
IFCAPITAL,20201221,0.1200,0.1200,0.1100,0.1100,8317
IFIRMA,20201221,5.3000,5.3400,5.3000,5.3200,2917
IMCOMPANY,20201221,16.7500,17.0000,16.4000,16.9500,3938
IMMOBILE,20201221,2.4000,2.4000,2.3700,2.3700,7
IMPEL,20201221,13.3000,13.3000,13.1000,13.2000,2834
IMPERA,20201221,1.8400,1.9300,1.8100,1.9000,27253
IMS,20201221,2.5000,2.5000,2.3900,2.3900,17163
INC,20201221,6.9000,7.0000,6.5400,6.5400,66235
INGBSK,20201221,154.0000,157.0000,149.4000,156.0000,20154
INPRO,20201221,4.6400,4.6600,4.5800,4.6600,2652
INSTALKRK,20201221,20.0000,20.0000,19.6000,19.6500,419
INTERAOLT,20201221,17.2000,17.6500,16.5000,17.2000,19661
INTERCARS,20201221,222.0000,232.0000,222.0000,232.0000,1521
INTERFERI,20201221,4.6800,4.8000,4.5400,4.5400,2921
INTERSPPL,20201221,1.1600,1.2000,1.1600,1.1700,12956
INTLALE35055,20201221,23.2000,25.2000,22.6500,25.0500,353
INTLALE36046,20201221,25.1500,25.1500,19.0000,20.6000,1293
INTLBCO31229,20201221,115.0000,115.0000,115.0000,115.0000,35
INTLBCO31260,20201221,120.2000,120.2000,120.0000,120.0000,30
INTLBCO31294,20201221,129.2000,129.2000,129.2000,129.2000,149
INTLBCO31716,20201221,92.6000,92.6000,91.0000,91.0000,10
INTLBCO35691,20201221,52.6000,52.6000,48.2500,51.7000,75
INTLBCO35725,20201221,43.3500,43.3500,39.6500,43.3000,800
INTLBCO36152,20201221,33.8500,33.8500,33.8500,33.8500,29
INTLBCO36590,20201221,25.9000,25.9000,21.7000,25.6000,2274
INTLCCC36475,20201221,2.5900,2.9000,2.5900,2.7000,27442
INTLCCC36483,20201221,3.3300,3.3300,3.3300,3.3300,2000
INTLCDR22277,20201221,15.6200,15.6200,15.6200,15.6200,9
INTLCDR22285,20201221,14.5000,14.9400,14.5000,14.9400,101
INTLCDR22509,20201221,11.8000,11.8000,11.3800,11.3800,638
INTLCDR22517,20201221,12.8000,12.8000,12.5600,12.5600,101
INTLCDR22848,20201221,9.8600,9.8600,8.8200,9.5600,6670
INTLCDR22855,20201221,9.7500,10.4200,9.7200,10.4200,505
INTLCDR22863,20201221,11.3600,11.3600,10.4400,11.2000,3283
INTLCDR23192,20201221,7.2900,7.7700,7.2900,7.7700,2704
INTLCDR23200,20201221,9.1300,9.1900,8.0000,8.6600,5895
INTLCDR28951,20201221,6.4700,6.5200,5.3200,6.2000,109574
INTLCDR28969,20201221,6.6000,7.1000,6.3000,7.0600,10753
INTLDAX12872,20201221,228.0000,228.0000,228.0000,228.0000,2
INTLDAX31872,20201221,98.5000,98.5000,98.5000,98.5000,40
INTLDAX32193,20201221,92.2000,92.2000,92.2000,92.2000,11
INTLDAX35600,20201221,57.2000,60.5000,57.2000,60.5000,320
INTLDAX35923,20201221,34.1500,35.4000,21.2500,27.4000,13891
INTLDAX35931,20201221,40.2500,40.2500,40.2500,40.2500,24
INTLDNP35493,20201221,7.5800,7.5800,7.1000,7.1000,1115
INTLDOW33134,20201221,217.0000,217.0000,217.0000,217.0000,10
INTLDOW36558,20201221,64.0000,64.0000,64.0000,64.0000,16
INTLESX35949,20201221,16.8400,16.8400,16.8400,16.8400,29
INTLESX36194,20201221,10.0400,10.0400,10.0400,10.0400,1841
INTLEUD33860,20201221,27.6500,28.3500,27.6500,28.3500,50
INTLEUR24059,20201221,25.1000,25.1000,25.1000,25.1000,80
INTLEUR25650,20201221,36.0500,36.5000,34.6000,34.6000,356
INTLEUR25684,20201221,40.8000,40.8000,40.8000,40.8000,54
INTLEUR26823,20201221,48.9000,48.9000,48.9000,48.9000,60
INTLEUR27599,20201221,20.0500,20.7000,18.4000,18.4000,400
INTLGBP32722,20201221,30.2500,30.2500,30.2500,30.2500,20
INTLGBU34850,20201221,27.3000,28.1500,25.9500,28.1500,2688
INTLGLD24166,20201221,170.2000,170.2000,160.2000,160.2000,132
INTLGLD30130,20201221,149.6000,149.6000,149.6000,149.6000,3
INTLGLD30148,20201221,292.5000,292.5000,292.5000,292.5000,3
INTLGLD30866,20201221,127.8000,127.8000,118.4000,118.4000,200
INTLGLD31310,20201221,103.0000,105.2000,96.7000,98.8000,443
INTLGLD33092,20201221,80.8000,80.8000,70.0000,75.8000,1017
INTLGLD33100,20201221,68.5000,70.8000,59.0000,63.3000,1971
INTLHSC14472,20201221,41.5500,41.5500,41.5500,41.5500,5
INTLHSC15289,20201221,35.0500,35.0500,35.0500,35.0500,286
INTLJSW32136,20201221,13.1000,13.1000,13.1000,13.1000,50
INTLJSW35386,20201221,11.2800,11.2800,9.9000,9.9000,1000
INTLJSW35394,20201221,10.9000,10.9000,10.9000,10.9000,1000
INTLJSW36020,20201221,8.9300,8.9300,7.5000,8.8100,5345
INTLJSW36038,20201221,9.9700,9.9700,9.9700,9.9700,370
INTLJSW36715,20201221,7.7700,7.9100,6.5900,7.9100,1180
INTLKGH35782,20201221,58.0000,61.4000,58.0000,61.4000,291
INTLKGH36376,20201221,41.6500,43.8000,40.1500,42.6000,666
INTLLTS34702,20201221,16.5000,16.5000,14.7600,14.7600,665
INTLLTS35378,20201221,20.2000,20.2000,19.1800,19.1800,85
INTLLTS36509,20201221,14.7800,14.7800,12.3200,13.2400,1575
INTLNAG34462,20201221,4.8700,4.8700,4.8000,4.8000,500
INTLNDX33167,20201221,105.2000,105.2000,105.2000,105.2000,2
INTLNDX34777,20201221,75.2000,75.2000,75.2000,75.2000,508
INTLNDX35659,20201221,58.0000,58.0000,55.2000,55.2000,2518
INTLNDX36566,20201221,48.8000,48.8000,40.2000,40.2000,1175
INTLPEO29439,20201221,23.7500,23.7500,23.7500,23.7500,80
INTLPEO35824,20201221,15.9800,15.9800,15.9800,15.9800,250
INTLPEO35832,20201221,20.5000,20.5000,18.6800,18.6800,6
INTLPEO36251,20201221,11.0400,11.2200,9.9200,11.2200,793
INTLPGE31427,20201221,2.4200,2.4200,2.4200,2.4200,1500
INTLPGE35337,20201221,2.0000,2.0000,1.9700,1.9700,2250
INTLPGE35741,20201221,1.1600,1.2300,1.1200,1.2300,8500
INTLPGE35758,20201221,1.4300,1.5000,1.4300,1.5000,8000
INTLPGN32615,20201221,1.6800,1.6800,1.6300,1.6300,6000
INTLPGN36004,20201221,1.3200,1.3500,1.2300,1.2400,14080
INTLPKN04101,20201221,24.8500,24.8500,23.3500,23.3500,500
INTLPKN04119,20201221,28.5000,28.5000,26.3000,26.8000,1077
INTLPKN35840,20201221,15.9200,15.9200,13.3800,14.9800,3379
INTLPKN35857,20201221,16.2000,16.2000,16.2000,16.2000,60
INTLPKN35865,20201221,17.7400,17.7400,17.7400,17.7400,56
INTLPKN35873,20201221,19.3800,20.8500,19.3800,20.2500,570
INTLPKN36392,20201221,7.6100,7.6100,4.7900,5.8300,20260
INTLPKN36400,20201221,8.7400,8.7400,8.7400,8.7400,7000
INTLPKN36418,20201221,11.6400,11.6400,9.4800,10.4800,9372
INTLPKN36426,20201221,12.6000,13.6200,12.6000,13.4600,14350
INTLPKO29405,20201221,11.7000,11.7000,11.7000,11.7000,80
INTLPKO29413,20201221,13.7400,13.7400,13.7000,13.7000,1085
INTLPKO30395,20201221,10.8200,10.8200,10.5200,10.5200,580
INTLPKO35808,20201221,7.6100,7.6100,7.6100,7.6100,123
INTLPKO35816,20201221,8.7800,9.0100,8.7800,8.9800,773
INTLPKO36236,20201221,5.1700,5.4600,4.2800,5.4600,8486
INTLPLA30288,20201221,16.6200,16.6200,16.6200,16.6200,100
INTLPLA30916,20201221,11.5800,12.1400,11.5800,12.1400,25
INTLPLA31138,20201221,11.4000,11.4000,11.4000,11.4000,200
INTLPLA31757,20201221,8.5500,8.5500,8.5500,8.5500,1000
INTLPLA33084,20201221,7.8300,7.8600,7.8300,7.8600,1000
INTLPLA35709,20201221,7.7800,7.7800,5.6700,6.4200,3677
INTLPLA35717,20201221,7.9600,7.9600,7.0300,7.0300,2724
INTLPLA36178,20201221,4.5000,5.1800,4.0800,5.0500,7856
INTLPZU15610,20201221,11.3000,11.3000,10.8600,11.0000,2900
INTLPZU35766,20201221,9.5800,10.3800,9.0700,10.3800,500
INTLPZU35774,20201221,10.0800,11.3400,10.0800,11.3400,1176
INTLPZU35980,20201221,7.4700,8.1900,6.4900,8.0300,16855
INTLPZU35998,20201221,8.0100,8.0100,8.0100,8.0100,500
INTLSLV29702,20201221,53.3000,53.3000,53.3000,53.3000,10
INTLSLV30189,20201221,50.0000,50.0000,50.0000,50.0000,243
INTLSLV30890,20201221,46.7500,46.7500,46.7500,46.7500,50
INTLSLV31609,20201221,37.3000,38.7000,37.3000,38.7000,90
INTLSLV31625,20201221,45.8500,45.8500,45.8500,45.8500,500
INTLSLV33340,20201221,21.7000,22.4500,16.0000,20.7500,3600
INTLSLV33357,20201221,24.8000,25.8000,23.8000,23.8000,3150
INTLSLV33365,20201221,27.6000,28.6000,24.3000,26.5000,115
INTLSLV33373,20201221,30.7000,31.5000,27.5000,27.5000,449
INTLSLV33381,20201221,32.4000,32.4000,30.8000,31.6500,900
INTLSLV36582,20201221,20.0000,20.6000,14.0000,17.5600,9675
INTLSPX23622,20201221,59.3000,59.3000,59.2000,59.2000,45
INTLSPX31575,20201221,43.7500,43.7500,43.7500,43.7500,5
INTLSPX32284,20201221,39.4000,39.4000,39.4000,39.4000,10
INTLSPX33894,20201221,27.9500,27.9500,27.5000,27.5000,60
INTLSPX34785,20201221,22.8500,23.1500,22.8500,23.1500,118
INTLSPX34900,20201221,17.5200,18.6600,17.5200,18.6600,85
INTLSPX35972,20201221,15.0000,15.0000,13.5800,14.3800,600
INTLTNF25320,20201221,72.2000,74.2000,70.1000,70.1000,99
INTLUSD20602,20201221,15.2000,18.3600,13.0400,13.7800,12079
INTLUSD20610,20201221,20.4000,23.5500,18.4200,19.1400,10257
INTLUSD20826,20201221,25.6500,28.6000,24.4000,24.4000,3590
INTLUSD20842,20201221,31.8500,34.8500,29.6000,30.3500,1884
INTLW2028670,20201221,5.9900,5.9900,5.9900,5.9900,2926
INTLW2028712,20201221,6.3200,6.3200,5.9700,6.0700,31422
INTLW2029892,20201221,4.9700,4.9700,4.4800,4.8200,4560
INTLW2029900,20201221,4.9400,4.9400,4.9400,4.9400,1000
INTLW2035261,20201221,3.5500,3.5500,3.5500,3.5500,8000
INTLW2035550,20201221,3.2900,3.2900,3.0400,3.0500,12060
INTLW2035899,20201221,2.2800,2.2800,2.0800,2.2700,21152
INTLW2035907,20201221,2.4200,2.6000,2.4200,2.6000,2273
INTLW2035915,20201221,2.5000,2.5900,2.5000,2.5900,34000
INTLW2036079,20201221,1.6300,1.7000,1.1600,1.4600,30353
INTLW2036087,20201221,1.7000,1.7200,1.5500,1.6500,8155
INTLW2036095,20201221,1.5900,1.6500,1.5900,1.6500,330
INTLW2036103,20201221,2.3000,2.3000,1.8000,1.9600,10340
INTLW2036517,20201221,0.9800,0.9800,0.6900,0.6900,40175
INTLW2036525,20201221,0.9500,1.0500,0.5900,0.5900,36315
INTLW2036533,20201221,1.1000,1.1300,0.6700,1.0200,146499
INTLW2036541,20201221,1.0500,1.3000,0.9400,1.2700,26218
INTROL,20201221,4.3000,4.3000,3.9800,4.1600,39629
INTSALE35212,20201221,55.3000,61.2000,55.3000,58.7000,718
INTSALE35220,20201221,71.5000,72.0000,71.3000,71.3000,2677
INTSALE36285,20201221,40.7500,47.5000,40.5500,45.7000,3737
INTSALE36749,20201221,29.4500,34.7500,29.4500,33.2500,1215
INTSBCO26351,20201221,119.8000,119.8000,119.8000,119.8000,15
INTSBCO27169,20201221,90.4000,90.4000,90.4000,90.4000,5
INTSBCO27573,20201221,71.2000,71.2000,71.2000,71.2000,19
INTSBCO28043,20201221,23.0000,26.1500,21.4000,21.6000,3065
INTSBCO28050,20201221,28.2500,32.8500,28.2500,30.2000,257
INTSBCO28068,20201221,37.6500,41.0500,37.6000,38.2000,650
INTSBCO28084,20201221,52.4000,54.0000,52.4000,54.0000,3294
INTSCCC27029,20201221,5.4000,5.6800,5.4000,5.6800,800
INTSCCC27037,20201221,6.9400,6.9400,6.9400,6.9400,3000
INTSCCC27698,20201221,2.9500,3.3000,2.9400,3.0600,19125
INTSCDR34124,20201221,29.7500,30.8500,29.7500,29.9500,7569
INTSCDR34199,20201221,34.0000,34.5000,34.0000,34.5000,51
INTSCDR36673,20201221,15.8400,16.9000,15.6600,15.8600,15695
INTSCDR36681,20201221,22.3500,23.3500,22.2000,22.6000,5710
INTSDAX25825,20201221,31.8500,45.0000,31.1000,38.5000,11595
INTSDAX26591,20201221,44.6500,53.6000,44.3500,51.5000,1999
INTSDAX26609,20201221,57.6000,70.4000,57.0000,65.0000,1021
INTSDAX36111,20201221,70.9000,83.3000,70.9000,79.6000,644
INTSDBK19000,20201221,41.4000,41.4000,41.4000,41.4000,3
INTSDOW27128,20201221,68.6000,71.7000,61.0000,64.3000,1425
INTSDOW33282,20201221,64.7000,83.5000,64.7000,73.5000,2701
INTSDOW33605,20201221,144.2000,159.4000,144.2000,159.4000,80
INTSDOW33613,20201221,176.0000,185.4000,176.0000,185.4000,50
INTSESX26021,20201221,22.0000,22.6000,22.0000,22.6000,400
INTSEUC21154,20201221,31.8000,31.8000,31.8000,31.8000,20
INTSEUD02683,20201221,12.8400,12.8400,11.5000,11.5600,650
INTSEUR29181,20201221,37.9500,37.9500,37.9500,37.9500,100
INTSEUR29686,20201221,41.8500,41.8500,41.8500,41.8500,716
INTSEUR35410,20201221,22.3000,22.3000,22.3000,22.3000,226
INTSEUR35527,20201221,15.0000,15.0000,15.0000,15.0000,1641
INTSGBP27342,20201221,52.5000,52.5000,52.5000,52.5000,58
INTSGBU20107,20201221,48.2000,48.2000,48.2000,48.2000,20
INTSGBU21030,20201221,64.2000,64.2000,64.2000,64.2000,90
INTSGBU26971,20201221,34.9500,34.9500,30.3000,30.8000,2587
INTSGLD33316,20201221,84.8000,84.8000,84.8000,84.8000,30
INTSGLD34504,20201221,61.9000,72.0000,61.9000,67.1000,144
INTSGLD36319,20201221,51.5000,51.5000,47.0000,47.0000,60
INTSJSW36723,20201221,11.2800,12.5000,11.2400,11.2400,217
INTSKGH36657,20201221,32.8500,37.1500,30.7000,33.8500,617
INTSKGH36665,20201221,46.2000,52.0000,46.0500,49.3500,470
INTSLTS27912,20201221,48.1000,49.7000,47.7500,48.8000,140
INTSLTS34041,20201221,18.5000,19.4400,18.5000,18.6200,139
INTSLTS34058,20201221,25.9000,25.9000,25.9000,25.9000,30
INTSLTS34066,20201221,31.8000,31.8000,31.8000,31.8000,100
INTSNDX33233,20201221,17.5800,27.0000,17.5800,26.9500,18145
INTSNDX33241,20201221,32.8000,42.0000,32.8000,37.8000,8482
INTSNDX33258,20201221,48.2500,54.0000,48.2500,54.0000,182
INTSNDX33639,20201221,89.9000,89.9000,89.9000,89.9000,220
INTSNKX36137,20201221,166.6000,175.0000,166.2000,175.0000,70
INTSPAL27805,20201221,150.0000,150.0000,150.0000,150.0000,1
INTSPEO32326,20201221,15.0800,15.4600,14.8600,14.8600,1220
INTSPEO32334,20201221,25.8500,26.2500,25.8500,26.2500,106
INTSPGE34157,20201221,2.3400,2.5000,2.3400,2.5000,1573
INTSPGN34033,20201221,0.7900,1.0900,0.7900,1.0900,5304
INTSPKN20024,20201221,86.0000,86.0000,86.0000,86.0000,50
INTSPKN27649,20201221,22.6500,24.7000,22.6500,23.4500,425
INTSPKO25361,20201221,25.6000,25.7000,25.6000,25.7000,700
INTSPKO26997,20201221,17.1200,17.1200,16.1600,16.3600,1729
INTSPLA25544,20201221,4.5400,6.5700,4.5400,6.0000,227
INTSPZU34165,20201221,8.0700,8.5100,6.8500,7.2000,5618
INTSSLV34538,20201221,8.3400,12.5600,8.0000,12.5600,307
INTSSPX34140,20201221,9.1700,11.9200,8.9600,11.1400,7179
INTSSPX34215,20201221,21.0000,23.4500,21.0000,23.4500,618
INTSSPX34421,20201221,30.3000,30.4000,29.4500,29.4500,245
INTSSPX34439,20201221,34.0500,37.1000,34.0500,37.1000,350
INTSSPX36574,20201221,40.9000,43.0000,40.9000,43.0000,156
INTSUSD35428,20201221,32.3000,32.3000,31.6500,31.6500,105
INTSUSD35535,20201221,26.4500,26.4500,25.7000,25.7000,180
INTSUSD36061,20201221,20.7500,22.6500,19.2600,22.6500,2531
INTSVOW08904,20201221,22.6000,22.6000,22.6000,22.6000,50
INTSW2005892,20201221,5.6500,5.6500,5.6500,5.6500,100
INTSW2019976,20201221,9.5500,9.5500,9.5500,9.5500,200
INTSW2020867,20201221,4.6700,4.6700,4.6700,4.6700,140
INTSW2024257,20201221,3.8300,4.2400,3.8300,4.0800,1250
INTSW2026005,20201221,3.6100,4.0500,3.6100,3.8700,8824
INTSW2026328,20201221,3.1400,3.6300,3.1400,3.5000,4470
INTSW2027060,20201221,2.5000,2.8800,2.5000,2.8800,220
INTSW2027243,20201221,2.2800,2.9500,2.2800,2.5700,13466
INTSW2027391,20201221,1.7000,2.4200,1.7000,2.1200,102058
INTSW2027409,20201221,1.9600,2.6700,1.9600,2.3400,22828
INVFIZ,20201221,945.0000,945.0000,945.0000,945.0000,4
INVGLDFIZ,20201221,1800.1300,1800.1300,1780.0000,1780.0000,3
INVISTA,20201221,0.3000,0.3000,0.3000,0.3000,130
INVPEFIZ,20201221,930.0000,989.9900,930.0000,937.1000,69
IPOPEMA,20201221,4.0600,4.1000,3.9800,4.0800,44776
ITMTRADE,20201221,0.1260,0.1375,0.1250,0.1300,2825
IZOBLOK,20201221,34.3000,38.0000,32.5000,37.6000,3489
IZOLACJA,20201221,2.3800,2.3800,2.1500,2.3000,20358
IZOSTAL,20201221,2.4800,2.5200,2.4400,2.4800,31020
JSW,20201221,25.1000,25.5000,23.3800,25.1700,1434750
JWCONSTR,20201221,3.0800,3.0800,2.9700,3.0500,8264
JWWINVEST,20201221,2.7500,2.7500,2.7500,2.7500,1008
K2INTERNT,20201221,21.0000,21.4000,20.6000,21.4000,102
KCI,20201221,0.7000,0.7100,0.6740,0.6980,55810
KERNEL,20201221,47.0000,47.1000,45.6000,46.0000,16778
KETY,20201221,460.0000,463.5000,455.0000,459.0000,11157
KGHM,20201221,183.2000,185.8000,177.2500,182.0000,547531
KGL,20201221,16.9000,16.9000,16.3000,16.3000,1856
KINOPOL,20201221,7.8500,7.9000,7.5000,7.6500,23501
KOGENERA,20201221,32.4000,32.4000,31.1000,31.4000,2019
KOMPAP,20201221,10.4000,11.4000,10.4000,11.4000,70
KOMPUTRON,20201221,2.2300,2.2600,2.1100,2.2300,34612
KPPD,20201221,28.2000,28.2000,28.2000,28.2000,9
KREC,20201221,9.2000,9.2000,8.8600,9.1600,3275
KREDYTIN,20201221,10.2000,10.2000,9.7000,10.2000,268
KRKA,20201221,418.0000,438.0000,404.0000,409.0000,80
KRUK,20201221,135.8000,135.8000,131.0000,134.4000,12717
KRUSZWICA,20201221,65.8000,66.0000,65.8000,65.8000,2285
KRVITAMIN,20201221,19.0000,19.0000,17.9000,18.5000,8385
KSGAGRO,20201221,2.1000,2.1000,1.9700,1.9700,34756
LABOPRINT,20201221,12.1000,12.1000,11.8000,12.1000,58
LARQ,20201221,1.7850,1.7850,1.6850,1.7000,7710
LENA,20201221,3.6500,3.6700,3.6500,3.6600,24978
LENTEX,20201221,10.6000,10.6000,10.2500,10.3500,24817
LIBET,20201221,2.4400,2.4800,2.2100,2.4800,175546
LIVECHAT,20201221,102.0000,102.0000,100.2000,101.6000,24840
LOKUM,20201221,11.8500,11.8500,11.8500,11.8500,400
LOTOS,20201221,38.8100,39.0000,36.4000,37.8700,1843616
LPP,20201221,7380.0000,7595.0000,7265.0000,7400.0000,3066
LSISOFT,20201221,12.3000,12.3000,12.0500,12.1000,1122
LUBAWA,20201221,1.4000,1.4000,1.3400,1.3700,166140
MABION,20201221,21.3500,21.3500,19.8600,20.6500,63295
MAKARONPL,20201221,5.7000,5.7000,5.5500,5.6000,5073
MANGATA,20201221,63.5000,63.5000,59.0000,59.0000,303
MARVIPOL,20201221,5.2000,5.2000,4.9400,5.0000,10864
MASTERPHA,20201221,4.0200,4.0200,3.9800,3.9800,1250
MAXCOM,20201221,12.0500,12.0500,11.7500,12.0000,8072
MBANK,20201221,175.1000,176.5000,162.6000,172.0000,84793
MBWS,20201221,5.7500,5.7500,5.6000,5.6000,232
MCI,20201221,15.3500,15.4000,15.0000,15.1000,33290
MDIENERGIA,20201221,3.2800,3.2800,3.2000,3.2600,19409
MEDIACAP,20201221,1.7100,1.8000,1.7100,1.8000,2664
MEDICALG,20201221,20.0000,20.0000,19.7400,19.8000,70269
MENNICA,20201221,19.4000,19.5000,19.1000,19.1000,3895
MERCATOR,20201221,415.0000,427.0000,400.0000,416.0000,85134
MERCOR,20201221,10.5000,10.7000,10.2500,10.2500,27590
MEXPOLSKA,20201221,1.3500,1.3500,1.2800,1.3000,5668
MFO,20201221,27.6000,27.6000,24.2000,24.2000,1327
MILKILAND,20201221,0.6380,0.6380,0.6110,0.6360,6868
MILLENNIUM,20201221,3.1500,3.1800,3.0020,3.1500,2484767
MIRACULUM,20201221,1.1400,1.1600,1.1200,1.1500,41376
MIRBUD,20201221,3.1000,3.1500,2.9800,3.0500,309336
MLPGROUP,20201221,81.0000,81.0000,79.5000,79.5000,156
MLSYSTEM,20201221,79.4000,79.4000,76.0000,77.0000,19344
MOBRUK,20201221,216.0000,216.0000,210.0000,210.0000,2677
MOJ,20201221,1.1800,1.1800,1.1600,1.1600,1000
MOL,20201221,25.0000,26.0000,24.7400,25.9200,7197
MONNARI,20201221,1.9200,1.9200,1.7900,1.8600,116286
MOSTALPLC,20201221,9.0000,9.0000,8.7600,8.7600,3837
MOSTALWAR,20201221,4.3600,4.4500,4.2700,4.4400,2403
MOSTALZAB,20201221,0.9800,0.9800,0.8840,0.9700,262619
MUZA,20201221,3.0400,3.0400,2.8800,2.9000,5539
MWTRADE,20201221,1.7000,1.7000,1.6600,1.6600,2210
NANOGROUP,20201221,4.5400,4.6800,4.4600,4.4800,73534
NETIA,20201221,4.6700,4.6700,4.4700,4.6400,7971
NEUCA,20201221,624.0000,634.0000,608.0000,634.0000,1327
NEWAG,20201221,25.8000,25.8000,25.0000,25.3000,3426
NEXITY,20201221,19.7000,20.0000,18.5000,20.0000,1099
NOVATURAS,20201221,11.8000,11.8000,11.8000,11.8000,200
NOVAVISGR,20201221,1.8000,1.8000,1.7000,1.7200,22243
NOVITA,20201221,135.0000,135.0000,125.0000,132.0000,727
NTTSYSTEM,20201221,4.2000,4.2000,3.9000,4.0400,12314
OAT,20201221,50.4000,52.4000,49.7000,50.8000,33720
ODLEWNIE,20201221,5.0600,5.0600,4.7200,4.9200,6732
OEX,20201221,15.6000,15.8000,15.4000,15.5000,2029
OPENFIN,20201221,0.9500,0.9500,0.9000,0.9300,4299
OPERA3GR,20201221,248.1000,248.1000,248.1000,248.1000,5
OPONEO.PL,20201221,38.6000,41.0000,38.6000,41.0000,4276
OPTEAM,20201221,16.4000,16.4000,15.1000,16.0000,53646
ORANGEPL,20201221,6.5400,6.5600,6.3500,6.3950,2915910
ORCOGROUP,20201221,1.3200,1.3200,1.3200,1.3200,6308
ORZBIALY,20201221,12.5000,12.9000,12.5000,12.9000,100
OTLOG,20201221,3.7000,3.7400,3.5000,3.6600,13686
OTMUCHOW,20201221,1.6900,1.6900,1.5600,1.5900,7327
OVOSTAR,20201221,80.0000,80.0000,76.0000,80.0000,44
PAMAPOL,20201221,1.4200,1.4300,1.3900,1.4300,41739
PANOVA,20201221,10.3500,10.6000,10.3000,10.3000,6052
PATENTUS,20201221,0.9800,0.9960,0.9800,0.9800,2908
PBKM,20201221,77.0000,77.0000,72.4000,73.0000,868
PCCEXOL,20201221,3.4000,3.5000,3.2600,3.3500,427350
PCCROKITA,20201221,51.2000,51.2000,48.1000,48.4000,3231
PCFGROUP,20201221,75.0000,77.0000,67.5000,69.4900,125497
PCFGROUP-PDA,20201221,76.5000,76.5000,65.0000,69.1200,127431
PEKABEX,20201221,17.0000,17.0000,16.0500,16.1000,8284
PEKAO,20201221,58.7000,58.9600,56.3400,58.3200,864721
PEMANAGER,20201221,14.9000,14.9500,14.9000,14.9500,14116
PEP,20201221,50.2000,50.8000,50.2000,50.6000,1974
PEPEES,20201221,1.3400,1.3400,1.3000,1.3200,124939
PGE,20201221,6.2000,6.2300,5.8800,5.9900,5540160
PGNIG,20201221,5.4660,5.4700,5.1000,5.2040,4776156
PGO,20201221,1.3150,1.3150,1.2750,1.2900,28619
PGSSOFT,20201221,13.4000,13.4000,13.0000,13.1000,7696
PHARMENA,20201221,8.9400,9.0000,8.1000,8.4200,17562
PHN,20201221,10.6000,10.6000,10.2000,10.6000,9923
PKNORLEN,20201221,57.4000,57.4800,53.5200,54.8400,2102910
PKOASZEWZ,20201221,97.0100,97.0100,97.0000,97.0000,200
PKOBP,20201221,27.9100,28.1700,26.7100,27.6600,3122569
PKOSO,20201221,107.3100,107.3100,107.3100,107.3100,188
PKPCARGO,20201221,13.8000,13.8200,12.7000,13.1000,210476
PLASTBOX,20201221,1.8700,1.8700,1.8600,1.8700,11671
PLAYWAY,20201221,600.0000,602.0000,583.0000,596.0000,3382
PLAZACNTR,20201221,1.5200,1.6200,1.5200,1.6200,2204
PMPG,20201221,1.7800,1.7800,1.7200,1.7200,5422
POLICE,20201221,12.0000,12.0000,11.8000,11.9000,1374
POLIMEXMS,20201221,2.2800,2.3600,2.2100,2.3000,441029
POLNORD,20201221,3.5050,3.5200,3.5050,3.5150,44094
POLWAX,20201221,3.7800,3.7800,3.6800,3.7400,52810
POZBUD,20201221,2.1800,2.1800,1.9650,2.0300,61683
PRAGMAFA,20201221,24.2000,24.4000,24.2000,24.2000,2863
PRAGMAINK,20201221,6.0000,6.0000,6.0000,6.0000,25
PRAIRIE,20201221,0.5070,0.5070,0.4660,0.4700,857698
PRIMETECH,20201221,1.2700,1.2700,1.2100,1.2100,1292
PROCHEM,20201221,18.7500,18.7500,18.7500,18.7500,2
PROJPRZEM,20201221,15.8500,15.8500,15.8500,15.8500,2
PROTEKTOR,20201221,3.5400,3.6400,3.5000,3.5400,44355
PROVIDENT,20201221,3.8700,4.0300,3.7500,3.9500,66417
PULAWY,20201221,86.8000,86.8000,83.0000,84.6000,1760
PUNKPIRAT,20201221,0.6750,0.7200,0.6700,0.7000,90593
PURE,20201221,108.0000,108.0000,105.0000,107.5000,1840
PURE-PDA,20201221,102.5000,104.5000,99.0000,102.0000,5740
PZU,20201221,30.5000,31.2000,29.4000,30.8500,4068916
PZUAKORD,20201221,120.5000,120.5000,120.5000,120.5000,260
QUERCUS,20201221,3.2500,3.4400,3.2300,3.2500,26606
R22,20201221,33.6000,33.6000,31.7000,32.3000,11508
RADPOL,20201221,2.3300,2.3300,2.2600,2.3000,9577
RAFAKO,20201221,0.8590,0.8590,0.7900,0.8020,1169423
RAFAMET,20201221,15.4000,15.4000,15.4000,15.4000,1
RAINBOW,20201221,20.4000,21.0000,20.0000,20.0000,21127
RANKPROGR,20201221,1.8950,1.8950,1.8700,1.8700,16669
RAWLPLUG,20201221,8.1200,8.3200,8.0000,8.3000,3018
RCCOCOOPEN,20201221,84.5000,84.5000,84.5000,84.5000,42
RCESX5E06232,20201221,1067.0000,1067.0000,1064.0000,1064.0000,101
RCESX7E0621,20201221,624.0000,637.5000,623.5000,637.5000,1167
RCESXPP08232,20201221,988.0000,988.0000,988.0000,988.0000,400
RCFL10GOLD,20201221,9.5300,9.7400,8.6300,8.9300,1330
RCFL10GOLD1,20201221,4.5900,4.5900,3.8900,4.2900,5769
RCFL10OIL2,20201221,9.1900,9.1900,8.0600,8.6900,1951
RCFL10SILVE2,20201221,0.2400,0.2600,0.2400,0.2500,45001
RCFL211B,20201221,5.4800,5.4800,5.4800,5.4800,200
RCFL2GOLD,20201221,95.6000,95.6000,95.6000,95.6000,1
RCFL2GOLD2,20201221,18.6000,18.6000,18.6000,18.6000,3000
RCFL2OIL5,20201221,12.9600,12.9600,12.9600,12.9600,18
RCFL2PALL1,20201221,36.0000,36.0000,36.0000,36.0000,100
RCFL2PLAT1,20201221,8.6900,8.6900,8.5600,8.5600,2000
RCFL2SILVE,20201221,36.5000,36.9500,35.3000,35.3000,732
RCFL311B,20201221,3.8400,3.8400,3.5900,3.5900,560
RCFL3ALE,20201221,13.3000,15.1800,13.3000,14.3600,2296
RCFL3ALR1,20201221,7.4400,7.4400,7.4400,7.4400,1344
RCFL3BMW,20201221,19.6800,20.0500,18.9600,18.9600,176
RCFL3BOSS,20201221,0.2200,0.2200,0.2200,0.2200,3344
RCFL3CCC1,20201221,21.2500,21.2500,20.4000,20.4000,200
RCFL3CDPRO1,20201221,17.9800,17.9800,17.9800,17.9800,600
RCFL3CDPRO2,20201221,1.7300,1.7300,1.5200,1.7300,90777
RCFL3COPP,20201221,20.5000,20.5000,20.5000,20.5000,50
RCFL3CORN2,20201221,15.1800,15.1800,15.1800,15.1800,1
RCFL3ENA,20201221,3.7000,3.7000,3.5000,3.6400,2250
RCFL3EUH,20201221,0.6700,0.6700,0.6200,0.6700,32000
RCFL3FDX,20201221,131.4000,131.4000,131.4000,131.4000,4
RCFL3GOLD,20201221,64.8000,65.1000,63.4000,63.5000,425
RCFL3JSW,20201221,0.4800,0.5200,0.4000,0.5000,412798
RCFL3JSW1,20201221,16.6000,17.5400,15.0600,17.3800,772
RCFL3LTS1,20201221,0.2400,0.2400,0.1900,0.2300,129841
RCFL3MBK,20201221,1.2900,1.2900,1.0000,1.1700,97567
RCFL3MSFIN,20201221,1.8800,1.9600,1.7900,1.9600,3726
RCFL3MWIG40,20201221,6.0000,6.0000,5.8000,5.8000,100
RCFL3OIL2,20201221,1.9000,1.9200,1.7700,1.8600,2820
RCFL3OIL4,20201221,0.0400,0.0400,0.0400,0.0400,7513
RCFL3OPL,20201221,5.0300,5.0300,5.0300,5.0300,11845
RCFL3PALL3,20201221,1.0400,1.0400,1.0200,1.0200,733
RCFL3PEO,20201221,1.0400,1.0400,0.9000,0.9900,12064
RCFL3PEO1,20201221,12.1800,12.1800,10.9400,12.0600,1340
RCFL3PKN,20201221,11.0200,11.2200,9.9800,11.1800,11785
RCFL3PKO,20201221,4.2200,4.2200,4.2200,4.2200,1000
RCFL3PLAT1,20201221,5.2600,5.5300,5.2600,5.4400,2705
RCFL3PLAT2,20201221,12.2200,12.2200,10.9000,11.4000,2400
RCFL3PZU,20201221,14.9000,15.1000,12.9400,15.1000,1504
RCFL3SILVE,20201221,7.6100,7.6300,6.8900,7.0700,10000
RCFL3SILVE3,20201221,21.6500,21.6500,18.8000,20.2000,4994
RCFL3TEN,20201221,4.9500,4.9500,4.6300,4.7600,6030
RCFL3TPE,20201221,7.8700,7.8700,7.3100,7.4600,2270
RCFL3W20,20201221,28.2500,28.2500,25.5000,26.5000,9110
RCFL3WHT,20201221,3.4600,3.4600,3.4600,3.4600,1500
RCFL3WHT3,20201221,9.5500,9.5500,9.5500,9.5500,20
RCFL4CDPRO,20201221,1.0300,1.0600,0.8200,0.9200,1519449
RCFL4CDPRO1,20201221,0.1700,0.1800,0.1500,0.1700,357912
RCFL4DNP,20201221,31.9000,31.9000,31.9000,31.9000,30
RCFL4ESX,20201221,156.2000,163.8000,156.2000,161.6000,723
RCFL4GAMES,20201221,26.6500,26.8500,26.5500,26.6000,1760
RCFL4GOLD,20201221,22.5000,22.6500,21.4500,21.7000,444
RCFL4KGH,20201221,12.7600,13.1400,12.7600,13.1400,770
RCFL4PALL2,20201221,1.0800,1.0800,1.0300,1.0300,2000
RCFL4PEO1,20201221,5.0800,5.6200,5.0600,5.6200,1900
RCFL4PGE,20201221,5.0100,5.0100,5.0100,5.0100,50
RCFL4PKN1,20201221,2.6000,2.6000,2.0300,2.2600,44760
RCFL4PKO,20201221,0.5000,0.5000,0.5000,0.5000,100
RCFL4PKO1,20201221,10.0000,10.2400,10.0000,10.2200,2250
RCFL4PLAT2,20201221,11.8400,11.8400,9.8100,9.8100,2020
RCFL4PZU,20201221,0.6700,0.7600,0.6500,0.7600,51700
RCFL4PZU1,20201221,10.4000,11.9200,10.4000,11.9200,825
RCFL4SILVE1,20201221,7.8600,8.0200,6.8900,7.1900,5408
RCFL4SILVE2,20201221,11.1200,11.3200,9.9300,10.5000,1743
RCFL4TOTF,20201221,0.6600,0.6600,0.6600,0.6600,45
RCFL5ALE,20201221,17.2000,17.2000,12.6800,14.4000,779
RCFL5COFF,20201221,0.1500,0.1500,0.1500,0.1500,90000
RCFL5COFF4,20201221,6.7800,6.7800,6.4700,6.4700,5350
RCFL5COPP,20201221,11.7200,11.7200,11.7200,11.7200,5
RCFL5FW20,20201221,0.6800,0.6800,0.6800,0.6800,6300
RCFL5GOLD,20201221,22.9500,22.9500,21.3500,21.6500,1203
RCFL5MSBAS,20201221,3.4500,3.4500,3.1900,3.1900,1600
RCFL5MWIG40,20201221,1.9500,1.9600,1.8900,1.9600,1150
RCFL5SILVE,20201221,1.5100,1.5100,1.5100,1.5100,27
RCFL5SILVE1,20201221,4.2900,4.4700,3.8900,3.8900,650
RCFL5SILVE2,20201221,18.5200,18.5200,18.5200,18.5200,20
RCFL5SUGA2,20201221,20.5000,22.1000,20.5000,22.1000,200
RCFL5W20,20201221,14.2200,14.2200,14.2200,14.2200,100
RCFL6COCO,20201221,3.7800,3.7800,3.7800,3.7800,400
RCFL6COPP2,20201221,56.9000,56.9000,56.9000,56.9000,50
RCFL6GOLD,20201221,28.1000,28.1000,28.1000,28.1000,153
RCFL6GOLD1,20201221,10.9400,10.9400,10.0800,10.5600,850
RCFL6OIL3,20201221,15.2000,15.2000,15.2000,15.2000,48
RCFL6PLAT2,20201221,7.3500,7.3500,5.4500,5.4500,500
RCFL6SILVE,20201221,2.1200,2.1200,1.7900,1.9100,23412
RCFL6SILVE2,20201221,13.1800,13.1800,12.7400,12.7400,2454
RCFL6SUGA,20201221,1.6500,1.7500,1.6500,1.7500,5401
RCFL6W20,20201221,14.2000,14.2000,11.4600,13.0000,3107
RCFL6W201,20201221,0.4700,0.4700,0.3900,0.3900,7500
RCFL7SILVE,20201221,0.3400,0.3400,0.3400,0.3400,18000
RCFL8COFF1,20201221,0.4400,0.4900,0.4100,0.4900,20500
RCFL8OIL2,20201221,12.8400,12.8400,12.8400,12.8400,80
RCFL8SILVE,20201221,0.0400,0.0400,0.0400,0.0400,1125
RCFL8SILVE2,20201221,0.6900,0.7400,0.6900,0.7300,15104
RCFS10GOLD,20201221,0.0100,0.0100,0.0100,0.0100,1250
RCFS10GOLD1,20201221,0.1800,0.1800,0.1800,0.1800,1440
RCFS10GOLD2,20201221,10.3400,10.3400,9.7700,9.7700,460
RCFS10SILVE2,20201221,0.7300,1.0100,0.6300,0.9100,6003
RCFS1COPP,20201221,5.3400,5.3400,5.3400,5.3400,2400
RCFS2GAMES,20201221,3.9000,3.9700,3.9000,3.9700,3000
RCFS2KGH,20201221,1.7800,1.8800,1.7800,1.8000,14800
RCFS3ALR,20201221,21.6000,21.6000,21.6000,21.6000,300
RCFS3ALR1,20201221,3.7000,3.7100,3.4600,3.4600,3246
RCFS3BAS,20201221,2.1500,2.1500,2.1500,2.1500,200
RCFS3CDPRO,20201221,6.9100,7.3300,6.7100,6.9000,643
RCFS3COFF2,20201221,8.4300,8.4300,8.4300,8.4300,745
RCFS3COPP,20201221,1.1300,1.1300,1.1300,1.1300,1
RCFS3EAD,20201221,0.2200,0.2200,0.2200,0.2200,2100
RCFS3FDX,20201221,4.3600,4.4900,4.3100,4.3100,11500
RCFS3GAMES,20201221,1.9000,1.9000,1.9000,1.9000,500
RCFS3GOLD,20201221,28.5500,28.5500,28.5500,28.5500,12
RCFS3KGH1,20201221,2.6800,2.9500,2.6700,2.7700,6928
RCFS3LPP,20201221,0.2200,0.2200,0.2200,0.2200,13600
RCFS3LPP1,20201221,3.2100,3.5500,3.2100,3.3500,5700
RCFS3OIL4,20201221,4.6900,4.6900,4.6900,4.6900,415
RCFS3PALL4,20201221,1.1700,1.2000,1.1700,1.1800,4000
RCFS3PEO,20201221,9.5000,9.5000,9.3500,9.3500,400
RCFS3PGE,20201221,0.8600,0.9700,0.8600,0.9700,1150
RCFS3PGN,20201221,3.1400,3.1400,3.1400,3.1400,552
RCFS3PKN1,20201221,9.8400,9.8400,9.8400,9.8400,100
RCFS3PZU,20201221,1.7800,1.7800,1.7800,1.7800,200
RCFS3TPE,20201221,0.4100,0.4100,0.4000,0.4000,54000
RCFS3W20,20201221,21.4500,23.2500,21.4500,22.3000,7070
RCFS4CDPRO1,20201221,4.1000,4.6500,4.0500,4.2300,63702
RCFS4ESX,20201221,0.2900,0.2900,0.2900,0.2900,1500
RCFS4KGH1,20201221,1.4600,1.7400,1.4600,1.5700,37077
RCFS4LPP,20201221,1.6600,1.7500,1.5400,1.7500,12964
RCFS4OIL4,20201221,3.4700,3.4700,3.4700,3.4700,100
RCFS4OPL,20201221,10.4000,10.4000,9.9500,9.9500,50
RCFS4PEO,20201221,6.0000,6.6600,6.0000,6.6600,729
RCFS4PGE,20201221,0.7300,0.7700,0.7000,0.7600,38330
RCFS4PGN,20201221,0.6100,0.7200,0.6100,0.7200,14500
RCFS4PKN,20201221,4.8500,5.2500,4.8500,5.0100,6170
RCFS4PKO,20201221,2.8900,3.0300,2.8900,3.0300,1300
RCFS4PZU,20201221,5.1500,5.5800,5.0200,5.0200,5550
RCFS5COFF1,20201221,2.9000,2.9000,2.9000,2.9000,600
RCFS5COPP,20201221,0.8900,0.9400,0.8800,0.9300,33000
RCFS5FW20,20201221,2.2200,2.4600,2.2200,2.4600,250
RCFS5OIL4,20201221,2.3700,2.5900,2.3700,2.5900,640
RCFS5PLAT2,20201221,0.5500,0.6700,0.5500,0.6700,500
RCFS5SUGA,20201221,1.9000,1.9500,1.8000,1.8000,2600
RCFS6COCO1,20201221,1.7600,1.9700,1.7600,1.9700,100
RCFS6CORN,20201221,1.4800,1.4800,1.4800,1.4800,1451
RCFS6FW201,20201221,1.9400,1.9400,1.8000,1.8000,1400
RCFS6SILVE2,20201221,4.7500,4.7500,4.3700,4.3700,1806
RCFS6W201,20201221,1.4900,1.7800,1.4900,1.6100,224770
RCFS7SILVE1,20201221,3.8200,3.8200,3.8200,3.8200,255
RCFS8COCO,20201221,2.0600,2.0600,2.0600,2.0600,1000
RCFS8OIL2,20201221,0.4400,0.4400,0.4400,0.4400,25400
RCGETNA1021,20201221,1057.5000,1057.5000,1057.5000,1057.5000,49
RCGLDAOPEN,20201221,715.0000,715.0000,715.0000,715.0000,62
RCGOIL1022,20201221,1032.5000,1032.5000,1032.5000,1032.5000,80
RCGOIL1122,20201221,1028.5000,1028.5000,1028.5000,1028.5000,11
RCGSX5E12212,20201221,1029.0000,1029.0000,1029.0000,1029.0000,80
RCLLCOOPEN,20201221,6.8700,6.8700,6.8700,6.8700,6172
RCLOILAOPEN,20201221,16.0000,16.0000,15.7600,15.8000,3607
RCLOILAOPEN1,20201221,176.6000,176.6000,176.6000,176.6000,30
RCRBSPX0522,20201221,433.5000,433.5000,433.5000,433.5000,405
RCRBSPX0822,20201221,513.0000,513.0000,509.0000,509.0000,405
RCRBSPX1122,20201221,547.0000,547.0000,547.0000,547.0000,400
RCSILAOPEN,20201221,98.0000,100.0000,96.3000,96.3000,611
RCSUGAOPEN,20201221,2.3100,2.3100,2.3100,2.3100,520
RCTLKER1,20201221,1.5600,1.5600,1.5600,1.5600,2500
RCTLSOY10,20201221,19.1800,19.1800,19.1800,19.1800,52
RCTWSX5E0921,20201221,1054.5000,1054.5000,1054.5000,1054.5000,300
REDAN,20201221,0.1740,0.1850,0.1700,0.1730,23189
REINO,20201221,1.4200,1.4200,1.3400,1.4100,214
RELPOL,20201221,5.2200,5.2800,5.0800,5.2200,22362
REMAK,20201221,10.0000,10.0000,9.2200,9.3400,6382
RONSON,20201221,1.2750,1.3100,1.2600,1.2600,71290
ROPCZYCE,20201221,23.2000,23.2000,22.4000,22.9000,428
RYVU,20201221,47.5000,47.5000,45.9000,46.4000,11112
SANOK,20201221,17.9500,18.3000,17.3500,17.6500,9581
SANPL,20201221,180.0000,180.0000,172.5000,176.3000,62017
SANTANDER,20201221,11.5000,11.7000,10.9000,10.9200,39617
SANWIL,20201221,3.0400,3.0800,2.9000,3.0600,61224
SECOGROUP,20201221,13.4000,13.4000,13.1000,13.1000,758
SEKO,20201221,8.9000,8.9000,8.7500,8.7500,1673
SELENAFM,20201221,17.9500,18.4000,16.9000,16.9000,8465
SELVITA,20201221,44.9000,45.4000,44.5000,44.5000,3335
SERINUS,20201221,0.2320,0.2360,0.2100,0.2280,1035753
SESCOM,20201221,28.0000,28.0000,27.6000,27.6000,217
SFINKS,20201221,0.3290,0.3290,0.3100,0.3250,36267
SILVAIR-REGS,20201221,7.6990,7.6990,7.3000,7.3000,202
SIMPLE,20201221,12.8000,12.9000,12.8000,12.9000,2240
SKARBIEC,20201221,25.5000,25.8000,24.7000,24.8000,4998
SKOTAN,20201221,1.5850,1.6050,1.5600,1.5900,12366
SLEEPZAG,20201221,0.3100,0.3100,0.3000,0.3000,203
SNIEZKA,20201221,87.0000,87.8000,86.6000,87.8000,555
SOLAR,20201221,3.7800,3.7800,3.4000,3.5700,13133
SONEL,20201221,9.4500,9.6000,9.2000,9.2000,1727
SOPHARMA,20201221,8.4000,9.1500,8.4000,8.4000,650
STALEXP,20201221,3.1500,3.1500,3.0800,3.0800,27667
STALPROD,20201221,256.0000,256.0000,244.0000,255.5000,1964
STALPROFI,20201221,7.1600,7.1600,6.8400,7.0000,11217
STAPORKOW,20201221,2.5000,2.5000,2.4400,2.4400,2735
STARHEDGE,20201221,0.4100,0.4340,0.3900,0.4320,25277
SUNEX,20201221,4.9000,4.9000,4.5000,4.7000,53279
SUWARY,20201221,16.6000,16.6000,16.6000,16.6000,5
SWISSMED,20201221,7.2200,7.8800,6.5000,6.7800,99148
SYGNITY,20201221,8.2800,8.3800,8.0800,8.2600,16667
SYNEKTIK,20201221,26.9000,26.9000,25.7000,26.0000,9109
TALEX,20201221,11.5000,11.6000,11.5000,11.6000,336
TAURONPE,20201221,2.5800,2.5800,2.4500,2.4800,6589208
TBULL,20201221,30.9000,31.0000,28.7000,30.7000,7393
TERMOREX,20201221,0.8900,0.8900,0.8900,0.8900,1890
TESGAS,20201221,4.4600,4.4800,4.0000,4.2400,48381
TIM,20201221,18.5500,18.6000,17.1500,18.2000,76880
TORPOL,20201221,11.2000,12.0000,11.0000,11.7000,80346
TOWERINVT,20201221,14.0000,14.0000,12.6000,13.2000,1233
TOYA,20201221,6.0000,6.0000,5.8200,5.8600,29769
TRAKCJA,20201221,1.7600,1.8000,1.7060,1.7400,205772
TRANSPOL,20201221,2.7200,2.7200,2.6700,2.7200,7902
TRITON,20201221,2.1400,2.1600,2.0700,2.1600,7795
TSGAMES,20201221,501.0000,506.0000,490.5000,495.5000,12062
ULMA,20201221,47.2000,47.2000,44.4000,47.0000,1065
ULTGAMES,20201221,30.9000,30.9000,29.0000,29.6500,13552
UNIBEP,20201221,7.8000,7.8000,7.3000,7.3400,7192
UNICREDIT,20201221,32.6600,33.6700,32.6600,33.5500,1377
UNIMA,20201221,2.9200,2.9200,2.7800,2.7800,2120
UNIMOT,20201221,32.2000,32.2000,30.0000,31.0000,52232
URSUS,20201221,0.6700,0.6800,0.6400,0.6400,257181
VENTUREIN,20201221,2.5000,2.5000,2.3800,2.4600,2304
VIGOSYS,20201221,570.0000,580.0000,570.0000,580.0000,43
VINDEXUS,20201221,4.3000,4.3300,4.2100,4.2200,4822
VISTAL,20201221,2.8200,2.9400,2.7750,2.8600,3510
VIVID,20201221,1.5400,1.5500,1.4800,1.5460,85321
VOTUM,20201221,11.4500,11.4500,11.0500,11.1000,6578
VOXEL,20201221,40.9000,40.9000,40.3000,40.6000,665
VRG,20201221,2.4700,2.5600,2.4300,2.5500,249558
WARIMPEX,20201221,5.0000,5.0000,5.0000,5.0000,350
WASKO,20201221,1.1900,1.2150,1.1700,1.1950,15486
WAWEL,20201221,580.0000,580.0000,564.0000,578.0000,128
WIELTON,20201221,5.9500,6.1400,5.9000,5.9800,150737
WIKANA,20201221,2.2400,2.3000,2.1800,2.3000,12376
WIRTUALNA,20201221,82.6000,83.0000,81.4000,83.0000,6724
WITTCHEN,20201221,8.2600,8.2600,7.5000,8.0000,18833
WOJAS,20201221,4.4600,4.4600,4.0400,4.1600,6755
WORKSERV,20201221,1.1360,1.1360,1.0240,1.0460,855790
XTB,20201221,16.1500,16.5000,15.9000,16.3500,514052
XTPL,20201221,69.0000,69.0000,66.0000,69.0000,2030
ZAMET,20201221,0.7700,0.7850,0.7700,0.7850,2066
ZASTAL,20201221,32.6000,32.6000,30.0000,31.8000,2611
ZEPAK,20201221,9.3800,9.3800,9.2200,9.2800,25309
ZPUE,20201221,148.0000,148.0000,139.0000,145.0000,1084
ZREMB,20201221,0.7050,0.7050,0.6500,0.7050,4022
ZUE,20201221,3.4600,3.4600,3.1600,3.4000,5682
ZYWIEC,20201221,486.0000,486.0000,456.0000,474.0000,930
INVESTORMS,20201221,4070.9900,4107.0700,4070.9900,4107.0700,265283.410
MWIG40,20201221,3751.5300,3763.2000,3670.4500,3744.4300,150176.175
MWIG40TR,20201221,4968.7000,4984.1600,4861.3200,4959.3000,150176.175
SWIG80,20201221,15277.2800,15277.2800,15031.9900,15164.8300,34065.634
SWIG80TR,20201221,19789.7100,19789.7100,19482.3800,19644.0500,34065.634
WIG,20201221,55126.4200,55169.4600,53154.5700,54139.2500,1806843.291
WIG-BANKI,20201221,4600.2500,4601.9400,4419.4000,4542.0100,184486.290
WIG-BUDOW,20201221,3429.9400,3437.1300,3380.7200,3421.7300,7727.348
WIG-CEE,20201221,1237.5900,1237.5900,1214.3800,1214.3800,2038.598
WIG-CHEMIA,20201221,7288.1600,7288.1600,6885.5600,7075.3500,10052.047
WIG-ENERG,20201221,1940.8700,1940.8700,1854.6500,1879.0100,57713.184
WIG-ESG,20201221,8987.4500,9006.1800,8666.9900,8830.1700,1753373.517
WIG-GORNIC,20201221,5606.8200,5692.6200,5436.9400,5585.1700,135738.931
WIG-INFO,20201221,3765.8400,3782.1000,3707.9100,3744.3400,10207.297
WIG-LEKI,20201221,4822.9100,4841.1700,4646.7800,4748.9000,16809.754
WIG-MEDIA,20201221,5504.1800,5504.1800,5413.7700,5490.5000,1087.759
WIG-MOTO,20201221,3781.2100,3873.6900,3769.6100,3873.6900,3930.634
WIG-NRCHOM,20201221,2279.2000,2299.1100,2253.1400,2274.7500,2383.838
WIG-ODZIEZ,20201221,4586.3800,4681.4200,4513.7500,4582.9700,56785.029
WIG-PALIWA,20201221,4877.2000,4877.2000,4594.9300,4667.0200,212609.828
WIG-POLAND,20201221,54847.1800,55335.9500,54847.1800,55335.9500,1801561.266
WIG-SPOZYW,20201221,3502.3800,3502.5700,3410.2200,3442.9200,1953.011
WIG-TELKOM,20201221,949.1200,949.1200,914.0800,932.9400,30993.365
WIG-UKRAIN,20201221,426.4400,431.0500,426.4400,431.0500,1251.231
WIG.GAMES,20201221,26994.1000,27224.1600,26485.9600,26701.8200,699940.314
WIG.MS-BAS,20201221,11126.2500,11126.2500,10633.4300,10864.0300,189951.344
WIG.MS-FIN,20201221,7102.5500,7143.7800,6831.5600,7069.1500,279425.716
WIG.MS-PET,20201221,6485.4500,6485.4500,6124.8500,6216.2800,220241.602
WIG20,20201221,1929.1400,1935.2200,1851.2300,1888.8000,1603197.342
WIG20LEV,20201221,405.6400,408.2200,372.4700,388.4600,1603197.342
WIG20SHORT,20201221,3697.9200,3843.7300,3686.5400,3773.4200,1603197.342
WIG20TR,20201221,3533.3200,3533.8000,3392.0000,3459.4400,1603197.342
WIG30,20201221,2241.9700,2245.3000,2154.2000,2196.9000,1654923.444
WIG30TR,20201221,3934.7700,3970.7300,3934.7700,3970.7300,1654923.444
WIGDIV,20201221,1056.9400,1058.7800,1034.6000,1043.2800,180761.778
WIGTECH,20201221,13826.8000,13850.7400,13822.0700,13850.7400,0.000
WIGTECHTR,20201221,14416.5400,14416.5400,14139.8800,14235.2600,0.000
