06MAGNA,20201030,1.3600,1.3800,1.2500,1.2900,131571
11BIT,20201030,465.0000,484.0000,465.0000,481.0000,6842
4FUNMEDIA,20201030,4.3800,4.3800,4.1800,4.3000,1607
ABPL,20201030,26.3000,26.6000,26.3000,26.6000,540
ACAUTOGAZ,20201030,35.6000,37.0000,35.6000,37.0000,455
ACTION,20201030,3.9800,4.0400,3.8500,3.9400,7891
ADIUVO,20201030,5.8000,5.8000,5.5400,5.7000,967
AGORA,20201030,4.4400,4.4400,4.3900,4.4400,15312
AGROTON,20201030,3.8400,3.8400,3.6300,3.7900,5848
AIGAMES,20201030,17.3000,17.3000,14.3500,15.0000,97914
AILLERON,20201030,6.6400,7.0000,6.5000,7.0000,8703
AIRWAY,20201030,2.1300,2.1300,1.9450,2.0400,1371415
ALIOR,20201030,11.2400,11.6000,11.1400,11.3350,469790
ALLEGRO,20201030,85.0000,86.8000,80.0000,80.4500,1850831
ALTA,20201030,1.0200,1.0700,1.0000,1.0700,13938
ALTUSTFI,20201030,0.7000,0.7360,0.6520,0.7280,12133
ALUMETAL,20201030,35.2000,36.1000,35.2000,36.0000,3198
AMBRA,20201030,16.7000,16.9500,16.3000,16.9000,4770
AMICA,20201030,136.4000,140.0000,130.2000,140.0000,5669
AMREST,20201030,13.7000,14.1400,13.6200,13.7600,214837
APATOR,20201030,19.5000,19.5000,19.0000,19.5000,779
APLISENS,20201030,10.2000,10.2000,9.7000,10.2000,153
APSENERGY,20201030,1.5600,1.5700,1.4950,1.5600,16717
ARCHICOM,20201030,17.6000,18.3500,17.5000,18.1000,3606
ARCTIC,20201030,3.7000,3.7000,3.6600,3.7000,9370
ARTIFEX,20201030,8.4000,8.4000,8.0000,8.1000,20297
ASBIS,20201030,6.1000,6.2000,6.0000,6.2000,162723
ASSECOBS,20201030,32.8000,33.0000,31.4000,32.6000,2089
ASSECOPOL,20201030,63.3000,65.0000,63.0000,64.1000,89214
ASSECOSEE,20201030,39.5000,39.5000,38.0000,38.2000,43489
ASTARTA,20201030,18.9000,18.9000,17.6000,18.2000,30298
ATAL,20201030,26.6000,28.1000,26.6000,27.3000,4788
ATENDE,20201030,2.8400,2.8400,2.8400,2.8400,1452
ATLANTAPL,20201030,5.9400,5.9400,5.9400,5.9400,200
ATLASEST,20201030,1.2000,1.2000,1.1900,1.1900,13217
ATMGRUPA,20201030,3.6800,3.6800,3.4000,3.4000,18760
ATREM,20201030,2.0400,2.0400,1.9150,1.9150,18231
AUTOCALLSX7E,20201030,545.0000,545.0000,545.0000,545.0000,50
AUTOPARTN,20201030,6.3000,6.7000,6.3000,6.5000,26669
BAHOLDING,20201030,0.4900,0.5900,0.4900,0.5900,446824
BBIDEV,20201030,3.3900,3.6400,3.3500,3.6400,1440
BEDZIN,20201030,8.8500,8.9000,8.8000,8.9000,4288
BENEFIT,20201030,548.0000,557.0000,524.0000,557.0000,6811
BEST,20201030,16.0000,16.0000,16.0000,16.0000,500
BETACOM,20201030,10.2000,10.2000,10.2000,10.2000,10
BETAM40TR,20201030,45.6400,45.6400,44.6000,44.7500,8196
BETAW20LV,20201030,24.0300,24.1700,23.2000,23.6600,7247
BETAW20ST,20201030,484.0000,492.0000,480.9000,488.3000,2592
BETAW20TR,20201030,26.0350,26.1450,25.5500,26.0000,10895
BIK,20201030,12.3500,12.3500,12.2500,12.2500,29
BIOMEDLUB,20201030,16.5000,16.7000,15.3000,15.7000,1129010
BIOTON,20201030,4.2900,4.3850,4.0400,4.1200,93843
BNPPPL,20201030,33.1000,34.8000,31.9000,33.1000,1426
BNPPSLVR0323,20201030,992.0000,992.0000,992.0000,992.0000,10
BNPPSOGO1021,20201030,1039.0000,1039.0000,1039.0000,1039.0000,10
BNPPSOLE0322,20201030,991.5000,991.5000,991.5000,991.5000,30
BNPPSX5E0922,20201030,984.5000,984.5000,984.5000,984.5000,10
BNPPSX7E0321,20201030,565.5000,565.5000,565.5000,565.5000,50
BNPPSXPP0221,20201030,902.5000,902.5000,900.0000,900.0000,500
BOGDANKA,20201030,15.0000,15.1600,14.5800,14.8200,17381
BOOMBIT,20201030,19.8200,20.1500,19.4400,19.6000,6085
BORYSZEW,20201030,2.7100,2.7100,2.6200,2.6600,24664
BOS,20201030,4.7000,4.7000,4.6000,4.6200,3038
BOWIM,20201030,1.8400,1.9200,1.8000,1.9200,6102
BRASTER,20201030,0.4900,0.5050,0.4710,0.5050,56404
BUDIMEX,20201030,238.0000,238.0000,220.0000,234.0000,5058
BUMECH,20201030,1.8400,1.8400,1.7500,1.8200,7407
CCC,20201030,36.3000,39.5600,36.3000,38.7500,349241
CDPROJEKT,20201030,351.7000,352.0000,333.3000,335.4000,582121
CDRL,20201030,12.5500,12.5500,12.5000,12.5000,522
CELTIC,20201030,6.5000,6.5000,6.5000,6.5000,5
CEZ,20201030,75.0000,75.0000,74.3000,74.9000,65389
CFI,20201030,0.1740,0.1740,0.1600,0.1690,93926
CIECH,20201030,26.4000,26.4000,25.8500,26.0000,28278
CIGAMES,20201030,1.1200,1.1300,1.0380,1.0800,1071199
CITYSERV,20201030,7.0000,7.0000,6.4320,6.4320,493
CLNPHARMA,20201030,34.6500,34.7000,32.5000,33.6000,24661
CNT,20201030,12.8000,12.9000,12.4000,12.8000,4267
COALENERG,20201030,0.4960,0.5100,0.4400,0.4800,36860
COGNOR,20201030,1.1200,1.1200,1.0800,1.1100,26206
COMARCH,20201030,194.0000,195.0000,190.5000,193.0000,4448
COMP,20201030,55.0000,55.0000,53.6000,53.6000,520
COMPERIA,20201030,2.2600,2.2600,2.2600,2.2600,500
CORMAY,20201030,1.6200,1.6200,1.4300,1.5300,1003240
CPGROUP,20201030,6.1800,6.1800,5.8000,5.8000,2689
CYFRPLSAT,20201030,24.5600,24.9200,24.2400,24.6800,552268
CZTOREBKA,20201030,0.5000,0.5000,0.5000,0.5000,3300
DATAWALK,20201030,172.0000,172.0000,164.0000,172.0000,4771
DEBICA,20201030,70.0000,72.0000,68.4000,70.4000,823
DECORA,20201030,28.6000,29.0000,27.7000,28.8000,4743
DEKPOL,20201030,20.2000,21.0000,20.0000,20.0000,2262
DELKO,20201030,13.9000,14.1000,13.4000,14.0000,21713
DEVELIA,20201030,1.6400,1.6400,1.5940,1.6000,84833
DGA,20201030,4.9800,4.9800,4.4800,4.4800,5504
DIGITREE,20201030,5.3000,5.3000,5.3000,5.3000,1000
DINOPL,20201030,211.0000,218.4000,210.6000,217.4000,170227
DOMDEV,20201030,96.2000,96.4000,93.8000,94.0000,5919
DROZAPOL,20201030,1.5600,1.5600,1.5500,1.5500,191
ECHO,20201030,3.8500,3.8500,3.7500,3.7500,44983
EDINVEST,20201030,3.1000,3.2000,3.1000,3.2000,728
EFEKT,20201030,4.5000,4.5000,4.0600,4.0600,4199
EKOEXPORT,20201030,2.8800,3.1000,2.8150,2.9200,33714
ELBUDOWA,20201030,0.5840,0.6780,0.5840,0.6400,21799
ELEKTROTI,20201030,4.9800,4.9800,4.9000,4.9700,580
ELEMENTAL,20201030,2.3800,2.3850,2.3650,2.3850,27310
ELKOP,20201030,0.2380,0.2390,0.2350,0.2390,41389
ELZAB,20201030,3.4800,3.6400,3.2000,3.4400,12275
EMCINSMED,20201030,13.8000,14.1000,13.8000,13.8000,450
ENAP,20201030,1.2400,1.2900,1.1900,1.2000,6614
ENEA,20201030,4.7580,4.7580,4.4700,4.5200,972363
ENELMED,20201030,15.8000,15.8000,15.8000,15.8000,100
ENERGA,20201030,8.3050,8.3100,8.3050,8.3050,275889
ENERGOINS,20201030,0.7600,0.7600,0.7600,0.7600,641
ENTER,20201030,19.6500,20.3000,19.6500,20.3000,6682
ERBUD,20201030,19.3000,19.3000,18.0000,19.2500,3741
ERG,20201030,40.0000,40.0000,36.2000,39.0000,231
ESOTIQ,20201030,9.4400,9.4400,8.8400,8.8400,110
ETFDAX,20201030,498.8500,503.7000,498.8500,500.0000,294
ETFSP500,20201030,132.2800,133.7200,131.1800,131.9200,3026
ETFW20L,20201030,193.0000,193.0000,185.3000,187.5000,3373
EUCO,20201030,3.7600,3.7600,3.7500,3.7500,1188
EUROCASH,20201030,11.3000,11.7300,11.3000,11.6200,404889
EUROTEL,20201030,20.8000,21.3000,20.6000,21.0000,821
FAMUR,20201030,1.3700,1.3900,1.3420,1.3620,98610
FASING,20201030,9.3000,9.3000,9.0000,9.2000,4952
FEERUM,20201030,11.6500,11.6500,11.2000,11.2000,10
FERRO,20201030,17.0000,17.0000,16.3500,16.4000,39864
FERRUM,20201030,3.5000,3.5000,3.3000,3.3000,98
FON,20201030,0.0960,0.1040,0.0925,0.1040,391078
FORTE,20201030,36.0000,36.0000,35.5000,35.7500,44020
GAMEOPS,20201030,21.7600,21.7600,20.1000,20.2800,3816
GAMFACTOR,20201030,13.7000,14.3800,13.0600,14.3800,5453
GAMFACTOR-PDA,20201030,14.7980,14.7980,12.9720,13.5000,5537
GETIN,20201030,0.7000,0.7100,0.6800,0.7050,69032
GETINOBLE,20201030,0.1640,0.1640,0.1590,0.1616,301659
GLCOSMED,20201030,5.7500,6.1000,5.5500,5.7500,89374
GPW,20201030,45.1000,45.3500,43.0500,43.0500,75216
GROCLIN,20201030,0.8540,0.9200,0.8300,0.9180,11215
GRODNO,20201030,9.2800,9.2800,8.8000,9.0000,93153
GRUPAAZOTY,20201030,20.5000,21.3500,20.3500,20.5000,103189
GTC,20201030,5.4000,5.5800,5.4000,5.4200,59221
HANDLOWY,20201030,28.0000,28.0000,27.5000,27.6000,6233
HARPER,20201030,16.7000,16.7000,13.6500,14.7500,128984
HELIO,20201030,10.0000,10.0000,9.8000,9.8000,1098
HERKULES,20201030,1.1300,1.1950,1.1050,1.1950,47243
HUBSTYLE,20201030,0.9500,0.9500,0.9500,0.9500,2
HYDROTOR,20201030,27.6000,27.6000,26.6000,27.2000,539
I2DEV,20201030,9.9000,9.9000,9.9000,9.9000,2
IALBGR,20201030,0.2580,0.2580,0.2440,0.2440,4279
IDEABANK,20201030,1.3680,1.4680,1.3680,1.4280,27972
IDMSA,20201030,0.8550,0.8550,0.8550,0.8550,10
IFIRMA,20201030,4.0500,4.0500,4.0200,4.0200,3058
IMCOMPANY,20201030,12.2000,12.2500,12.0000,12.0000,1085
IMMOBILE,20201030,2.3500,2.3500,2.2300,2.3500,29
IMPERA,20201030,1.0300,1.0400,1.0300,1.0400,479
IMS,20201030,1.9600,1.9600,1.9000,1.9500,12068
INC,20201030,6.4600,6.4600,5.8600,6.4000,165346
INGBSK,20201030,102.0000,105.2000,99.8000,102.6000,12446
INPRO,20201030,4.5800,4.5800,4.4200,4.4400,102
INSTALKRK,20201030,18.3000,18.3000,17.8000,18.3000,5121
INTERAOLT,20201030,14.6000,14.6000,14.0000,14.0000,13698
INTERCARS,20201030,202.0000,208.0000,202.0000,202.0000,956
INTERFERI,20201030,3.0800,3.0800,3.0800,3.0800,45
INTERSPPL,20201030,0.8300,0.8300,0.8100,0.8100,4200
INTLALE35055,20201030,28.7500,29.1500,24.5000,24.5000,1502
INTLALE35089,20201030,38.8000,38.8000,38.8000,38.8000,100
INTLALE35097,20201030,40.0000,40.0000,40.0000,40.0000,50
INTLALE35188,20201030,20.1000,20.5000,20.1000,20.5000,98
INTLBCO31179,20201030,67.1000,67.1000,67.1000,67.1000,50
INTLBCO31294,20201030,95.0000,95.0000,95.0000,95.0000,100
INTLBCO31633,20201030,20.8500,20.8500,20.8500,20.8500,52
INTLBCO31641,20201030,24.0000,24.0000,21.0000,21.8000,1309
INTLBCO31658,20201030,27.7500,28.0000,25.2500,25.2500,2299
INTLBCO31666,20201030,29.6000,29.6000,29.6000,29.6000,80
INTLBCO31914,20201030,15.0000,15.0000,15.0000,15.0000,10
INTLBCO31997,20201030,13.8400,13.8400,10.6200,10.6200,9222
INTLCCC28977,20201030,1.8900,1.9100,1.8600,1.8600,10000
INTLCCC31005,20201030,1.0100,1.2000,1.0000,1.1100,15000
INTLCDR22277,20201030,25.1000,25.1000,25.1000,25.1000,100
INTLCDR22848,20201030,18.0200,18.0200,18.0200,18.0200,100
INTLCDR28951,20201030,15.4600,15.4600,15.4600,15.4600,95
INTLCDR28969,20201030,16.3600,16.3600,16.3600,16.3600,50
INTLCDR30478,20201030,9.7500,9.7500,8.8300,8.9400,846
INTLCDR30486,20201030,10.3800,10.3800,9.8200,9.8600,3700
INTLCDR30494,20201030,12.3800,12.3800,11.8800,11.8800,174
INTLCDR30718,20201030,6.5300,6.5300,6.5300,6.5300,114
INTLCDR30726,20201030,8.4900,8.5900,7.5000,7.5000,8484
INTLDAX29934,20201030,104.0000,104.0000,104.0000,104.0000,20
INTLDAX30601,20201030,94.8000,94.8000,94.8000,94.8000,20
INTLDAX31542,20201030,47.8500,47.8500,47.8500,47.8500,20
INTLDAX31872,20201030,24.8500,29.1500,24.8500,28.5000,380
INTLDAX31880,20201030,38.4000,40.6000,36.0000,38.0000,595
INTLDAX32193,20201030,14.8800,21.2000,14.6000,17.0000,22387
INTLDNP34710,20201030,3.9100,3.9100,3.9100,3.9100,1000
INTLDOW34348,20201030,44.6500,51.6000,36.8500,36.8500,400
INTLESX32201,20201030,14.6000,14.6000,14.6000,14.6000,12
INTLEUD24364,20201030,49.7000,49.7000,49.7000,49.7000,26
INTLEUD33837,20201030,18.5000,18.5000,18.5000,18.5000,22
INTLEUD33860,20201030,13.2000,13.9000,13.2000,13.9000,196
INTLEUR25650,20201030,49.0500,49.0500,49.0500,49.0500,150
INTLEUR27599,20201030,33.3000,33.3000,33.3000,33.3000,150
INTLEUR34603,20201030,25.0000,25.9000,25.0000,25.2000,1676
INTLGLD09746,20201030,259.0000,259.0000,259.0000,259.0000,4
INTLGLD21873,20201030,301.0000,301.0000,301.0000,301.0000,5
INTLGLD22525,20201030,246.0000,246.0000,246.0000,246.0000,10
INTLGLD31310,20201030,106.8000,111.4000,106.8000,111.4000,18
INTLGLD33100,20201030,69.0000,75.2000,69.0000,75.2000,48
INTLGLD33456,20201030,27.9500,33.6500,25.6500,27.6000,4480
INTLGLD33464,20201030,42.7500,48.5000,41.7000,44.7000,414
INTLJSW28993,20201030,6.4300,6.4300,6.0000,6.0000,5400
INTLJSW30569,20201030,7.0900,7.2100,7.0900,7.2100,405
INTLJSW32136,20201030,3.4700,3.7000,2.9700,2.9700,4350
INTLKGH33936,20201030,17.5800,17.5800,17.5800,17.5800,5
INTLLTS34702,20201030,4.8600,5.5300,4.8600,5.5300,370
INTLNAG33076,20201030,3.6600,3.6600,3.5600,3.5600,290
INTLNDX31047,20201030,126.2000,126.2000,126.2000,126.2000,12
INTLNDX33167,20201030,53.1000,53.7000,52.7000,53.7000,8000
INTLNDX33621,20201030,37.7500,37.7500,35.0000,35.0000,118
INTLNDX34892,20201030,16.6800,19.2600,12.7600,12.7600,442
INTLPAL25031,20201030,296.0000,296.0000,296.0000,296.0000,3
INTLPGE32029,20201030,0.5000,0.5000,0.5000,0.5000,100
INTLPGE32037,20201030,0.7500,0.7500,0.7000,0.7000,500
INTLPGN32102,20201030,1.1000,1.1000,0.9000,0.9000,7000
INTLPGN32615,20201030,0.4200,0.4200,0.4200,0.4200,1000
INTLPKN04101,20201030,7.7400,7.7400,7.2400,7.2400,1000
INTLPKN04119,20201030,9.3500,9.3500,9.3500,9.3500,500
INTLPKN05496,20201030,5.6300,5.6300,4.9300,4.9300,1541
INTLPKO29405,20201030,3.4800,3.4800,3.4800,3.4800,1641
INTLPKO29413,20201030,5.5000,5.5500,5.3100,5.4400,4491
INTLPKO30395,20201030,1.8600,1.8600,1.8600,1.8600,1000
INTLPKO30403,20201030,2.8600,2.8600,2.5700,2.5700,3000
INTLPLA29744,20201030,8.8000,8.8000,8.8000,8.8000,100
INTLPLA31757,20201030,4.2800,4.3800,4.2400,4.2400,950
INTLPLA33084,20201030,3.3000,3.3000,3.3000,3.3000,100
INTLPZU15610,20201030,2.4400,2.7500,2.1100,2.7500,3810
INTLPZU15800,20201030,3.6300,4.0200,3.6300,4.0200,1717
INTLSLV29330,20201030,60.5000,60.5000,60.5000,60.5000,20
INTLSLV33043,20201030,25.5000,25.5000,25.5000,25.5000,5
INTLSLV33340,20201030,11.5000,11.5000,11.5000,11.5000,245
INTLSLV33357,20201030,14.0000,15.3600,14.0000,15.0000,600
INTLSLV33365,20201030,18.4200,18.4200,18.4200,18.4200,20
INTLSLV33373,20201030,20.8000,20.8000,20.8000,20.8000,12
INTLSLV33381,20201030,24.0000,24.0000,24.0000,24.0000,100
INTLSLV34967,20201030,7.4800,9.4200,7.4800,8.5000,1780
INTLSPX30031,20201030,44.6000,44.6000,43.4000,43.4000,135
INTLSPX32862,20201030,20.2000,20.3000,20.2000,20.3000,80
INTLSPX34900,20201030,5.1000,6.4000,4.2300,4.2300,3624
INTLTNF25320,20201030,85.5000,85.5000,85.5000,85.5000,22
INTLTNF34090,20201030,45.0000,45.0000,45.0000,45.0000,23
INTLUSD20602,20201030,42.4500,43.3500,41.7000,43.1500,1052
INTLUSD20610,20201030,48.4000,48.4000,48.4000,48.4000,35
INTLUSD20826,20201030,53.5000,53.5000,53.5000,53.5000,10
INTLUSD20842,20201030,58.0000,59.3000,58.0000,59.3000,151
INTLUSD21170,20201030,37.4500,38.3000,37.2000,37.8500,5370
INTLUSD34256,20201030,31.8500,31.8500,31.5500,31.5500,285
INTLUSD34637,20201030,26.5500,27.5500,25.5500,26.9000,1275
INTLUSD35204,20201030,21.2500,21.6000,20.6000,21.5000,7595
INTLUSJ16220,20201030,18.2600,18.2600,18.2600,18.2600,25
INTLW2028597,20201030,5.1800,5.1800,5.1800,5.1800,150
INTLW2028613,20201030,6.2500,6.2500,6.0500,6.0500,410
INTLW2028647,20201030,7.9100,7.9100,7.9100,7.9100,100
INTLW2028670,20201030,1.9300,1.9300,1.9300,1.9300,1630
INTLW2028688,20201030,2.2500,2.2500,2.2500,2.2500,250
INTLW2028746,20201030,3.1000,3.1000,3.1000,3.1000,800
INTLW2028753,20201030,3.1400,3.1700,3.1400,3.1700,1100
INTLW2029892,20201030,1.1100,1.1100,0.9900,1.0000,3260
INTLW2029900,20201030,1.3300,1.3300,1.3300,1.3300,2100
INTLW2030577,20201030,0.6300,0.7700,0.5000,0.5100,13450
INTLW2030585,20201030,0.9200,0.9200,0.5500,0.7300,36930
INTLW2030593,20201030,1.0600,1.0600,0.8600,0.8600,1200
INTROL,20201030,2.8200,2.9400,2.8200,2.9200,11603
INTSALE35212,20201030,56.4000,60.9000,56.2000,60.0000,2315
INTSALE35220,20201030,67.9000,71.3000,67.9000,71.3000,110
INTSBCO34447,20201030,37.2500,39.2500,35.0000,39.1500,7645
INTSBCO34454,20201030,44.6500,44.6500,44.6500,44.6500,20
INTSCCC34207,20201030,5.0300,5.0300,4.7000,4.8700,9238
INTSCDR34124,20201030,21.8500,21.8500,21.8500,21.8500,100
INTSCDR34199,20201030,25.9500,25.9500,25.9500,25.9500,100
INTSCDR34249,20201030,17.3400,18.5000,17.3400,18.5000,240
INTSCDR34801,20201030,13.6200,14.8000,13.5600,14.7600,8749
INTSDAX25783,20201030,109.6000,109.6000,105.2000,105.2000,3380
INTSDAX25825,20201030,124.0000,124.0000,124.0000,124.0000,5
INTSDAX26591,20201030,132.4000,134.0000,132.2000,133.6000,66
INTSDAX26609,20201030,147.6000,147.6000,145.0000,147.2000,498
INTSDAX34330,20201030,97.8000,97.8000,92.6000,95.4000,665
INTSDAX35022,20201030,85.7000,86.3000,78.9000,82.3000,12309
INTSDAX35113,20201030,61.8000,61.8000,54.9000,59.2000,34991
INTSDAX35121,20201030,72.7000,72.7000,72.7000,72.7000,20
INTSDNP34074,20201030,6.9200,6.9200,6.9200,6.9200,2400
INTSDNP34082,20201030,9.0100,9.2300,8.8100,8.8500,1300
INTSDOW24067,20201030,151.2000,157.0000,143.0000,153.0000,503
INTSDOW33274,20201030,183.2000,183.2000,183.2000,183.2000,10
INTSDOW34371,20201030,468.5000,468.5000,468.5000,468.5000,2
INTSESX28878,20201030,27.9500,28.7000,27.4500,28.7000,1451
INTSESX35139,20201030,20.2500,20.2500,19.6200,19.6200,36
INTSEUD21246,20201030,23.3000,23.9500,22.6000,23.9500,1106
INTSEUR29686,20201030,33.6000,33.6000,33.6000,33.6000,50
INTSEUR34611,20201030,38.6000,38.6000,38.6000,38.6000,300
INTSGBU26971,20201030,49.0500,49.0500,49.0500,49.0500,50
INTSGBU31831,20201030,32.9500,32.9500,30.5000,32.4000,426
INTSGLD33324,20201030,135.6000,135.6000,135.6000,135.6000,3
INTSGLD34504,20201030,78.2000,78.2000,72.0000,74.8000,50
INTSHSC30650,20201030,19.1200,19.1200,19.1200,19.1200,6
INTSKGH35154,20201030,42.0000,43.8500,41.7000,41.7000,1775
INTSNDX33225,20201030,70.9000,75.9000,64.5000,75.3000,5859
INTSNDX33233,20201030,82.7000,90.5000,82.7000,90.5000,18
INTSNDX33241,20201030,98.5000,104.6000,98.5000,104.6000,54
INTSNDX33258,20201030,118.2000,122.0000,118.2000,122.0000,100
INTSNDX33647,20201030,173.6000,173.6000,173.6000,173.6000,50
INTSNDX35147,20201030,57.5000,62.9000,52.7000,62.5000,2241
INTSNKX27086,20201030,96.1000,96.1000,96.1000,96.1000,4
INTSOPL09423,20201030,2.7500,2.7500,2.7500,2.7500,640
INTSPAL27805,20201030,196.2000,196.2000,196.2000,196.2000,5
INTSPGE34157,20201030,4.1100,4.1100,4.1100,4.1100,50
INTSPKN27300,20201030,60.9000,60.9000,60.9000,60.9000,32
INTSPKN34173,20201030,29.8500,30.6500,29.8500,30.6500,204
INTSPKO32300,20201030,12.0600,12.3200,11.8000,12.2000,680
INTSPZU34165,20201030,17.2200,17.2200,17.1000,17.1000,118
INTSSLV33696,20201030,29.8000,29.8000,29.8000,29.8000,75
INTSSLV35030,20201030,13.9600,13.9600,13.1800,13.1800,400
INTSSPX34140,20201030,28.1000,29.0000,26.5000,29.0000,603
INTSSPX34215,20201030,40.0000,41.5000,40.0000,41.5000,45
INTSSPX34413,20201030,22.0000,22.5000,20.9000,22.3000,6251
INTSSPX34421,20201030,47.1500,47.1500,47.1500,47.1500,20
INTSSPX34439,20201030,53.8000,55.5000,53.8000,55.5000,22
INTSTNF34108,20201030,36.9500,36.9500,36.9500,36.9500,50
INTSUSD30064,20201030,34.1000,34.1000,34.1000,34.1000,37
INTSUSD32698,20201030,15.0200,15.0200,14.4000,14.4000,52
INTSVOW08904,20201030,32.6500,32.6500,32.6500,32.6500,65
INTSW2019307,20201030,9.8400,9.8400,9.8400,9.8400,300
INTSW2024257,20201030,7.8300,7.8300,7.8300,7.8300,1336
INTSW2027391,20201030,5.9700,5.9700,5.9700,5.9700,300
INTSW2027409,20201030,6.3500,6.3500,6.3500,6.3500,330
INTSW2028464,20201030,4.2100,4.3800,4.1700,4.3800,6500
INTSW2028472,20201030,4.9000,5.0000,4.9000,5.0000,5610
INTSW2028480,20201030,5.3100,5.3100,5.3100,5.3100,1539
INTSW2034264,20201030,3.1500,3.3900,3.1500,3.2700,39550
INTSW2034272,20201030,3.2800,3.6000,3.2800,3.4800,2269
INTSW2034280,20201030,3.7300,3.7300,3.7200,3.7200,1930
INTSW2034298,20201030,3.7900,4.0600,3.7900,4.0600,7234
INTSW2034306,20201030,4.0400,4.0400,4.0400,4.0400,635
INTSW2034991,20201030,2.4900,2.7400,2.3400,2.6200,77334
INTSW2035006,20201030,2.7000,2.9100,2.5500,2.8400,36150
INTSW2035014,20201030,2.9000,3.0300,2.9000,3.0300,4000
INTSW2035105,20201030,2.2800,2.5300,2.2000,2.3900,72545
INVISTA,20201030,0.3300,0.3300,0.3300,0.3300,20
INVPEFIZ,20201030,860.0000,864.0000,860.0000,864.0000,12
IPOPEMA,20201030,3.3400,3.4000,3.3000,3.4000,10010
ITMTRADE,20201030,0.1395,0.1400,0.1260,0.1400,4401
IZOBLOK,20201030,28.1000,29.9000,28.1000,29.9000,233
IZOLACJA,20201030,1.4700,1.4700,1.4700,1.4700,10
IZOSTAL,20201030,2.1000,2.1200,1.9600,2.1200,27908
JSW,20201030,15.2000,15.7000,14.8450,15.1900,1088077
JWCONSTR,20201030,2.8900,3.1000,2.7800,3.1000,13005
K2INTERNT,20201030,17.1000,17.1000,15.8000,16.6000,4256
KCI,20201030,0.6120,0.6500,0.6000,0.6500,17700
KERNEL,20201030,38.3000,38.7000,38.2500,38.5000,10052
KETY,20201030,421.5000,421.5000,407.0000,410.0000,8307
KGHM,20201030,115.0000,118.2500,114.0500,118.1500,610761
KGL,20201030,14.8500,14.8500,14.7500,14.8500,1945
KINOPOL,20201030,6.2000,6.2500,6.0000,6.2500,27775
KOGENERA,20201030,32.0000,34.6000,32.0000,33.0000,10174
KOMPAP,20201030,7.5500,7.5500,7.5500,7.5500,2001
KOMPUTRON,20201030,1.7200,1.9500,1.6500,1.7450,109675
KPPD,20201030,25.2000,25.2000,25.2000,25.2000,1
KREC,20201030,7.2000,7.2000,6.6200,6.7200,1371
KREDYTIN,20201030,11.5000,11.5000,11.5000,11.5000,5
KRKA,20201030,362.0000,362.0000,358.0000,358.0000,55
KRUK,20201030,119.8000,122.6000,112.1000,112.6000,16805
KRUSZWICA,20201030,51.4000,52.0000,51.0000,52.0000,1447
KRVITAMIN,20201030,22.0000,23.0000,20.6000,23.0000,24430
KSGAGRO,20201030,1.0300,1.1200,1.0300,1.1200,8860
LABOPRINT,20201030,10.0500,10.0500,9.8600,9.8600,10
LARQ,20201030,1.8500,1.9400,1.8450,1.9400,8352
LENA,20201030,3.3000,3.3700,3.2900,3.3000,9343
LENTEX,20201030,9.1000,9.1000,8.8200,8.8200,2523
LIBET,20201030,2.0900,2.0900,2.0900,2.0900,5
LIVECHAT,20201030,97.4000,98.2000,94.7000,95.4000,25081
LMESFIZ,20201030,1015.0000,1015.0000,1015.0000,1015.0000,10
LOKUM,20201030,11.2000,11.8000,11.2000,11.8000,903
LOTOS,20201030,26.6500,27.9400,26.6500,27.8800,667747
LPP,20201030,5350.0000,5390.0000,5155.0000,5240.0000,1940
LSISOFT,20201030,11.4000,11.4500,11.4000,11.4000,1000
LUBAWA,20201030,1.3000,1.3400,1.2650,1.3100,426822
MABION,20201030,25.9500,25.9500,21.1000,21.6000,156589
MAKARONPL,20201030,5.5000,5.6500,5.5000,5.6500,2460
MANGATA,20201030,41.0000,42.6000,41.0000,42.6000,68
MARVIPOL,20201030,4.7000,4.7000,4.6000,4.6400,11920
MASTERPHA,20201030,3.9200,3.9200,3.8000,3.8000,3196
MAXCOM,20201030,9.9200,9.9200,9.5000,9.7000,1702
MBANK,20201030,120.0000,121.0000,113.5000,115.5000,80024
MBWS,20201030,5.8600,5.8600,5.5000,5.5000,609
MCI,20201030,13.6000,13.6000,13.1500,13.1500,5297
MDIENERGIA,20201030,3.8000,3.8400,3.6300,3.7000,12422
MEDICALG,20201030,20.0000,20.0000,19.0000,19.6000,8292
MEDYCZNYFIZ,20201030,146.1000,146.1000,146.1000,146.1000,10
MENNICA,20201030,17.1000,17.2000,16.4000,16.4000,6294
MERCATOR,20201030,548.0000,552.0000,456.0000,481.0000,367582
MERCOR,20201030,9.1800,9.4800,9.1600,9.4800,3200
MEXPOLSKA,20201030,1.0900,1.1000,1.0000,1.1000,8115
MFO,20201030,17.7000,17.7000,16.0000,17.5000,35965
MILLENNIUM,20201030,2.1000,2.1600,2.0900,2.1600,1039568
MIRACULUM,20201030,1.0950,1.0950,1.0400,1.0700,4132
MIRBUD,20201030,1.8000,1.8150,1.7000,1.7600,257717
MLPGROUP,20201030,80.5000,80.5000,80.0000,80.5000,159
MLSYSTEM,20201030,61.8000,62.2000,60.0000,62.0000,25636
MOBRUK,20201030,370.0000,376.0000,348.0000,348.0000,160
MOL,20201030,19.2000,19.3200,19.2000,19.2500,201
MONNARI,20201030,1.4000,1.4350,1.4000,1.4350,895
MOSTALPLC,20201030,7.8800,8.1200,7.8600,7.8600,2605
MOSTALWAR,20201030,3.7800,3.9400,3.6000,3.7900,10544
MOSTALZAB,20201030,0.8000,0.8360,0.7960,0.8240,71360
MUZA,20201030,2.4000,2.4000,2.3000,2.3000,455
MWTRADE,20201030,1.4500,1.5600,1.4500,1.5600,4932
NANOGROUP,20201030,5.5000,7.0500,5.5000,6.5000,97919
NETIA,20201030,4.5100,4.5200,4.4500,4.4900,66220
NEUCA,20201030,539.0000,539.0000,523.0000,525.0000,4742
NEWAG,20201030,22.9000,22.9000,21.6000,21.8000,1046
NEXITY,20201030,16.1000,16.8000,16.1000,16.8000,94
NOVATURAS,20201030,7.0000,7.2000,7.0000,7.2000,2543
NOVAVISGR,20201030,1.6500,1.7000,1.5600,1.7000,7677
NOVITA,20201030,126.0000,126.0000,119.0000,121.0000,263
NTTSYSTEM,20201030,2.6500,2.6500,2.6400,2.6400,5
OAT,20201030,16.3000,16.3000,14.7000,15.5000,24212
ODLEWNIE,20201030,3.9500,3.9500,3.8100,3.8100,7858
OEX,20201030,15.0000,15.0000,14.5000,14.5000,1325
OPENFIN,20201030,0.7500,0.7500,0.7000,0.7300,991
OPONEO.PL,20201030,30.6000,31.4000,29.5000,30.0000,4643
OPTEAM,20201030,25.4000,27.0000,24.8000,27.0000,6456
ORANGEPL,20201030,6.0600,6.2300,6.0000,6.0800,2581829
ORZBIALY,20201030,9.8000,10.0000,9.8000,10.0000,940
OTLOG,20201030,4.3000,4.3000,4.3000,4.3000,1000
OTMUCHOW,20201030,1.2200,1.2200,1.2100,1.2100,1380
OVOSTAR,20201030,59.5000,64.5000,59.5000,64.5000,488
PAMAPOL,20201030,1.3000,1.3000,1.2000,1.2200,15024
PANOVA,20201030,9.3000,9.6800,9.3000,9.6800,147
PATENTUS,20201030,0.9000,0.9240,0.8800,0.9000,13582
PBKM,20201030,75.0000,76.0000,75.0000,76.0000,61
PCCEXOL,20201030,3.3400,3.3600,3.2000,3.2600,297029
PCCROKITA,20201030,41.9000,41.9000,40.7000,41.4000,3200
PEKABEX,20201030,13.4500,13.4500,13.0000,13.3500,5616
PEKAO,20201030,41.6000,42.4400,41.4000,42.2700,1085910
PEMANAGER,20201030,13.6500,13.7500,12.7000,13.2500,8973
PEP,20201030,41.4000,42.6000,41.0000,41.9000,3814
PEPEES,20201030,1.3600,1.3600,1.3000,1.3500,3013
PGE,20201030,4.4500,4.5880,4.2610,4.5100,4354697
PGNIG,20201030,4.1230,4.2830,4.0720,4.1700,6786803
PGO,20201030,0.9400,0.9400,0.9100,0.9400,10070
PGSSOFT,20201030,10.5500,10.5500,9.7200,10.0500,7014
PHARMENA,20201030,14.1000,14.1000,12.6000,13.1500,29368
PHN,20201030,8.9600,8.9600,8.8000,8.9200,5532
PKNORLEN,20201030,38.9700,38.9700,37.5500,38.1000,1513862
PKOBP,20201030,18.5100,18.9850,18.3950,18.9550,4643437
PKOGS,20201030,90.4400,90.4400,90.4400,90.4400,250
PKPCARGO,20201030,9.1800,9.2200,9.1000,9.1200,68828
PLASTBOX,20201030,1.7300,1.7550,1.7300,1.7500,11002
PLAY,20201030,38.7800,38.8600,38.7600,38.7800,4193207
PLAYWAY,20201030,536.0000,536.0000,508.0000,519.0000,7455
PLAZACNTR,20201030,1.5200,1.6500,1.5200,1.6500,919
PMPG,20201030,1.7200,1.7200,1.6000,1.6000,11630
POLICE,20201030,10.5000,10.9000,10.4000,10.9000,654
POLIMEXMS,20201030,1.6800,1.7180,1.6360,1.7160,124950
POLNORD,20201030,2.9950,2.9950,2.9000,2.9300,2694
POLWAX,20201030,2.6900,2.7200,2.6100,2.7200,10381
POLWAX-PDA,20201030,2.5600,2.6500,2.5000,2.5700,53031
POZBUD,20201030,1.9450,1.9450,1.8100,1.8550,54883
PRAGMAFA,20201030,17.0000,18.1000,16.9000,17.9000,4845
PRAGMAINK,20201030,7.4800,7.4800,7.4000,7.4600,1468
PRAIRIE,20201030,0.5420,0.5420,0.4915,0.5370,201595
PRIMETECH,20201030,1.0000,1.0000,1.0000,1.0000,5424
PROCHEM,20201030,18.4000,18.4000,17.8000,17.8000,39
PROJPRZEM,20201030,15.4500,15.4500,13.9500,14.5000,2289
PROTEKTOR,20201030,4.0000,4.2000,3.9800,4.1000,62124
PROVIDENT,20201030,3.0000,3.0000,2.9000,2.9700,8392
PULAWY,20201030,72.4000,73.0000,72.2000,72.4000,228
PUNKPIRAT,20201030,0.5150,0.5900,0.5150,0.5800,30454
PZU,20201030,20.8300,21.6000,20.6000,21.6000,3570628
QMULTIFIZ,20201030,1178.0000,1178.0000,1122.0000,1122.0000,83
QUERCUS,20201030,2.8000,2.8200,2.7600,2.8200,41031
R22,20201030,31.9000,31.9000,30.4000,30.6000,20008
RADPOL,20201030,2.3900,2.3900,2.3200,2.3200,3338
RAFAKO,20201030,0.6100,0.6260,0.5710,0.6190,876379
RAINBOW,20201030,10.5000,10.5000,10.1000,10.2500,11487
RANKPROGR,20201030,1.2500,1.2550,1.2050,1.2500,14904
RAWLPLUG,20201030,7.3200,7.4000,7.2600,7.2600,802
RCCOFFAOPEN1,20201030,2.6900,2.6900,2.6800,2.6800,620
RCCORAOPEN,20201030,6.3700,6.4500,6.3700,6.4500,469
RCEW200325,20201030,899.5000,899.5000,891.5000,891.5000,45
RCFL10GOLD,20201030,13.4000,14.3000,13.2600,13.9600,936
RCFL2CORN,20201030,3.9900,3.9900,3.9900,3.9900,4
RCFL2PKN1,20201030,3.2200,3.2200,3.1900,3.1900,640
RCFL2PKO,20201030,13.1200,13.1200,13.1200,13.1200,15
RCFL2PZU1,20201030,5.1500,5.1500,5.1500,5.1500,38
RCFL2SILVE2,20201030,18.2000,18.2000,18.2000,18.2000,200
RCFL3ALR1,20201030,2.7400,2.7400,2.7400,2.7400,1000
RCFL3CCC,20201030,0.0300,0.0300,0.0300,0.0300,1000
RCFL3CCC1,20201030,3.4300,3.5300,3.4300,3.5300,1200
RCFL3CDPRO1,20201030,56.1000,56.8000,52.3000,53.5000,393
RCFL3ENA,20201030,1.7600,1.7600,1.7600,1.7600,6500
RCFL3EUH,20201030,0.4800,0.4800,0.4800,0.4800,2500
RCFL3JSW,20201030,0.1600,0.1600,0.1400,0.1500,694155
RCFL3JSW1,20201030,5.0000,5.0400,4.9600,4.9600,1400
RCFL3KGH,20201030,3.0500,3.0500,3.0500,3.0500,8000
RCFL3LPP,20201030,40.0000,40.0000,40.0000,40.0000,50
RCFL3LTS1,20201030,0.1000,0.1100,0.1000,0.1100,5001
RCFL3MBK,20201030,0.5000,0.5100,0.4500,0.4700,40174
RCFL3MSFIN,20201030,0.6900,0.7000,0.6900,0.7000,11870
RCFL3MWIG40,20201030,3.8800,3.8800,3.8800,3.8800,440
RCFL3OIL2,20201030,1.0500,1.0500,1.0500,1.0500,1646
RCFL3PALL3,20201030,1.0100,1.0100,1.0100,1.0100,1500
RCFL3PEO,20201030,0.4100,0.4300,0.4100,0.4300,13526
RCFL3PKN,20201030,4.3000,4.3000,4.0700,4.0700,2544
RCFL3PKO,20201030,1.5400,1.5400,1.4500,1.4900,2708
RCFL3PLW,20201030,8.5300,8.5300,8.1700,8.1700,400
RCFL3PZU,20201030,4.9000,5.4500,4.9000,5.4500,586
RCFL3RDGB,20201030,0.3200,0.3200,0.3200,0.3200,70
RCFL3SILVE,20201030,5.7700,6.0700,5.7700,6.0700,800
RCFL3SILVE3,20201030,16.4800,17.4000,16.4800,16.7800,350
RCFL3TPE,20201030,2.8200,2.9300,2.7500,2.9300,14450
RCFL3W20,20201030,14.0800,14.0800,14.0200,14.0800,150
RCFL4CDPRO,20201030,24.6500,24.9000,20.4000,20.4000,7899
RCFL4CDPRO1,20201030,4.2400,4.2400,3.5100,3.5100,3333
RCFL4ESX,20201030,95.2000,95.2000,95.2000,95.2000,15
RCFL4GAMES,20201030,60.5000,60.5000,60.4000,60.4000,246
RCFL4GOLD,20201030,24.1500,24.1500,24.1500,24.1500,600
RCFL4KGH,20201030,2.8200,2.9200,2.8200,2.9200,730
RCFL4PEO1,20201030,1.9000,1.9000,1.9000,1.9000,1000
RCFL4PKN1,20201030,0.6800,0.6800,0.6800,0.6800,2000
RCFL4PKO,20201030,0.1300,0.1300,0.1200,0.1300,16818
RCFL4PKO1,20201030,2.9200,2.9200,2.9200,2.9200,3250
RCFL4SILVE1,20201030,6.1600,6.1600,6.1600,6.1600,100
RCFL4SILVE2,20201030,8.1000,8.4500,8.1000,8.4500,500
RCFL4TOTF,20201030,0.2100,0.2100,0.2100,0.2100,3
RCFL5ALE,20201030,34.3500,34.3500,24.5500,25.3500,1637
RCFL5FW20,20201030,0.2600,0.2600,0.2400,0.2400,11000
RCFL5FW202,20201030,0.2800,0.2800,0.2800,0.2800,100
RCFL5PALL2,20201030,0.3200,0.3200,0.3100,0.3100,6000
RCFL5SILVE,20201030,1.3000,1.3200,1.3000,1.3200,2400
RCFL5SOY,20201030,9.8500,9.9500,9.8500,9.9500,5
RCFL5SUGA1,20201030,1.2700,1.2700,1.2000,1.2700,6000
RCFL5W20,20201030,4.9900,5.0000,4.8800,5.0000,6000
RCFL5WHT,20201030,5.0600,5.0600,5.0600,5.0600,2
RCFL6CORN,20201030,1.7200,1.7200,1.7200,1.7200,2000
RCFL6FW20,20201030,4.1500,4.1500,4.1500,4.1500,100
RCFL6FW201,20201030,0.1900,0.1900,0.1900,0.1900,4000
RCFL6PLAT2,20201030,2.9400,2.9400,2.9100,2.9100,2500
RCFL6SILVE,20201030,1.5700,1.5700,1.5700,1.5700,2000
RCFL6SUGA,20201030,1.9900,2.0600,1.8000,2.0200,8701
RCFL6W201,20201030,0.1400,0.1400,0.1300,0.1400,82000
RCFL6WHT,20201030,12.0000,12.0000,12.0000,12.0000,1
RCFL8COPP1,20201030,3.7700,3.7700,3.7700,3.7700,1499
RCFS10OIL2,20201030,10.2800,12.2000,10.2800,12.2000,1000
RCFS1COFF,20201030,14.5000,14.5000,14.5000,14.5000,10
RCFS2KGH,20201030,5.0900,5.0900,5.0900,5.0900,2500
RCFS2PKN,20201030,7.8500,7.8500,7.8500,7.8500,500
RCFS2PZU,20201030,27.3500,27.3500,27.3000,27.3000,200
RCFS2W20,20201030,80.0000,80.0000,80.0000,80.0000,600
RCFS3ALR,20201030,90.3000,90.3000,90.3000,90.3000,10
RCFS3ALR1,20201030,14.3400,14.3400,14.3400,14.3400,50
RCFS3CCC1,20201030,17.3600,17.5000,14.3600,14.3600,5220
RCFS3CDPRO,20201030,4.4200,4.4900,4.4200,4.4900,13632
RCFS3CDPRO2,20201030,0.1400,0.1400,0.1400,0.1400,900
RCFS3FDX,20201030,7.0600,7.1000,6.9400,7.1000,8403
RCFS3GAMES,20201030,1.3200,1.3200,1.3200,1.3200,500
RCFS3KGH,20201030,0.2600,0.2700,0.2500,0.2500,121400
RCFS3MWIG40,20201030,12.5600,12.7200,12.5600,12.5600,900
RCFS3PALL4,20201030,1.5600,1.5600,1.5600,1.5600,20201
RCFS3PGE,20201030,3.3200,3.6000,3.2500,3.2500,14820
RCFS3PGN,20201030,8.3700,8.3700,8.3700,8.3700,700
RCFS3PKN,20201030,0.6400,0.6400,0.6300,0.6300,15000
RCFS3PZU,20201030,6.3900,6.9300,6.3900,6.9300,1900
RCFS3TPE,20201030,1.6400,1.7500,1.6400,1.7500,25287
RCFS3W20,20201030,46.3000,48.3500,45.9000,47.8500,1413
RCFS4CDPRO,20201030,0.0300,0.0300,0.0300,0.0300,4900
RCFS4CDPRO1,20201030,2.7600,2.9600,2.7600,2.9600,6368
RCFS4KGH,20201030,0.1100,0.1500,0.1100,0.1500,1259
RCFS4KGH1,20201030,15.9800,15.9800,15.6400,15.6400,550
RCFS4PALL4,20201030,0.3300,0.3300,0.3300,0.3300,2700
RCFS4PKO,20201030,22.0500,22.0500,22.0500,22.0500,50
RCFS4PZU,20201030,31.2500,31.2500,28.8500,28.8500,88
RCFS5CORN,20201030,4.2600,4.2600,4.2600,4.2600,50
RCFS5FW20,20201030,8.5800,9.1800,8.5800,8.8700,11209
RCFS5NAG3,20201030,4.6200,4.6200,4.3800,4.3800,1000
RCFS6COFF,20201030,0.2700,0.2700,0.2700,0.2700,90
RCFS6COFF2,20201030,1.8800,1.8800,1.8800,1.8800,12
RCFS6FW201,20201030,8.8500,9.4200,8.8500,9.4200,480
RCFS6OIL3,20201030,12.8400,13.6200,12.8400,13.6200,740
RCFS6SUGA,20201030,1.1700,1.1700,1.1700,1.1700,1200
RCFS6W201,20201030,7.8200,8.4300,7.4900,8.1000,18909
RCFS7GOLD,20201030,1.2300,1.2300,1.2300,1.2300,4040
RCFS8COPP1,20201030,1.1000,1.1500,1.1000,1.1500,10000
RCFS8OIL2,20201030,13.9200,13.9200,13.9200,13.9200,28
RCFS9OIL,20201030,11.2800,11.8800,11.2800,11.8800,212
RCGLDAOPEN,20201030,740.0000,740.0000,740.0000,740.0000,10
RCLNAGOPEN,20201030,1.9000,1.9000,1.9000,1.9000,1800
RCRBSPX0822,20201030,654.0000,654.0000,654.0000,654.0000,4
RCSUGAOPEN,20201030,2.4400,2.4400,2.4400,2.4400,1000
RCTSSOY05,20201030,6.6600,6.6600,6.6600,6.6600,1076
REDAN,20201030,0.1400,0.1580,0.1400,0.1580,264
REINO,20201030,1.4800,1.4800,1.4800,1.4800,2
RELPOL,20201030,4.8000,4.8900,4.4500,4.7400,40382
REMAK,20201030,10.0000,10.0000,10.0000,10.0000,191
RONSON,20201030,1.3800,1.4000,1.2600,1.3100,36191
ROPCZYCE,20201030,19.4000,19.4000,19.1000,19.2500,1394
RYVU,20201030,51.2000,51.2000,49.6000,50.0000,27518
SANOK,20201030,12.2000,12.2000,11.7000,12.0000,25045
SANPL,20201030,123.2000,126.9000,120.0000,123.0000,131645
SANTANDER,20201030,7.6670,7.9930,7.3000,7.9930,9538
SANWIL,20201030,4.4000,4.4000,4.1000,4.1200,183558
SECOGROUP,20201030,13.6000,13.6000,13.6000,13.6000,373
SEKO,20201030,8.2000,8.2000,8.1500,8.2000,1352
SELENAFM,20201030,14.0000,14.4000,13.6000,14.4000,1268
SELVITA,20201030,41.0000,41.2000,39.2000,40.7000,29900
SERINUS,20201030,0.3140,0.3280,0.3140,0.3280,9026
SESCOM,20201030,26.4000,26.4000,26.4000,26.4000,1
SFINKS,20201030,0.2390,0.2540,0.2000,0.2500,95110
SILVAIR-REGS,20201030,8.7500,8.7500,8.7500,8.7500,17
SIMPLE,20201030,11.0000,11.0000,10.8000,10.9000,507
SKARBIEC,20201030,22.5000,22.5000,21.7000,22.5000,1323
SKOTAN,20201030,1.6650,1.7500,1.5600,1.6800,17024
SKYLINE,20201030,0.7200,0.7200,0.7200,0.7200,20
SLEEPZAG,20201030,0.4180,0.4180,0.4140,0.4140,1479
SNIEZKA,20201030,86.0000,86.0000,85.6000,85.6000,16
SOLAR,20201030,2.7000,2.9700,2.6100,2.6200,6680
SONEL,20201030,9.2500,9.3000,9.2000,9.3000,540
SOPHARMA,20201030,11.5000,12.4000,11.0000,11.9000,3337
STALEXP,20201030,2.6500,2.7000,2.6300,2.6800,56790
STALPROD,20201030,162.0000,163.0000,157.4000,157.4000,1003
STALPROFI,20201030,4.7200,4.7200,4.5400,4.6300,16777
STARHEDGE,20201030,0.4190,0.4200,0.4190,0.4200,3133
SUNEX,20201030,3.5700,3.7000,3.4100,3.5200,33922
SUWARY,20201030,16.7000,16.7000,16.7000,16.7000,5
SWISSMED,20201030,3.2500,3.3900,3.2400,3.3900,3473
SYGNITY,20201030,6.6000,6.7800,6.4200,6.7800,19821
SYNEKTIK,20201030,23.6000,23.6000,22.0000,23.3000,9969
TALEX,20201030,10.9500,10.9500,10.8000,10.9500,1104
TATRY,20201030,149.0000,153.0000,136.0000,151.0000,155
TAURONPE,20201030,1.7880,1.7880,1.6900,1.7350,4852435
TBULL,20201030,22.2000,22.2000,20.0000,20.9000,11074
TERMOREX,20201030,0.9300,0.9300,0.9100,0.9100,11700
TESGAS,20201030,3.5200,3.6400,3.4200,3.4600,20207
TIM,20201030,13.4500,13.5500,13.2500,13.5000,206595
TORPOL,20201030,9.0400,9.2000,8.9400,9.1600,22069
TOWERINVT,20201030,13.4000,13.5000,13.0000,13.5000,1495
TOYA,20201030,6.7200,6.7600,6.2200,6.7600,34543
TRAKCJA,20201030,1.2400,1.2500,1.2020,1.2380,27132
TRANSPOL,20201030,2.6900,2.7000,2.6900,2.7000,775
TRIGONPP,20201030,41.1100,41.1100,40.0300,40.0800,784
TRIGONPP1,20201030,41.0000,41.0000,41.0000,41.0000,2
TRIGONPP3,20201030,42.0000,42.0000,42.0000,42.0000,24
TRIGONPP5,20201030,42.0000,42.0000,42.0000,42.0000,24
TRIGONPP7,20201030,40.5000,40.5000,40.5000,40.5000,41
TRITON,20201030,2.2000,2.2000,2.0700,2.0700,29024
TSGAMES,20201030,642.0000,642.0000,625.0000,632.0000,15271
ULMA,20201030,47.2000,47.2000,43.0000,45.8000,197
ULTGAMES,20201030,27.4000,27.4000,25.6500,26.0000,11911
UNIBEP,20201030,6.7000,6.9000,6.7000,6.9000,487
UNICREDIT,20201030,29.1300,29.1300,29.1300,29.1300,300
UNIMOT,20201030,25.1000,25.5000,23.3000,23.8000,29465
URSUS,20201030,0.8600,0.9400,0.6400,0.6400,6919066
VENTUREIN,20201030,1.5500,1.5500,1.5100,1.5100,1520
VIGOSYS,20201030,505.0000,510.0000,486.0000,500.0000,939
VINDEXUS,20201030,4.1400,4.2400,4.1400,4.2400,4221
VISTAL,20201030,2.3800,2.3800,2.1600,2.2850,6765
VIVID,20201030,1.7200,1.7200,1.6500,1.6900,43930
VOTUM,20201030,10.3500,10.3500,10.0500,10.2500,20423
VOXEL,20201030,41.9000,45.8000,41.5000,43.6000,15502
VRG,20201030,2.1000,2.1000,1.9920,1.9980,828555
WARIMPEX,20201030,4.4400,4.4400,4.4400,4.4400,227
WASKO,20201030,1.1400,1.1400,1.0850,1.1050,14524
WAWEL,20201030,532.0000,536.0000,532.0000,536.0000,153
WIELTON,20201030,3.4850,3.4850,3.3800,3.4700,15259
WIKANA,20201030,2.2000,2.2000,2.1400,2.2000,440
WIRTUALNA,20201030,73.6000,73.6000,71.0000,72.8000,4109
WITTCHEN,20201030,5.9000,6.0000,5.8600,5.8600,1286
WOJAS,20201030,3.8200,3.8200,3.7800,3.8200,400
WORKSERV,20201030,0.7500,0.7500,0.7100,0.7370,169216
XTB,20201030,16.1000,16.4000,15.4500,15.6000,769239
XTPL,20201030,69.8000,69.8000,64.0000,67.4000,1999
ZAMET,20201030,0.8500,0.8800,0.8200,0.8750,23405
ZASTAL,20201030,19.6000,21.4000,18.2000,21.0000,1981
ZEPAK,20201030,9.3000,9.5000,9.1800,9.5000,11327
ZPUE,20201030,125.0000,125.0000,118.0000,118.0000,549
ZREMB,20201030,0.6850,0.7100,0.6750,0.7050,3003
ZUE,20201030,3.0200,3.0400,2.9000,3.0200,13922
ZYWIEC,20201030,468.0000,468.0000,464.0000,468.0000,19
INVESTORMS,20201030,3532.3200,3532.3200,3526.1100,3526.1100,357975.588
MWIG40,20201030,3249.4300,3249.4300,3176.8600,3196.8400,292934.640
MWIG40DVP,20201030,63.1100,63.1100,63.1100,63.1100,292934.640
MWIG40TR,20201030,4303.7000,4303.7000,4208.6800,4234.0500,292934.640
SWIG80,20201030,12990.3200,12990.3200,12830.5000,12896.7000,32089.346
SWIG80DVP,20201030,270.7600,270.7600,270.7600,270.7600,32089.346
SWIG80TR,20201030,16781.6000,16781.6000,16582.2700,16660.6500,32089.346
WIG,20201030,44433.7500,44628.0800,43679.4100,44097.9800,1391191.169
WIG-BANKI,20201030,3113.6000,3164.8200,3100.9500,3155.9900,167335.691
WIG-BUDOW,20201030,2708.2100,2800.2200,2708.2100,2784.6000,4418.394
WIG-CEE,20201030,1039.6500,1039.6500,1033.6800,1033.6800,6358.911
WIG-CHEMIA,20201030,6051.5400,6147.9700,5971.8800,6028.6900,3042.005
WIG-ENERG,20201030,1470.7100,1480.5800,1417.9400,1460.8700,41670.668
WIG-ESG,20201030,7064.6400,7109.2400,6978.3000,7060.3000,1181594.783
WIG-GORNIC,20201030,3526.5000,3623.6500,3515.2100,3622.4400,88101.110
WIG-INFO,20201030,3555.7900,3576.9000,3521.8600,3548.5500,12077.514
WIG-LEKI,20201030,5512.0900,5512.0900,5105.9900,5236.5300,24446.798
WIG-MEDIA,20201030,4757.8400,4759.7300,4597.9300,4694.9600,673.305
WIG-MOTO,20201030,3294.4400,3339.5300,3287.2100,3320.1900,993.366
WIG-NRCHOM,20201030,1996.0600,2006.7200,1979.1400,1982.1000,1727.559
WIG-ODZIEZ,20201030,3117.0500,3162.8600,3049.7100,3091.7800,29381.886
WIG-PALIWA,20201030,3434.3000,3456.7600,3360.8400,3423.5100,104681.714
WIG-POLAND,20201030,45115.0300,45115.0300,44614.8300,45028.2300,1383751.522
WIG-SPOZYW,20201030,2910.5000,2915.0900,2883.6000,2906.6200,1852.999
WIG-TELKOM,20201030,853.0000,861.2400,851.5100,855.2600,192418.064
WIG-UKRAIN,20201030,336.3300,337.9200,335.6100,337.9200,1025.511
WIG.GAMES,20201030,32126.4100,32129.0400,31316.1800,31515.1200,215464.316
WIG.MS-BAS,20201030,7410.5000,7510.9800,7228.5800,7465.8700,119783.672
WIG.MS-FIN,20201030,4805.2900,4935.9700,4795.5900,4935.9700,230217.407
WIG.MS-PET,20201030,4661.3200,4706.2700,4579.4500,4664.8000,106820.648
WIG20,20201030,1528.7800,1535.2700,1496.7600,1515.9700,1050544.529
WIG20DVP,20201030,10.3700,10.3700,10.3700,10.3700,1050544.529
WIG20LEV,20201030,257.3600,259.5600,246.4800,253.0100,1050544.529
WIG20SHORT,20201030,4714.9400,4811.9200,4695.2800,4753.7400,1050544.529
WIG20TR,20201030,2784.0900,2807.6600,2743.9900,2776.5900,1050544.529
WIG30,20201030,1739.1600,1753.0600,1712.9000,1732.4700,1085592.144
WIG30TR,20201030,3136.1800,3136.1800,3097.7300,3131.3100,1085592.144
WIGDIV,20201030,904.6900,904.6900,886.4200,894.2600,110115.644
WIGTECH,20201030,13892.4200,13905.5000,13743.1500,13780.8000,0.000
