06MAGNA,20201005,1.0500,1.4000,1.0400,1.4000,1459502
11BIT,20201005,485.5000,485.5000,462.0000,462.0000,5200
4FUNMEDIA,20201005,4.9500,4.9500,4.8000,4.8400,9195
ABPL,20201005,28.4000,28.5000,28.0000,28.3000,1724
ACAUTOGAZ,20201005,40.9000,41.0000,40.9000,41.0000,49
ACTION,20201005,4.6400,4.6900,4.3300,4.4300,20641
ADIUVO,20201005,5.8800,6.4200,5.7400,6.4200,6050
AGORA,20201005,6.2000,6.2000,6.0000,6.1600,10258
AGROTON,20201005,3.9300,3.9400,3.7600,3.9400,10700
AIGAMES,20201005,21.7000,22.9000,21.7000,22.9000,12409
AILLERON,20201005,6.7800,7.0000,6.5000,6.5600,72812
AIRWAY,20201005,1.5650,1.8400,1.5600,1.7500,1978738
ALIOR,20201005,13.2900,13.5500,13.1650,13.3700,334212
ALTA,20201005,1.0300,1.1200,1.0200,1.1200,21609
ALTUSTFI,20201005,0.7500,0.9060,0.7500,0.9000,178307
ALUMETAL,20201005,35.5000,36.0000,35.5000,36.0000,116
AMBRA,20201005,18.6500,18.6500,18.2000,18.6500,4065
AMICA,20201005,133.6000,135.2000,132.6000,132.6000,1236
AMREST,20201005,18.9800,19.8800,18.9800,19.5000,152663
APATOR,20201005,20.4000,20.6000,20.4000,20.5000,2688
APLISENS,20201005,11.2000,11.2000,10.7000,11.1000,532
APSENERGY,20201005,1.7550,1.8350,1.7050,1.7500,5725
ARCHICOM,20201005,17.6000,17.8500,17.4000,17.4000,2816
ARCTIC,20201005,3.8400,3.8900,3.7600,3.8900,12531
ARTERIA,20201005,4.4800,4.4800,4.4800,4.4800,22
ARTIFEX,20201005,9.7800,9.7800,9.3400,9.3400,4399
ASBIS,20201005,4.9900,5.0900,4.8800,5.0900,193459
ASMGROUP,20201005,2.4000,2.4000,2.3000,2.3000,5000
ASSECOBS,20201005,33.2000,34.0000,33.2000,34.0000,1145
ASSECOPOL,20201005,67.0000,68.8000,67.0000,68.0000,43562
ASSECOSEE,20201005,45.9000,46.4000,45.2000,46.2000,30868
ASTARTA,20201005,17.2000,18.6000,17.2000,18.5000,34972
ATAL,20201005,32.5000,32.5000,31.8000,32.2000,735
ATENDE,20201005,3.0600,3.1000,3.0000,3.1000,7359
ATLANTAPL,20201005,5.9400,6.1000,5.9400,6.1000,1318
ATLANTIS,20201005,0.6800,0.6880,0.6800,0.6800,3488
ATLASEST,20201005,1.1900,1.2700,1.1900,1.2700,16058
ATMGRUPA,20201005,4.1900,4.1900,3.8300,3.8300,908563
ATREM,20201005,1.9300,1.9850,1.9200,1.9650,2996
AUTOPARTN,20201005,7.2200,7.2200,7.0400,7.1400,71588
BAHOLDING,20201005,0.4930,0.5300,0.4930,0.5170,46617
BBIDEV,20201005,3.4500,3.5000,3.4500,3.5000,230
BEDZIN,20201005,9.0000,9.0000,9.0000,9.0000,26
BENEFIT,20201005,720.0000,748.0000,714.0000,715.0000,135
BEST,20201005,16.7000,16.7000,16.7000,16.7000,1516
BETACOM,20201005,11.2500,11.2500,10.8500,10.8500,2760
BETAM40TR,20201005,50.2700,50.9100,50.2700,50.9100,1951
BETAW20LV,20201005,30.6700,31.4300,30.6700,31.4300,1372
BETAW20ST,20201005,431.9000,432.0000,426.2000,428.3000,375
BETAW20TR,20201005,29.1550,29.5500,29.1550,29.4750,4432
BIK,20201005,13.3000,13.3000,13.3000,13.3000,15
BIOMEDLUB,20201005,18.4000,19.4500,18.1000,18.8500,2687439
BIOTON,20201005,4.2600,4.3400,4.2350,4.2400,56763
BNPPBSK0825,20201005,963.5000,963.5000,963.5000,963.5000,380
BNPPENDL0722,20201005,1004.5000,1004.5000,1004.5000,1004.5000,400
BNPPPL,20201005,41.4000,42.6000,40.4000,42.0000,1813
BNPPSOGO1021,20201005,1067.5000,1067.5000,1067.5000,1067.5000,50
BNPPSOHU0923,20201005,971.0000,971.0000,971.0000,971.0000,5
BNPPSOLE0322,20201005,998.0000,998.0000,998.0000,998.0000,20
BNPPSOLED1221,20201005,1049.5000,1049.5000,1049.0000,1049.0000,300
BOGDANKA,20201005,18.1800,18.2800,18.0400,18.2000,14540
BOOMBIT,20201005,19.4000,19.4000,19.1200,19.3800,6302
BORYSZEW,20201005,3.2600,3.2600,3.1500,3.1900,19459
BOS,20201005,5.3400,5.8200,5.3000,5.7000,14395
BOWIM,20201005,1.9700,1.9700,1.9500,1.9500,3910
BRASTER,20201005,0.5990,0.6200,0.5610,0.6190,316151
BUDIMEX,20201005,251.0000,258.5000,248.0000,258.5000,8250
BUMECH,20201005,2.0500,2.0500,1.9800,2.0400,3855
CCC,20201005,57.2600,58.5800,54.7600,55.0000,243546
CDPROJEKT,20201005,403.0000,410.5000,395.1000,398.7000,388529
CDRL,20201005,12.9000,12.9000,12.9000,12.9000,193
CEZ,20201005,73.6000,73.6000,72.5000,72.5000,635
CFI,20201005,0.2310,0.2390,0.2310,0.2370,16602
CIECH,20201005,26.6000,27.6000,26.5500,27.2000,62020
CIGAMES,20201005,1.4060,1.4720,1.3500,1.4540,990170
CITYSERV,20201005,7.6500,7.6500,7.6500,7.6500,100
CLNPHARMA,20201005,40.5500,41.1000,39.7000,40.2500,30885
CNT,20201005,13.5000,13.6000,13.4000,13.6000,400
COALENERG,20201005,0.6200,0.6800,0.6200,0.6800,12974
COGNOR,20201005,1.2850,1.2850,1.2400,1.2700,110849
COMARCH,20201005,215.0000,217.0000,208.0000,209.0000,643
COMP,20201005,60.2000,60.8000,60.0000,60.2000,351
COMPERIA,20201005,2.1400,2.1600,2.1400,2.1600,320
CORMAY,20201005,1.6150,1.7450,1.5800,1.7300,1476142
CPGROUP,20201005,6.4000,6.4000,6.1000,6.1000,1835
CYFRPLSAT,20201005,27.2000,28.0000,27.2000,27.5800,249850
CZTOREBKA,20201005,0.4000,0.4800,0.4000,0.4800,6128
DATAWALK,20201005,199.0000,204.0000,195.0000,202.0000,7412
DEBICA,20201005,84.0000,84.2000,83.0000,84.2000,1104
DECORA,20201005,29.6000,30.1000,28.6000,30.0000,4445
DEKPOL,20201005,26.4000,28.8000,26.2000,27.0000,7890
DELKO,20201005,17.5000,18.3000,17.2000,17.6000,60304
DEVELIA,20201005,1.8500,1.8500,1.8020,1.8360,271467
DGA,20201005,5.4400,5.4400,5.4000,5.4000,10
DIGITREE,20201005,6.3000,6.5500,6.3000,6.5500,2148
DINOPL,20201005,228.0000,229.8000,222.4000,227.4000,125383
DOMDEV,20201005,99.0000,103.0000,99.0000,103.0000,2816
DROZAPOL,20201005,1.7000,1.8000,1.6400,1.7850,6649
ECHO,20201005,4.1000,4.1000,4.0500,4.0900,16970
EDINVEST,20201005,3.5600,3.7400,3.5600,3.7400,2564
EFEKT,20201005,4.8800,5.1000,4.8000,5.0500,2970
EKOEXPORT,20201005,3.8000,3.9300,3.7000,3.8900,59973
ELBUDOWA,20201005,1.2600,1.2600,1.2000,1.2400,43797
ELEKTROTI,20201005,5.4800,5.5200,5.4200,5.5000,5863
ELEMENTAL,20201005,2.4700,2.4700,2.4200,2.4500,38500
ELKOP,20201005,0.2350,0.2400,0.2340,0.2390,95312
ELZAB,20201005,4.0600,4.1000,3.9400,4.1000,1266
EMCINSMED,20201005,14.6000,16.6000,14.6000,16.6000,251
ENAP,20201005,1.4500,1.4500,1.4500,1.4500,2
ENEA,20201005,5.9100,6.0200,5.8400,5.8600,164228
ENELMED,20201005,13.9000,14.0000,13.8000,14.0000,2359
ENERGA,20201005,8.2900,8.3100,8.2900,8.3000,204688
ENERGOINS,20201005,0.7800,0.7800,0.7800,0.7800,1012
ENTER,20201005,22.0000,22.5000,21.9000,22.1000,5065
ERBUD,20201005,19.5000,19.5000,18.9500,19.2000,5819
ERG,20201005,48.0000,48.2000,48.0000,48.0000,444
ESOTIQ,20201005,9.8200,9.9400,9.8000,9.9000,2965
ETFDAX,20201005,541.7000,541.7000,537.6000,539.6000,80
ETFSP500,20201005,132.0000,132.4600,131.5000,132.4600,1741
ETFW20L,20201005,212.0000,214.5000,212.0000,213.5000,328
EUCO,20201005,4.7700,4.7700,4.7000,4.7700,7090
EUROCASH,20201005,14.1400,14.5500,14.1400,14.5000,243439
EUROHOLD,20201005,4.3000,4.3000,4.3000,4.3000,3
EUROTEL,20201005,22.6000,23.0000,22.6000,23.0000,4380
EVEREST,20201005,21.0000,21.0000,19.2000,21.0000,2728
FAMUR,20201005,1.6600,1.6900,1.6340,1.6800,452692
FASING,20201005,11.3000,11.3000,10.8500,11.2000,4274
FEERUM,20201005,11.9000,11.9000,11.5000,11.9000,508
FERRO,20201005,18.5000,18.9000,18.1500,18.9000,1248
FERRUM,20201005,3.7800,3.7800,3.7600,3.7600,25
FON,20201005,0.1230,0.1230,0.1150,0.1180,185845
FORTE,20201005,30.7500,32.5000,30.5500,32.0000,5643
GAMEOPS,20201005,30.2000,32.5500,30.2000,32.1000,2569
GAMFACTOR,20201005,18.4400,18.9480,18.2480,18.5000,2261
GAMFACTOR-PDA,20201005,17.5500,17.8780,16.8000,17.3000,2144
GETIN,20201005,0.7790,0.7845,0.7600,0.7665,172943
GETINOBLE,20201005,0.1900,0.1902,0.1890,0.1900,547732
GLCOSMED,20201005,5.8500,6.2000,5.8000,5.9500,118713
GPW,20201005,45.9000,46.9000,45.9000,46.6000,54854
GROCLIN,20201005,1.0600,1.0650,1.0600,1.0650,1511
GRODNO,20201005,12.9000,13.7000,12.9000,13.7000,151277
GRUPAAZOTY,20201005,24.2500,26.6500,23.6000,26.1000,161244
GTC,20201005,6.2600,6.2800,6.1600,6.2800,51545
HANDLOWY,20201005,36.7000,36.7000,36.0000,36.5000,4133
HARPER,20201005,17.3500,20.0000,17.1500,19.8000,121007
HELIO,20201005,11.0000,11.0000,10.8000,10.8000,310
HERKULES,20201005,1.2750,1.3700,1.2500,1.2750,41746
HUBSTYLE,20201005,1.0200,1.0200,0.9100,0.9100,48974
HYDROTOR,20201005,28.4000,28.4000,28.4000,28.4000,2495
I2DEV,20201005,9.0500,9.1000,8.8500,9.1000,1356
IALBGR,20201005,0.2880,0.2920,0.2440,0.2920,49349
IDEABANK,20201005,1.4700,1.4700,1.4300,1.4680,17910
IDMSA,20201005,0.9050,0.9050,0.9050,0.9050,5
IFCAPITAL,20201005,0.7100,0.7100,0.7100,0.7100,3274
IFIRMA,20201005,4.3900,4.4300,4.3200,4.4000,30178
IIAAV,20201005,60.2500,60.7000,60.2500,60.7000,515
IMCOMPANY,20201005,11.3000,11.3000,11.0000,11.1000,4676
IMMOBILE,20201005,2.5200,2.5500,2.4600,2.4900,483
IMPEL,20201005,11.9500,12.2500,11.9500,12.2500,6840
IMPERA,20201005,0.8450,0.8900,0.8450,0.8900,3600
IMS,20201005,2.6000,2.6400,2.5500,2.5500,430
INC,20201005,10.6000,11.4500,10.6000,11.3500,130440
INGBSK,20201005,124.0000,127.0000,123.2000,127.0000,3735
INPRO,20201005,4.8400,4.8400,4.5600,4.8000,751
INSTALKRK,20201005,19.3000,19.3000,18.7000,19.0000,7197
INTERAOLT,20201005,15.7000,15.7500,15.5000,15.7000,3817
INTERCARS,20201005,222.0000,234.0000,222.0000,232.0000,389
INTERFERI,20201005,3.1400,3.2000,3.1400,3.1800,3501
INTERSPPL,20201005,1.3400,1.3700,1.3200,1.3700,10077
INTLBCO31294,20201005,102.2000,102.4000,102.2000,102.2000,344
INTLBCO31633,20201005,32.0500,32.1500,32.0500,32.1500,1216
INTLBCO31641,20201005,32.0000,34.3000,32.0000,34.3000,135
INTLBCO31658,20201005,35.3000,36.4500,35.3000,36.4500,550
INTLBCO31674,20201005,46.7000,46.7000,46.7000,46.7000,50
INTLBCO31914,20201005,25.3500,27.0000,25.3500,27.0000,649
INTLBCO31989,20201005,16.3200,22.3000,16.3200,22.3000,4495
INTLBCO31997,20201005,20.1000,24.5000,20.1000,24.5000,275
INTLBCO32896,20201005,13.0000,17.0600,12.8000,17.0600,13418
INTLCCC31476,20201005,2.5000,2.5000,2.2700,2.2700,1050
INTLCDR30478,20201005,15.5800,15.5800,15.5800,15.5800,55
INTLCDR30726,20201005,13.7000,13.7000,13.7000,13.7000,14
INTLCDR30973,20201005,11.5800,12.2600,10.9200,11.5000,821
INTLCDR31377,20201005,10.2800,10.9800,9.6000,9.6400,105831
INTLCDR33290,20201005,8.6700,9.3200,7.9900,8.1600,30851
INTLDAX31559,20201005,114.4000,114.4000,114.4000,114.4000,16
INTLDAX31880,20201005,92.5000,93.4000,92.5000,93.4000,36
INTLDAX32821,20201005,45.4000,45.4000,43.6000,44.7500,462
INTLDAX32839,20201005,54.5000,55.7000,54.5000,55.7000,124
INTLDAX32847,20201005,65.1000,65.1000,65.1000,65.1000,40
INTLDAX32946,20201005,35.3000,35.3500,31.4000,34.8500,7786
INTLDAX34769,20201005,24.8000,24.8000,20.7500,24.1000,3096
INTLDNP32789,20201005,5.8200,5.8200,5.8200,5.8200,54
INTLDOW32219,20201005,204.0000,204.0000,204.0000,204.0000,15
INTLESX00778,20201005,54.7000,54.7000,54.7000,54.7000,18
INTLESX32961,20201005,13.9800,13.9800,13.9800,13.9800,140
INTLEUD33837,20201005,23.3000,23.3000,23.3000,23.3000,40
INTLEUD33860,20201005,16.7000,18.5000,16.7000,18.5000,140
INTLGLD24166,20201005,178.4000,178.4000,178.4000,178.4000,10
INTLGLD30866,20201005,134.2000,134.2000,134.2000,134.2000,3
INTLGLD31310,20201005,112.0000,115.4000,112.0000,115.4000,29
INTLGLD33100,20201005,76.1000,83.6000,76.1000,83.6000,57
INTLGLD33456,20201005,35.9000,44.0000,33.3500,42.4500,2436
INTLGLD33464,20201005,50.3000,55.6000,50.3000,55.6000,40
INTLGLD33472,20201005,69.1000,72.1000,69.1000,71.3000,419
INTLJSW30569,20201005,17.0600,17.0600,17.0600,17.0600,60
INTLJSW32136,20201005,13.8000,14.6600,13.8000,14.4400,5549
INTLJSW34728,20201005,7.7100,7.7100,7.6400,7.6400,1058
INTLKGH33936,20201005,18.1200,18.4800,18.1200,18.4800,2000
INTLKGH33944,20201005,22.5000,22.5000,22.5000,22.5000,150
INTLLTS34017,20201005,8.8700,9.1800,8.5900,9.1800,406
INTLLTS34694,20201005,11.8600,11.9800,11.5000,11.5000,1400
INTLNAG31732,20201005,1.8600,1.8600,1.8600,1.8600,212
INTLNAG33076,20201005,1.6100,1.9500,1.6100,1.9500,4206
INTLNDX34777,20201005,35.2500,39.5000,35.2500,39.5000,533
INTLPEO29421,20201005,13.7200,13.7200,13.7200,13.7200,50
INTLPEO29819,20201005,11.9200,11.9200,11.7200,11.7200,2200
INTLPEO30411,20201005,7.7500,7.7500,7.7500,7.7500,1000
INTLPGE32029,20201005,2.9200,2.9200,2.9200,2.9200,9000
INTLPGE32292,20201005,2.5000,2.5000,2.4000,2.4000,4888
INTLPGE34652,20201005,1.9600,1.9600,1.8100,1.8100,5140
INTLPGN29843,20201005,2.4600,2.4600,2.4600,2.4600,750
INTLPGN32615,20201005,1.4100,1.4100,1.4100,1.4100,1000
INTLPGN34678,20201005,0.8900,0.8900,0.8900,0.8900,330
INTLPKN04119,20201005,17.3600,17.3600,17.3600,17.3600,25
INTLPKN05835,20201005,10.4200,10.9400,10.4200,10.8000,160
INTLPKN06353,20201005,7.9500,8.9500,7.9500,8.5000,2614
INTLPKN29835,20201005,5.5400,7.1000,5.5400,6.5400,3608
INTLPKO30387,20201005,4.2700,4.3000,4.1700,4.3000,1007
INTLPKO30403,20201005,5.7200,6.0200,5.7200,5.9100,1000
INTLPKO30692,20201005,3.2600,3.4000,3.2500,3.4000,6600
INTLPLA29744,20201005,9.7000,9.8800,9.7000,9.8800,1120
INTLPLA30916,20201005,8.1600,8.1600,8.1600,8.1600,20
INTLPLA31138,20201005,7.1000,7.1000,7.1000,7.1000,220
INTLPLA33084,20201005,4.2800,5.0100,4.0700,5.0100,5658
INTLPZU14712,20201005,4.8800,4.8800,4.8800,4.8800,200
INTLPZU15800,20201005,7.6700,7.6700,7.6700,7.6700,50
INTLPZU15941,20201005,3.7000,3.7000,3.7000,3.7000,820
INTLPZU29371,20201005,3.3200,3.5500,3.3200,3.5000,4000
INTLSLV31625,20201005,36.5000,36.5000,36.5000,36.5000,75
INTLSLV33043,20201005,27.5500,29.0000,27.5500,29.0000,101
INTLSLV33340,20201005,12.0800,15.1000,12.0800,15.0200,6615
INTLSLV33357,20201005,16.1000,17.4800,16.1000,17.3000,600
INTLSLV33381,20201005,23.6500,23.6500,23.6500,23.6500,400
INTLSPX28928,20201005,54.3000,54.3000,54.3000,54.3000,18
INTLSPX32862,20201005,23.2500,23.2500,23.2500,23.2500,231
INTLSPX33894,20201005,18.0400,19.0400,18.0400,19.0400,210
INTLTNF34090,20201005,55.1000,55.1000,55.1000,55.1000,3
INTLUSD20602,20201005,31.1000,31.1000,28.7000,28.7000,88
INTLUSD20610,20201005,35.2500,35.8000,35.2500,35.8000,250
INTLUSD20842,20201005,47.3500,47.3500,45.4000,45.4000,667
INTLUSD21170,20201005,25.8500,25.8500,23.5500,23.5500,1171
INTLUSD34256,20201005,20.5000,20.5500,18.1200,18.2600,1343
INTLUSD34629,20201005,9.3900,9.5200,7.6800,7.6800,2066
INTLUSD34637,20201005,14.7800,14.7800,12.8000,13.1600,75
INTLW2030585,20201005,2.7800,2.9500,2.7800,2.9500,2500
INTLW2030759,20201005,2.0400,2.0400,2.0400,2.0400,600
INTLW2030767,20201005,2.3000,2.3000,2.3000,2.3000,300
INTLW2031864,20201005,1.7200,1.7200,1.7200,1.7200,300
INTLW2032177,20201005,1.2500,1.3700,1.2500,1.3700,9783
INTLW2032185,20201005,1.4700,1.6500,1.4700,1.6500,3651
INTLW2034751,20201005,1.1300,1.2800,1.1300,1.2800,2834
INTROL,20201005,4.1000,4.3600,4.0000,4.3200,42767
INTSBCO28043,20201005,61.4000,61.4000,61.4000,61.4000,20
INTSBCO28308,20201005,36.1000,36.1000,36.1000,36.1000,100
INTSBCO34447,20201005,28.1000,28.1000,22.0000,22.0000,5613
INTSBCO34454,20201005,33.8000,33.8000,27.5500,27.5500,286
INTSCCC34207,20201005,2.9900,3.2600,2.9600,3.2600,7818
INTSCDR34124,20201005,16.1000,16.2800,15.2800,16.2800,13220
INTSCDR34199,20201005,20.0500,20.0500,19.0200,19.0200,100
INTSCDR34249,20201005,11.9000,12.4200,11.2200,12.0600,20067
INTSDAX25783,20201005,51.3000,51.3000,49.2000,49.2000,525
INTSDAX25825,20201005,63.0000,63.0000,63.0000,63.0000,13
INTSDAX26591,20201005,74.0000,75.5000,74.0000,75.5000,170
INTSDAX26609,20201005,87.4000,89.5000,87.4000,89.5000,5000
INTSDAX34322,20201005,24.0000,28.3000,24.0000,24.6000,17837
INTSDAX34330,20201005,38.2500,39.9500,38.0500,39.1000,2686
INTSDNP34082,20201005,7.7800,8.0000,7.7800,7.9800,325
INTSDOW24067,20201005,92.1000,92.5000,87.2000,87.2000,80
INTSDOW33274,20201005,120.4000,120.4000,120.4000,120.4000,20
INTSEUD02683,20201005,33.9000,33.9000,33.9000,33.9000,45
INTSEUD21246,20201005,21.8000,21.8000,18.8200,18.8200,698
INTSEUR28340,20201005,23.6500,23.6500,22.6500,23.4500,175
INTSGBU20107,20201005,64.7000,64.7000,64.7000,64.7000,24
INTSGLD33316,20201005,89.3000,89.3000,86.8000,86.8000,30
INTSGLD33886,20201005,197.4000,197.4000,188.0000,188.0000,15
INTSGLD34504,20201005,70.6000,72.0000,61.8000,61.8000,77
INTSKGH33969,20201005,56.2000,56.2000,54.4000,54.6000,923
INTSLTS34041,20201005,20.9000,20.9000,20.5500,20.5500,14
INTSNDX33225,20201005,62.3000,62.9000,57.4000,57.4000,374
INTSNDX33233,20201005,77.1000,77.3000,72.3000,72.3000,8040
INTSNDX33241,20201005,91.3000,91.3000,91.3000,91.3000,3
INTSNDX33258,20201005,107.6000,107.6000,107.6000,107.6000,100
INTSNDX33647,20201005,153.8000,153.8000,153.8000,153.8000,5
INTSNDX34389,20201005,32.0500,33.8000,28.1500,28.1500,2796
INTSNKX27086,20201005,87.4000,87.4000,83.8000,83.8000,27
INTSNKX27094,20201005,152.0000,152.0000,149.0000,149.0000,23
INTSPAL27805,20201005,160.6000,160.6000,160.6000,160.6000,3
INTSPEO32334,20201005,33.5000,33.5000,33.5000,33.5000,50
INTSPGE26211,20201005,3.3600,3.3600,3.3600,3.3600,500
INTSPGE26989,20201005,2.8000,2.8000,2.8000,2.8000,30
INTSPGE34157,20201005,1.6000,1.7200,1.5900,1.7200,21000
INTSPKN27649,20201005,33.2500,33.2500,33.2500,33.2500,50
INTSPKN34173,20201005,22.9000,22.9000,22.9000,22.9000,400
INTSPKO32300,20201005,9.1200,9.1200,9.0200,9.0200,254
INTSPLA25551,20201005,12.4600,12.4600,12.4600,12.4600,100
INTSPLA34488,20201005,6.5100,6.5100,6.3400,6.3400,320
INTSPLA34587,20201005,5.0000,5.1400,4.5000,4.5000,636
INTSSLV33696,20201005,28.4500,28.4500,28.4500,28.4500,15
INTSSLV34538,20201005,18.3000,18.3000,18.3000,18.3000,100
INTSSLV34546,20201005,12.3600,12.3600,11.2000,11.2000,400
INTSSPX34140,20201005,23.5500,23.5500,22.5000,22.5000,428
INTSSPX34413,20201005,17.4600,17.4600,17.4600,17.4600,220
INTSUSD32698,20201005,28.5500,30.8500,28.5500,30.8500,500
INTSUSD33589,20201005,22.1500,24.6000,22.1500,24.0000,14926
INTSW2026005,20201005,5.6600,5.6600,5.4400,5.4400,700
INTSW2026328,20201005,5.3000,5.3000,5.2000,5.2000,305
INTSW2027078,20201005,5.0000,5.0000,4.9300,4.9300,320
INTSW2027391,20201005,4.0000,4.0000,3.8300,3.9200,1840
INTSW2028464,20201005,2.4500,2.4900,2.3300,2.3600,2370
INTSW2028472,20201005,2.9300,2.9700,2.9300,2.9700,885
INTSW2028480,20201005,3.4000,3.4000,3.4000,3.4000,300
INTSW2034264,20201005,1.2800,1.2900,1.0800,1.1500,15771
INTSW2034272,20201005,1.4500,1.4500,1.3700,1.3800,6935
INTSW2034280,20201005,1.7400,1.7400,1.5700,1.5700,20850
INVFIZ,20201005,945.0000,945.0000,938.0200,938.0200,9
INVPEFIZ,20201005,862.8900,888.5000,840.1000,887.9000,108
IPOBENE3K,20201005,111.0000,111.0000,111.0000,111.0000,100
IPOGPARPA,20201005,108.0000,108.0000,108.0000,108.0000,245
IPOPEMA,20201005,3.3600,3.4800,3.3200,3.4800,5873
ITMTRADE,20201005,0.1410,0.1415,0.1410,0.1415,5914
IZOBLOK,20201005,28.2000,29.1000,28.0000,29.1000,714
IZOLACJA,20201005,1.4650,1.4650,1.4650,1.4650,2
IZOSTAL,20201005,2.1600,2.1900,2.1600,2.1600,25413
JSW,20201005,24.7000,26.8500,24.7000,26.5600,1475018
JWCONSTR,20201005,2.8500,2.9500,2.8500,2.9500,3233
K2INTERNT,20201005,15.4000,17.5000,15.3000,17.5000,5039
KCI,20201005,0.7040,0.7400,0.6860,0.7400,65419
KERNEL,20201005,40.4500,41.8500,40.4500,40.6500,83267
KETY,20201005,454.0000,460.0000,452.0000,460.0000,1473
KGHM,20201005,114.4500,119.3000,114.4000,118.3000,736851
KGL,20201005,15.2000,15.6000,15.2000,15.6000,3671
KINOPOL,20201005,6.8000,6.8000,6.6000,6.7000,11738
KOGENERA,20201005,34.0000,34.0000,33.0000,33.8000,291
KOMPAP,20201005,8.0000,8.0000,8.0000,8.0000,6804
KOMPUTRON,20201005,1.8350,1.9400,1.8350,1.9000,1682
KPPD,20201005,26.2000,26.2000,26.2000,26.2000,100
KREC,20201005,7.4000,7.4000,7.1600,7.4000,746
KREDYTIN,20201005,10.4000,10.4000,9.9500,10.0000,384
KRKA,20201005,376.0000,379.0000,375.0000,379.0000,29
KRUK,20201005,132.1000,139.0000,131.3000,137.4000,24751
KRUSZWICA,20201005,52.0000,53.4000,51.6000,53.4000,953
KRVITAMIN,20201005,33.4000,40.9000,33.4000,39.4000,188110
KSGAGRO,20201005,1.2100,1.2200,1.2100,1.2200,4199
LABOPRINT,20201005,9.8400,9.8400,9.8400,9.8400,14
LARQ,20201005,1.7900,1.7900,1.7500,1.7500,410
LENA,20201005,3.4000,3.4900,3.3400,3.4700,39654
LENTEX,20201005,8.8000,9.1800,8.8000,9.1800,3013
LIBET,20201005,2.5000,2.5000,2.2500,2.2500,359300
LIVECHAT,20201005,94.5000,98.5000,94.5000,98.5000,14778
LOKUM,20201005,11.8500,11.8500,11.8500,11.8500,90
LOTOS,20201005,33.8700,36.0900,33.8700,35.9800,531727
LPP,20201005,6780.0000,7015.0000,6715.0000,6970.0000,1222
LUBAWA,20201005,1.2700,1.3200,1.2500,1.3100,534210
MABION,20201005,31.9000,33.5000,31.6500,31.7000,14745
MAKARONPL,20201005,5.8000,5.8500,5.7000,5.8500,4646
MANGATA,20201005,46.6000,46.6000,46.0000,46.0000,56
MARVIPOL,20201005,5.0200,5.2600,5.0200,5.2600,31246
MASTERPHA,20201005,4.3200,4.4400,4.2600,4.2600,6469
MAXCOM,20201005,11.8000,11.8000,11.6000,11.8000,1238
MBANK,20201005,169.3000,175.1000,169.3000,172.6000,26601
MBWS,20201005,6.0000,6.0000,5.4000,5.7000,2937
MCI,20201005,13.0000,13.7500,12.8500,13.7000,27664
MDIENERGIA,20201005,3.8600,3.8600,3.7500,3.8200,29384
MEDICALG,20201005,22.4500,22.4500,21.1500,22.4500,5461
MENNICA,20201005,19.0000,19.3000,18.8000,19.3000,2265
MERCATOR,20201005,489.0000,530.0000,488.0000,520.0000,60837
MERCOR,20201005,10.3000,10.3500,10.2000,10.2000,2366
MEXPOLSKA,20201005,1.4300,1.4300,1.4300,1.4300,697
MFO,20201005,19.6000,19.6000,19.0000,19.0000,1257
MILKILAND,20201005,0.5350,0.5350,0.5350,0.5350,3000
MILLENNIUM,20201005,2.7160,2.7900,2.7160,2.7500,470883
MIRACULUM,20201005,1.1600,1.1700,1.1500,1.1700,7189
MIRBUD,20201005,2.3900,2.4000,2.3200,2.3700,241456
MLPGROUP,20201005,70.5000,73.5000,70.0000,70.0000,127
MLSYSTEM,20201005,83.0000,83.0000,80.0000,81.2000,23828
MOBRUK,20201005,250.0000,252.0000,240.0000,252.0000,179
MOJ,20201005,1.4300,1.4300,1.3400,1.3400,34415
MOL,20201005,20.9800,21.3000,20.9400,20.9400,53223
MONNARI,20201005,1.7650,1.8400,1.7650,1.8300,22180
MOSTALPLC,20201005,8.4600,8.4600,8.4600,8.4600,2
MOSTALWAR,20201005,4.7500,4.7500,4.5100,4.7400,378
MOSTALZAB,20201005,0.8680,0.9380,0.8680,0.9080,341618
MUZA,20201005,2.5200,2.5200,2.5200,2.5200,2
MWTRADE,20201005,1.8600,1.8600,1.8600,1.8600,2817
NANOGROUP,20201005,3.1600,3.2000,3.0000,3.1600,4629
NETIA,20201005,4.5700,4.5700,4.4200,4.5100,2141
NEUCA,20201005,513.0000,515.0000,511.0000,513.0000,3061
NEWAG,20201005,26.3000,26.6000,26.1000,26.6000,1615
NOVATURAS,20201005,9.3000,9.3000,9.2000,9.3000,100
NOVAVISGR,20201005,1.9500,1.9500,1.9000,1.9000,1005
NOVITA,20201005,131.5000,132.0000,128.5000,129.0000,703
NOWAGALA,20201005,1.0200,1.0200,1.0000,1.0000,3910
NTTSYSTEM,20201005,2.7000,2.8500,2.7000,2.8500,12599
OAT,20201005,17.9500,18.3000,17.8000,18.2000,17077
ODLEWNIE,20201005,4.7000,4.7000,4.5800,4.5800,7760
OEX,20201005,15.0000,15.4000,15.0000,15.0000,2529
OPENFIN,20201005,0.8000,0.8100,0.7840,0.7840,18102
OPONEO.PL,20201005,30.2000,30.7000,29.3000,29.3000,8260
OPTEAM,20201005,25.4000,26.6000,25.4000,26.6000,542
ORANGEPL,20201005,6.9050,7.0050,6.8850,6.9500,1093181
ORCOGROUP,20201005,1.2600,1.2600,1.2600,1.2600,5729
ORZBIALY,20201005,11.1000,11.6500,10.8000,11.1500,2611
OTLOG,20201005,5.2000,5.4000,5.2000,5.4000,8323
OTMUCHOW,20201005,1.3700,1.3700,1.3700,1.3700,5
OVOSTAR,20201005,69.0000,69.0000,60.0000,64.5000,8
PAMAPOL,20201005,1.3700,1.4700,1.3600,1.4200,44816
PANOVA,20201005,11.2500,11.2500,11.2500,11.2500,1
PATENTUS,20201005,1.0200,1.0300,1.0000,1.0200,27082
PBKM,20201005,77.4000,77.4000,77.4000,77.4000,457
PCCEXOL,20201005,3.5300,3.7600,3.4600,3.7000,451164
PCCROKITA,20201005,43.4000,43.7000,43.2000,43.7000,1765
PEKABEX,20201005,13.8000,13.8000,13.1000,13.5500,18736
PEKAO,20201005,50.5800,51.7000,50.5800,51.7000,892206
PEMANAGER,20201005,9.6000,9.6400,9.2000,9.2200,1254
PEP,20201005,48.1000,49.6000,47.5000,49.6000,6951
PEPEES,20201005,1.3600,1.3800,1.3100,1.3500,17816
PGE,20201005,6.9000,7.0600,6.7560,6.8320,2076605
PGNIG,20201005,4.9930,5.0820,4.9800,5.0800,1808869
PGO,20201005,1.1300,1.1600,1.1300,1.1600,5960
PGSSOFT,20201005,11.6500,12.0000,11.6000,12.0000,1316
PHARMENA,20201005,10.1500,10.3000,9.6400,10.3000,4468
PHN,20201005,11.5000,11.5000,11.0500,11.3000,868
PKNORLEN,20201005,44.8000,46.6400,44.8000,46.0000,978534
PKOBP,20201005,21.5500,21.9300,21.4900,21.9200,1887696
PKPCARGO,20201005,11.2600,11.3800,10.9600,11.0000,140196
PLASTBOX,20201005,1.6400,1.6400,1.6300,1.6300,810
PLAY,20201005,38.6000,38.7200,38.6000,38.6400,3195211
PLAYWAY,20201005,550.0000,557.0000,544.0000,550.0000,6860
PLAZACNTR,20201005,1.6900,1.7500,1.6200,1.7500,901
PMPG,20201005,1.5500,1.5500,1.5500,1.5500,465
POLICE,20201005,11.9000,12.2000,11.9000,12.2000,644
POLIMEXMS,20201005,2.0250,2.0500,1.9800,2.0050,216950
POLNORD,20201005,2.9700,3.0200,2.9600,3.0200,3729
POLWAX,20201005,2.8900,2.8900,2.8600,2.8700,668
POZBUD,20201005,1.6350,1.7200,1.6350,1.7000,160558
PRAGMAFA,20201005,26.0000,26.4000,25.6000,26.0000,5211
PRAGMAINK,20201005,8.5800,8.5800,8.0000,8.5000,658
PRAIRIE,20201005,0.6400,0.6600,0.5780,0.6480,383430
PRIMETECH,20201005,1.2400,1.2400,1.2400,1.2400,1479
PROCHEM,20201005,18.9000,18.9000,18.9000,18.9000,10
PROJPRZEM,20201005,16.5500,16.5500,16.5500,16.5500,17
PROTEKTOR,20201005,4.6200,4.8800,4.6000,4.8200,32539
PROVIDENT,20201005,2.3750,2.4800,2.3500,2.4750,170189
PULAWY,20201005,80.4000,80.4000,77.8000,79.0000,873
PUNKPIRAT,20201005,0.7500,0.7500,0.7100,0.7300,59711
PZU,20201005,25.0000,25.3000,24.9000,25.2200,1522940
PZUAKORD,20201005,119.0300,119.3000,119.0300,119.2600,301
QUERCUS,20201005,3.5200,3.5200,3.4100,3.4300,11953
R22,20201005,30.9000,31.8000,30.8000,31.4000,2380
RADPOL,20201005,2.3500,2.3500,2.2900,2.3000,5496
RAFAKO,20201005,0.9090,0.9370,0.8910,0.9190,407052
RAFAMET,20201005,13.8000,14.0000,13.8000,14.0000,306
RAINBOW,20201005,12.9500,13.3000,12.6000,12.7000,3157
RANKPROGR,20201005,1.6200,1.7300,1.6200,1.7200,28029
RAWLPLUG,20201005,7.7800,7.7800,7.7800,7.7800,16
RCCOCOOPEN,20201005,86.9000,86.9000,86.9000,86.9000,20
RCCOFFAOPEN1,20201005,2.6600,2.6600,2.6500,2.6500,1500
RCFL10GOLD,20201005,16.7200,17.1000,16.7200,17.0400,1220
RCFL10GOLD1,20201005,7.1200,8.1900,7.1200,8.1900,7100
RCFL2COPP,20201005,13.3200,13.3200,13.3200,13.3200,600
RCFL2GOLD1,20201005,12.5000,12.5000,12.5000,12.5000,15960
RCFL2LIGH2,20201005,0.1200,0.1200,0.1200,0.1200,500
RCFL2OIL,20201005,2.3500,2.3500,2.3500,2.3500,425
RCFL2PALL1,20201005,40.0000,40.0000,40.0000,40.0000,220
RCFL2PKN1,20201005,4.7700,4.7700,4.7700,4.7700,700
RCFL2SILVE,20201005,32.4500,32.4500,32.4500,32.4500,185
RCFL2SILVE2,20201005,19.0000,19.0000,19.0000,19.0000,77
RCFL2WHT,20201005,6.0200,6.1400,6.0200,6.1400,3000
RCFL3ALR1,20201005,5.2000,5.2000,5.2000,5.2000,50
RCFL3BPL,20201005,0.3700,0.3700,0.3700,0.3700,200
RCFL3CCC1,20201005,12.8800,12.8800,12.5000,12.7200,526
RCFL3CDPRO1,20201005,98.1000,103.6000,96.4000,96.4000,154
RCFL3COFF3,20201005,6.2500,6.3400,6.2500,6.3400,5000
RCFL3DBK,20201005,0.0500,0.0500,0.0500,0.0500,85000
RCFL3GASO2,20201005,4.8700,5.2700,4.8700,5.2700,1050
RCFL3GOLD2,20201005,25.9000,26.6000,25.9000,26.6000,320
RCFL3JSW,20201005,0.8400,0.9900,0.8300,0.9600,981897
RCFL3JSW1,20201005,31.6000,32.5000,30.7000,32.5000,1945
RCFL3LTS1,20201005,0.2100,0.2300,0.2100,0.2300,101000
RCFL3MBK,20201005,1.8000,1.8000,1.8000,1.8000,700
RCFL3MSFIN,20201005,1.1700,1.1700,1.1700,1.1700,1399
RCFL3NAG2,20201005,3.7200,4.1500,3.5800,4.1500,7410
RCFL3OIL2,20201005,1.3000,1.3000,1.3000,1.3000,300
RCFL3PALL3,20201005,1.1500,1.1800,1.1500,1.1800,9000
RCFL3PEO,20201005,0.8100,0.8200,0.8100,0.8200,5100
RCFL3PGE,20201005,0.2100,0.2200,0.2100,0.2200,16000
RCFL3PGE1,20201005,18.3400,18.3400,18.3400,18.3400,400
RCFL3PKN,20201005,7.1500,7.7600,7.1500,7.7600,699
RCFL3PKO,20201005,2.4900,2.4900,2.4900,2.4900,500
RCFL3PLAT2,20201005,8.7000,9.1500,8.7000,9.1500,1550
RCFL3PLW,20201005,10.0400,10.0400,10.0400,10.0400,800
RCFL3PZU,20201005,8.9600,9.1600,8.8000,9.0600,330
RCFL3RDGB,20201005,0.3700,0.3700,0.3700,0.3700,200
RCFL3SILVE,20201005,6.1100,6.3500,6.1000,6.3500,901
RCFL3SILVE3,20201005,17.1200,18.0400,17.1200,18.0400,410
RCFL3TOTF,20201005,1.5900,1.5900,1.5900,1.5900,60
RCFL3TPE,20201005,7.4200,7.4200,6.9100,6.9100,2760
RCFL3WHT,20201005,3.3800,3.3800,3.3800,3.3800,2000
RCFL4CDPRO,20201005,52.6000,56.0000,48.5000,50.0000,1231
RCFL4COFF3,20201005,4.5000,4.5300,4.0900,4.0900,4002
RCFL4GAMES,20201005,78.5000,80.8000,78.5000,80.8000,600
RCFL4KGH,20201005,2.9200,3.2300,2.9200,3.2300,3030
RCFL4PEO1,20201005,4.9400,4.9400,4.9400,4.9400,600
RCFL4PGE,20201005,14.0000,14.0000,14.0000,14.0000,500
RCFL4PKN1,20201005,1.5900,1.6900,1.5900,1.6300,3700
RCFL4PKO,20201005,0.2400,0.2500,0.2400,0.2500,34610
RCFL4PKO1,20201005,5.4700,5.7900,5.4700,5.7900,800
RCFL4PZU,20201005,0.4100,0.4200,0.4100,0.4200,27205
RCFL4SILVE1,20201005,6.7100,6.7100,6.7100,6.7100,10
RCFL4SILVE2,20201005,9.8500,9.8500,9.8500,9.8500,130
RCFL5COPP,20201005,5.2600,5.4500,5.1000,5.1200,1250
RCFL5FW20,20201005,0.5000,0.5000,0.5000,0.5000,3500
RCFL5NAG3,20201005,0.8000,0.8000,0.8000,0.8000,20000
RCFL5SBO1,20201005,6.2300,6.6300,6.2300,6.6300,1500
RCFL5SILVE,20201005,1.5600,1.6500,1.5400,1.6500,17100
RCFL5SUGA1,20201005,0.9800,1.0300,0.9800,1.0300,6100
RCFL6FW201,20201005,0.4300,0.4500,0.4300,0.4500,2000
RCFL6SILVE,20201005,1.9300,2.1400,1.9300,2.1100,9600
RCFL6W20,20201005,9.2800,9.2900,9.2800,9.2900,624
RCFL6W201,20201005,0.3200,0.3200,0.3200,0.3200,30000
RCFL7SILVE,20201005,0.4300,0.4300,0.4300,0.4300,2700
RCFL8COFF,20201005,0.1100,0.1200,0.1100,0.1200,4700
RCFL8COFF1,20201005,0.4200,0.4200,0.3500,0.3600,51144
RCFS2ADS1,20201005,6.9100,7.0700,6.9100,7.0700,15000
RCFS2FW202,20201005,9.8000,9.8000,9.8000,9.8000,150
RCFS2MWIG40,20201005,9.8700,9.8700,9.8700,9.8700,50
RCFS2W20,20201005,64.2000,64.2000,64.2000,64.2000,40
RCFS3ALR,20201005,73.8000,73.8000,73.3000,73.3000,1000
RCFS3BMW,20201005,1.9100,1.9100,1.8200,1.8200,25000
RCFS3FDX,20201005,5.1800,5.2700,5.1600,5.2400,6732
RCFS3GAMES,20201005,1.3100,1.3100,1.2900,1.2900,3395
RCFS3KGH,20201005,0.2900,0.2900,0.2600,0.2700,161420
RCFS3MWIG40,20201005,9.0000,9.0000,9.0000,9.0000,200
RCFS3PEO,20201005,20.0000,20.0000,20.0000,20.0000,59
RCFS3PGN,20201005,5.5400,5.5400,5.5400,5.5400,250
RCFS3SILVE1,20201005,1.6200,1.6200,1.5200,1.5200,2600
RCFS3TPE,20201005,0.8800,0.8800,0.8800,0.8800,42600
RCFS3W20,20201005,32.8000,32.8000,32.1500,32.6000,875
RCFS4CDPRO1,20201005,1.9100,2.0500,1.7900,1.8700,482368
RCFS4KGH,20201005,0.1600,0.1600,0.1100,0.1100,24333
RCFS4PGN,20201005,1.4200,1.4200,1.4200,1.4200,731
RCFS4PKN,20201005,25.0000,25.7500,25.0000,25.7500,80
RCFS4PKO,20201005,12.8400,12.8400,12.8400,12.8400,27
RCFS4PZU,20201005,15.8600,15.8600,15.8600,15.8600,1000
RCFS5COPP,20201005,2.4500,2.4500,2.4500,2.4500,500
RCFS5NAG1,20201005,2.2000,2.2000,1.4200,1.4200,2088
RCFS5SUGA,20201005,3.3800,3.3800,3.1600,3.1700,6050
RCFS6NAG,20201005,0.4300,0.4300,0.4300,0.4300,943
RCFS6W201,20201005,4.3100,4.3100,3.8600,4.0000,10063
RCFS8COCO,20201005,3.7700,3.8000,3.7700,3.8000,2060
RCGETNA06222,20201005,985.5000,985.5000,985.5000,985.5000,20
RCGKOMP1222,20201005,1110.5000,1110.5000,1110.5000,1110.5000,101
RCGLDAOPEN,20201005,728.0000,728.0000,727.0000,728.0000,53
RCGOIL1122,20201005,1024.5000,1024.5000,1024.5000,1024.5000,35
RCGSDGP0821,20201005,989.5000,989.5000,989.5000,989.5000,170
RCGSX7E0122,20201005,981.0000,981.0000,981.0000,981.0000,1
RCGSXHC0523,20201005,1130.0000,1130.0000,1130.0000,1130.0000,18
RCLNAGOPEN,20201005,1.6200,1.7000,1.6200,1.7000,8100
RCLOILAOPEN,20201005,13.3000,13.7000,13.3000,13.7000,1629
RCSILAOPEN,20201005,93.0000,93.0000,93.0000,93.0000,17
RCTLOIL0028,20201005,7.5700,7.5700,7.5700,7.5700,324
RCWHTAOPEN1,20201005,14.9600,14.9800,14.9600,14.9800,500
REDAN,20201005,0.1940,0.1940,0.1900,0.1940,11000
REINO,20201005,1.4800,1.4800,1.4600,1.4800,32
RELPOL,20201005,5.2400,5.7400,5.2200,5.5600,19577
REMAK,20201005,10.9500,10.9500,10.8000,10.8000,16
RONSON,20201005,1.2800,1.3000,1.2200,1.3000,42212
ROPCZYCE,20201005,22.0000,22.5000,22.0000,22.5000,1330
RYVU,20201005,60.6000,60.8000,60.0000,60.8000,1647
SANOK,20201005,13.2500,13.5000,13.2000,13.2500,1570
SANPL,20201005,144.0000,149.5000,143.9000,148.5000,62612
SANTANDER,20201005,7.1000,7.2900,7.1000,7.2100,8930
SANWIL,20201005,4.3000,4.4000,4.1400,4.2600,112820
SELENAFM,20201005,13.3500,13.9500,13.3000,13.9500,3111
SELVITA,20201005,41.0000,43.0000,40.8000,42.5000,55794
SERINUS,20201005,0.3700,0.3760,0.3580,0.3760,179252
SESCOM,20201005,31.8000,31.8000,30.0000,31.6000,602
SFINKS,20201005,0.3890,0.3890,0.3700,0.3890,4891
SILVAIR-REGS,20201005,8.4500,8.5500,8.4500,8.5500,359
SILVANO,20201005,6.4600,6.4600,6.4400,6.4400,634
SIMPLE,20201005,10.6000,10.8000,10.6000,10.7000,3689
SKARBIEC,20201005,24.5000,24.8000,24.1000,24.8000,4300
SKOTAN,20201005,2.0100,2.0200,1.9300,2.0200,17301
SKYLINE,20201005,0.7000,0.7000,0.6800,0.6800,7280
SLEEPZAG,20201005,0.6500,0.6500,0.4100,0.4580,43720
SNIEZKA,20201005,88.2000,89.4000,87.6000,89.4000,316
SOLAR,20201005,3.7400,3.7400,3.6100,3.7400,3699
SONEL,20201005,9.4000,9.7000,9.3000,9.5000,5921
SOPHARMA,20201005,17.0000,18.0000,17.0000,17.0000,625
STALEXP,20201005,2.9100,2.9300,2.8900,2.9000,60943
STALPROD,20201005,187.0000,199.8000,187.0000,198.0000,1499
STALPROFI,20201005,5.9200,5.9200,5.7600,5.9000,5893
STAPORKOW,20201005,2.7800,2.7800,2.7800,2.7800,3271
STARHEDGE,20201005,0.4500,0.4500,0.4500,0.4500,580
SUNEX,20201005,5.6600,5.7000,5.3200,5.4000,76123
SUWARY,20201005,17.8000,17.8000,17.8000,17.8000,5
SWISSMED,20201005,3.1000,3.1000,2.9400,3.1000,1191
SYGNITY,20201005,7.5400,7.6200,7.5200,7.6200,19663
SYNEKTIK,20201005,21.9000,22.2000,21.0000,22.2000,8585
TALEX,20201005,11.4500,11.4500,11.2000,11.2000,775
TATRY,20201005,163.0000,163.0000,158.0000,158.0000,105
TAURONPE,20201005,2.3000,2.3620,2.2260,2.2500,2633401
TBULL,20201005,20.9000,22.8000,20.1000,22.2000,17788
TERMOREX,20201005,1.2000,1.2500,1.2000,1.2300,2226
TESGAS,20201005,4.5400,4.6000,4.4800,4.5400,19140
TIM,20201005,13.1500,13.2000,13.0000,13.2000,12750
TORPOL,20201005,12.0500,12.3000,11.5500,11.7000,25478
TOWERINVT,20201005,17.1000,17.7000,17.1000,17.7000,23
TOYA,20201005,7.7000,7.9400,7.6800,7.7400,16561
TRAKCJA,20201005,1.6300,1.6640,1.5600,1.6600,165198
TRANSPOL,20201005,2.9200,2.9200,2.8900,2.9200,17439
TRIGONPP4,20201005,42.1000,43.0000,42.1000,43.0000,48
TRIGONPP7,20201005,42.5000,42.5000,42.5000,42.5000,40
TRITON,20201005,2.3000,2.3900,2.2900,2.2900,2468
TSGAMES,20201005,590.0000,595.0000,570.0000,580.0000,24744
ULMA,20201005,49.0000,49.0000,49.0000,49.0000,23
ULTGAMES,20201005,29.7000,31.0000,29.2500,30.9000,22827
UNIBEP,20201005,7.6600,7.6600,7.4000,7.5600,9110
UNICREDIT,20201005,31.5900,31.5900,31.5800,31.5900,211
UNIMA,20201005,3.2200,3.2600,3.2000,3.2000,550
UNIMOT,20201005,33.7500,35.3000,33.2000,34.9000,20933
URSUS,20201005,0.5420,0.5500,0.5340,0.5500,71046
VENTUREIN,20201005,1.8200,1.8300,1.7700,1.8300,1717
VIGOSYS,20201005,555.0000,570.0000,555.0000,565.0000,68
VINDEXUS,20201005,4.6500,4.7000,4.5200,4.6700,14013
VISTAL,20201005,3.3550,4.0500,3.2350,3.8000,513237
VIVID,20201005,2.0100,2.0200,1.9500,1.9500,31065
VOTUM,20201005,12.5000,12.9500,12.3500,12.9500,43017
VOXEL,20201005,40.5000,41.5000,40.5000,41.0000,3830
VRG,20201005,2.4050,2.4300,2.4000,2.4100,92819
WASKO,20201005,1.3750,1.3900,1.3450,1.3800,9302
WAWEL,20201005,550.0000,556.0000,550.0000,556.0000,59
WIELTON,20201005,4.1900,4.2000,4.1100,4.2000,33005
WIKANA,20201005,2.4200,3.0800,2.4200,2.6800,53728
WIRTUALNA,20201005,69.4000,72.6000,66.2000,68.6000,3766
WITTCHEN,20201005,7.1000,7.1800,7.1000,7.1800,3582
WOJAS,20201005,4.2400,4.3400,4.2200,4.2600,1058
WORKSERV,20201005,0.9900,1.0500,0.9720,0.9860,517403
XTB,20201005,15.4500,17.1500,15.3000,16.9000,1108415
XTPL,20201005,87.4000,87.4000,83.0000,84.4000,1364
ZAMET,20201005,0.9200,0.9250,0.9000,0.9250,32800
ZASTAL,20201005,21.6000,23.0000,21.4000,23.0000,4044
ZEPAK,20201005,9.9800,10.8500,9.9800,10.6500,104872
ZPUE,20201005,156.0000,160.0000,154.5000,159.0000,480
ZREMB,20201005,0.8150,0.8350,0.7750,0.8200,8162
ZUE,20201005,3.6600,3.7200,3.6000,3.7200,8616
ZYWIEC,20201005,472.0000,478.0000,472.0000,478.0000,17
INVESTORMS,20201005,3958.1300,3979.3200,3958.1300,3979.3200,269522.995
MWIG40,20201005,3573.4700,3632.8800,3573.4700,3632.8800,164962.863
MWIG40DVP,20201005,63.1100,63.1100,63.1100,63.1100,164962.863
MWIG40TR,20201005,4732.8800,4811.5600,4732.8800,4811.5600,164962.863
SWIG80,20201005,13998.7700,14149.7600,13976.6600,14149.7600,34814.026
SWIG80DVP,20201005,258.9600,258.9600,258.9600,258.9600,34814.026
SWIG80TR,20201005,18069.1600,18264.0400,18050.0400,18264.0400,34814.026
WIG,20201005,49381.7300,50053.7900,49381.7200,50014.6400,929971.331
WIG-BANKI,20201005,3735.7300,3806.3100,3735.7300,3806.3100,107779.248
WIG-BUDOW,20201005,3025.3400,3078.8700,3004.6000,3078.8700,8352.778
WIG-CEE,20201005,1094.1200,1094.1200,1091.5100,1091.5100,5491.417
WIG-CHEMIA,20201005,6704.0300,7117.9100,6601.9300,7017.2400,5850.617
WIG-ENERG,20201005,1950.5800,1984.4300,1922.2800,1935.4900,26447.280
WIG-ESG,20201005,8113.1100,8223.3000,8113.1100,8208.4200,852305.440
WIG-GORNIC,20201005,3659.9900,3791.0100,3643.8200,3763.3000,125415.673
WIG-INFO,20201005,3831.6300,3860.7500,3817.8300,3851.4400,8471.806
WIG-LEKI,20201005,6159.4300,6327.8100,6157.9700,6233.4900,55468.192
WIG-MEDIA,20201005,4908.3600,4971.8000,4664.3600,4748.4000,4326.063
WIG-MOTO,20201005,3680.5100,3772.3400,3680.5100,3753.4400,738.615
WIG-NRCHOM,20201005,2159.2800,2170.9600,2146.5100,2170.3200,1818.850
WIG-ODZIEZ,20201005,4064.9300,4151.2200,4059.7100,4117.0600,26984.902
WIG-PALIWA,20201005,4061.5300,4198.0700,4061.5300,4169.5400,74939.653
WIG-POLAND,20201005,50787.0400,51148.7700,50787.0400,51148.7700,922742.132
WIG-SPOZYW,20201005,3064.2300,3101.9300,3042.6400,3064.2400,11480.270
WIG-TELKOM,20201005,901.9400,914.3600,901.9400,908.5600,137961.509
WIG-UKRAIN,20201005,344.6300,345.5500,344.6300,345.1400,4157.241
WIG.GAMES,20201005,33280.3300,33347.2100,32565.8500,32688.3500,178263.197
WIG.MS-BAS,20201005,9290.7300,9461.4500,9257.3300,9386.0000,146163.532
WIG.MS-FIN,20201005,5721.8100,5812.0400,5718.7500,5812.0400,139083.554
WIG.MS-PET,20201005,5523.9200,5716.9100,5523.9200,5692.2500,78764.268
WIG20,20201005,1710.1400,1739.1700,1710.1400,1731.8500,706659.366
WIG20DVP,20201005,7.5000,7.5000,7.5000,7.5000,706659.366
WIG20LEV,20201005,323.5700,334.4700,323.4800,331.7200,706659.366
WIG20SHORT,20201005,4232.6900,4233.2400,4159.7500,4178.1400,706659.366
WIG20TR,20201005,3140.0000,3178.5300,3134.9500,3166.5000,706659.366
WIG30,20201005,1961.4500,1993.5200,1961.4500,1988.4500,731422.412
WIG30TR,20201005,3563.9400,3588.1800,3563.9400,3588.1800,731422.412
WIGDIV,20201005,976.0500,991.0200,976.0500,991.0200,76788.364
WIGTECH,20201005,14733.0100,14791.5000,14717.6100,14755.1700,0.000
