06MAGNA,20201112,1.3100,1.7000,1.3100,1.7000,358148
11BIT,20201112,488.5000,501.0000,481.0000,481.5000,2794
4FUNMEDIA,20201112,5.3000,5.3000,4.9600,4.9600,3288
ABPL,20201112,30.7000,31.2000,30.2000,31.2000,7595
ACAUTOGAZ,20201112,38.2000,38.2000,36.5000,37.8000,1885
ACTION,20201112,4.2000,4.3800,4.1500,4.3300,33473
ADIUVO,20201112,5.2600,5.3600,5.2400,5.2400,5293
AGORA,20201112,6.4000,6.7400,6.2000,6.4600,23043
AGROTON,20201112,4.0000,4.1000,3.9000,4.1000,40934
AIGAMES,20201112,17.8000,17.8000,17.0000,17.2500,15084
AILLERON,20201112,7.4000,7.4800,7.2800,7.3400,20792
AIRWAY,20201112,2.0500,2.2000,2.0500,2.1500,535313
ALIOR,20201112,16.0000,16.9300,15.8350,16.7900,1245172
ALLEGRO,20201112,84.4100,84.6000,79.4500,79.5000,4993858
ALTA,20201112,1.1700,1.1700,1.1700,1.1700,7000
ALTUSTFI,20201112,0.8400,0.8900,0.7980,0.8220,61424
ALUMETAL,20201112,37.3000,40.3000,37.3000,40.2000,3710
AMBRA,20201112,18.0000,18.2000,17.8000,17.9500,6623
AMICA,20201112,152.8000,155.0000,149.4000,150.8000,6306
AMREST,20201112,22.4000,22.8500,20.2000,22.0000,630875
APATOR,20201112,20.9000,20.9000,20.6000,20.7000,2179
APLISENS,20201112,10.8000,10.8000,10.2000,10.7000,44
APSENERGY,20201112,1.7350,1.7650,1.7100,1.7200,10312
ARCHICOM,20201112,20.5000,20.5000,20.4000,20.5000,10620
ARCTIC,20201112,4.1000,4.1400,3.9000,4.0900,60544
ARTERIA,20201112,4.0800,4.0800,4.0800,4.0800,1554
ARTIFEX,20201112,9.0000,9.0200,8.7000,9.0000,5392
ASBIS,20201112,7.0000,7.3000,6.8900,7.2800,164828
ASSECOBS,20201112,33.4000,33.4000,33.0000,33.0000,758
ASSECOPOL,20201112,66.2000,66.2000,65.1000,66.0000,67433
ASSECOSEE,20201112,43.8000,43.8000,41.7000,41.9000,53083
ASTARTA,20201112,25.0000,26.1000,23.7000,23.9000,62087
ATAL,20201112,30.5000,31.6000,30.5000,31.5000,346
ATENDE,20201112,2.9800,3.0600,2.9200,3.0600,7926
ATLANTAPL,20201112,6.0200,6.0200,6.0200,6.0200,1000
ATLANTIS,20201112,0.6800,0.6800,0.6800,0.6800,3488
ATLASEST,20201112,1.2000,1.2000,1.2000,1.2000,886
ATMGRUPA,20201112,3.8900,3.9000,3.8000,3.8000,1818
ATREM,20201112,2.2500,2.2700,2.1100,2.2600,7910
AUTOCALLSX7E,20201112,655.0000,655.0000,651.5000,651.5000,450
AUTOPARTN,20201112,7.2600,7.2600,7.0400,7.2600,8081
BAHOLDING,20201112,0.6260,0.6390,0.6030,0.6380,271900
BBIDEV,20201112,3.3600,3.5600,3.3600,3.5000,3504
BEDZIN,20201112,8.9000,9.0000,8.9000,9.0000,886
BENEFIT,20201112,693.0000,700.0000,681.0000,687.0000,499
BEST,20201112,16.0000,16.0000,16.0000,16.0000,5
BETACOM,20201112,10.5500,10.5500,10.4500,10.5500,40
BETAM40TR,20201112,51.6000,51.8000,51.2600,51.6100,4207
BETAW20LV,20201112,32.6500,32.9100,31.7500,32.3400,3700
BETAW20ST,20201112,410.1000,415.7000,410.1000,415.0000,413
BETAW20TR,20201112,30.4350,30.4350,30.0100,30.2000,9859
BIK,20201112,12.1000,12.1500,12.1000,12.1500,125
BIOMEDLUB,20201112,15.2500,16.3500,15.0500,15.6000,1566760
BIOTON,20201112,4.4500,4.4500,4.3100,4.3450,49945
BNPPBSK0924,20201112,933.5000,935.0000,933.5000,935.0000,216
BNPPENDL0522,20201112,995.5000,995.5000,995.5000,995.5000,100
BNPPENDL0722,20201112,1000.5000,1000.5000,1000.5000,1000.5000,100
BNPPPL,20201112,40.3000,41.0000,40.0000,41.0000,45414
BNPPSOHU0923,20201112,972.5000,972.5000,972.5000,972.5000,1
BNPPSX7E0321,20201112,684.0000,684.0000,684.0000,684.0000,350
BNPPSXPP0221,20201112,969.0000,969.0000,969.0000,969.0000,49
BOGDANKA,20201112,16.9800,17.5000,16.9800,17.1000,19130
BOOMBIT,20201112,19.2000,19.3400,18.9000,19.3000,17299
BORYSZEW,20201112,2.8850,2.9200,2.8850,2.8900,205941
BOS,20201112,5.7000,5.7000,5.4800,5.6000,10082
BOWIM,20201112,2.0000,2.0000,1.9200,2.0000,2325
BRASTER,20201112,0.5300,0.5430,0.5000,0.5090,224583
BUDIMEX,20201112,260.0000,260.0000,252.5000,252.5000,3180
BUMECH,20201112,1.8800,1.9700,1.8800,1.9700,3528
CCC,20201112,53.4000,54.0000,50.4800,51.6000,448039
CDPROJEKT,20201112,371.0000,378.4000,367.2000,372.4000,443935
CDRL,20201112,14.0000,14.3500,14.0000,14.3500,1716
CEZ,20201112,81.0000,81.0000,79.2000,81.0000,1921
CFI,20201112,0.1720,0.1720,0.1530,0.1720,1082871
CIECH,20201112,31.4000,31.4000,29.7000,30.3500,197597
CIGAMES,20201112,1.2400,1.3880,1.2100,1.3080,2217551
CITYSERV,20201112,7.6000,7.6000,7.2000,7.2000,347
CLNPHARMA,20201112,42.5000,43.8000,41.5500,43.0000,42024
CNT,20201112,12.4000,13.0000,12.4000,13.0000,1358
COALENERG,20201112,0.5600,0.6100,0.5600,0.6000,35360
COGNOR,20201112,1.1800,1.1950,1.1600,1.1900,32035
COMARCH,20201112,207.0000,207.0000,203.0000,205.0000,467
COMP,20201112,54.0000,54.0000,51.2000,52.2000,8538
COMPERIA,20201112,2.5000,2.5000,2.5000,2.5000,200
CORMAY,20201112,1.4300,1.4900,1.4300,1.4850,393500
CPGROUP,20201112,6.3800,6.3800,6.3800,6.3800,1298
CYFRPLSAT,20201112,27.0000,27.7200,26.8800,27.4000,1379263
DATAWALK,20201112,186.0000,202.0000,186.0000,198.5000,5568
DEBICA,20201112,77.8000,78.6000,77.6000,77.8000,544
DECORA,20201112,29.4000,31.6000,29.4000,30.4000,5863
DEKPOL,20201112,21.8000,22.0000,21.8000,22.0000,705
DELKO,20201112,15.0000,15.3000,15.0000,15.2000,4668
DEVELIA,20201112,1.8240,1.8240,1.7720,1.8180,422284
DGA,20201112,4.7000,4.7000,4.7000,4.7000,19
DIGITREE,20201112,5.8000,6.0000,5.7500,6.0000,1267
DINOPL,20201112,259.0000,262.6000,252.2000,257.6000,442248
DOMDEV,20201112,99.0000,100.5000,98.6000,98.6000,1164
DROZAPOL,20201112,1.6000,1.6900,1.6000,1.6900,98
ECHO,20201112,3.9100,3.9300,3.8500,3.8600,15146
EDINVEST,20201112,3.2600,3.2600,3.2600,3.2600,8
EFEKT,20201112,5.0000,5.0000,5.0000,5.0000,300
EKOEXPORT,20201112,3.2750,3.4600,3.2500,3.4000,38181
ELBUDOWA,20201112,0.7100,0.7770,0.7000,0.7610,26659
ELEKTROTI,20201112,5.5800,5.7200,5.5800,5.6600,255
ELEMENTAL,20201112,2.3950,2.3950,2.3850,2.3950,22352
ELKOP,20201112,0.2440,0.2470,0.2400,0.2470,24778
ELZAB,20201112,3.9800,4.0000,3.8200,3.9800,6101
EMCINSMED,20201112,13.5000,14.1000,12.5000,13.8000,787
ENAP,20201112,1.3100,1.4000,1.3100,1.4000,182
ENEA,20201112,5.4500,5.6800,5.4150,5.5650,366468
ENELMED,20201112,17.9000,17.9000,17.4000,17.4000,247
ENERGA,20201112,8.3150,8.3200,8.3100,8.3200,239876
ENERGOINS,20201112,0.6080,0.6400,0.5720,0.6300,17630
ENTER,20201112,25.9000,26.6000,24.7000,26.5000,15067
ERBUD,20201112,19.9500,20.8000,19.9500,20.8000,2935
ERG,20201112,39.0000,39.0000,37.8000,39.0000,130
ESOTIQ,20201112,9.7800,9.8400,9.4600,9.8400,1676
ETFDAX,20201112,553.5000,555.7000,549.0000,549.0000,292
ETFSP500,20201112,138.4400,139.3000,138.4400,138.5000,1312
ETFW20L,20201112,219.7500,220.9000,217.7000,218.1000,453
EUCO,20201112,4.2900,4.6800,4.2200,4.5000,29572
EUROCASH,20201112,14.5000,15.3800,14.0000,14.6000,738407
EUROHOLD,20201112,4.1800,4.1800,4.1400,4.1400,491
EUROTEL,20201112,23.5000,23.8000,23.2000,23.5000,1879
FAMUR,20201112,1.6800,1.7060,1.5700,1.6320,479931
FASING,20201112,9.6400,10.3500,9.6000,9.9000,5795
FEERUM,20201112,10.7000,11.0000,10.7000,11.0000,189
FERRO,20201112,18.0500,18.5000,17.6500,18.3000,6347
FERRUM,20201112,3.5600,3.5600,3.4000,3.5400,3757
FON,20201112,0.0890,0.0920,0.0840,0.0910,226199
FORTE,20201112,36.0000,36.8000,36.0000,36.5000,2675
GAMEOPS,20201112,22.1000,29.0000,21.5300,28.2000,36495
GAMFACTOR,20201112,14.5000,16.9000,14.4000,16.9000,11455
GAMFACTOR-PDA,20201112,14.5000,15.8440,14.4920,15.7000,7279
GETIN,20201112,0.7700,0.7900,0.7600,0.7850,257330
GETINOBLE,20201112,0.1692,0.1756,0.1692,0.1720,1629833
GLCOSMED,20201112,4.9600,5.4000,4.9000,5.4000,68588
GPW,20201112,45.4000,45.4000,44.3000,44.8500,52626
GROCLIN,20201112,0.9800,1.0000,0.9320,0.9900,34647
GRODNO,20201112,11.3000,12.8000,11.3000,12.4500,134977
GRUPAAZOTY,20201112,24.9000,25.4500,24.8000,25.2000,47727
GTC,20201112,6.2600,6.3000,6.1200,6.2000,16624
HANDLOWY,20201112,34.9000,34.9000,34.0000,34.6000,18896
HARPER,20201112,14.9000,16.0000,14.9000,15.3000,50781
HELIO,20201112,10.9000,10.9000,10.3000,10.3000,55
HERKULES,20201112,1.3400,1.3400,1.3300,1.3300,1650
HUBSTYLE,20201112,1.0800,1.0900,1.0500,1.0800,14043
HYDROTOR,20201112,28.2000,28.2000,28.0000,28.0000,286
I2DEV,20201112,9.7500,9.7500,9.7500,9.7500,11
IALBGR,20201112,0.2780,0.2780,0.2700,0.2700,6300
IDEABANK,20201112,1.5100,1.5260,1.4760,1.5200,70611
IDMSA,20201112,0.8100,0.8100,0.8100,0.8100,1027
IFCAPITAL,20201112,0.7200,0.7500,0.7200,0.7450,3751
IFIRMA,20201112,4.1900,4.2600,4.1100,4.2600,4007
IIAAV,20201112,60.1000,60.1000,60.1000,60.1000,22
IMCOMPANY,20201112,12.5000,13.1500,12.4000,13.0000,31602
IMMOBILE,20201112,2.4500,2.4500,2.4000,2.4000,11
IMPEL,20201112,11.8000,12.2000,11.8000,12.2000,27
IMPERA,20201112,1.0800,1.1500,1.0800,1.1500,10951
IMS,20201112,2.2500,2.3400,2.2000,2.2000,19930
INC,20201112,7.5000,7.6800,7.2000,7.6000,50715
INGBSK,20201112,144.8000,149.0000,142.0000,147.0000,66499
INPRO,20201112,4.5800,4.5800,4.3800,4.3800,504
INSTALKRK,20201112,19.9000,20.5000,19.9000,20.1000,10646
INTERAOLT,20201112,15.0000,15.5000,15.0000,15.4000,13157
INTERCARS,20201112,225.0000,228.0000,218.0000,219.0000,722
INTERFERI,20201112,3.2000,3.2000,3.2000,3.2000,75
INTERSPPL,20201112,0.9300,0.9300,0.9000,0.9000,8108
INTLALE35055,20201112,26.8000,26.8000,23.4500,23.4500,1095
INTLALE35063,20201112,31.6500,31.6500,31.6500,31.6500,150
INTLALE35097,20201112,37.0000,37.5000,34.8000,34.8000,448
INTLALE35170,20201112,15.1200,17.3800,14.1000,14.1400,1649
INTLBCO31179,20201112,86.0000,86.1000,86.0000,86.1000,314
INTLBCO31294,20201112,112.6000,113.0000,112.6000,113.0000,449
INTLBCO31633,20201112,41.0000,41.0000,40.7000,41.0000,298
INTLBCO31658,20201112,48.0000,49.4500,48.0000,49.4500,32
INTLBCO31666,20201112,51.0000,51.0000,51.0000,51.0000,89
INTLBCO31682,20201112,56.2000,56.2000,56.2000,56.2000,200
INTLBCO31716,20201112,71.3000,71.6000,71.3000,71.6000,149
INTLBCO35238,20201112,32.5000,33.9500,32.5000,33.9500,878
INTLBCO35246,20201112,36.7000,36.7000,36.7000,36.7000,20
INTLCCC30999,20201112,2.2400,2.2400,2.1300,2.1300,7000
INTLCCC31005,20201112,2.4200,2.5300,2.4200,2.5100,4000
INTLCDR30478,20201112,12.3400,12.7000,12.2000,12.6200,1401
INTLCDR30726,20201112,11.1000,11.4000,10.7800,11.4000,393
INTLCDR35345,20201112,6.8900,7.4000,6.8900,7.4000,5347
INTLCDR35352,20201112,8.7100,8.7100,8.1000,8.6600,3426
INTLDAX29934,20201112,166.4000,166.4000,166.4000,166.4000,9
INTLDAX30791,20201112,144.4000,144.4000,144.4000,144.4000,16
INTLDAX32193,20201112,87.7000,88.8000,86.2000,86.2000,65
INTLDAX35303,20201112,76.8000,79.8000,74.2000,75.6000,2533
INTLDNP34710,20201112,8.2500,8.2500,7.7500,8.0500,308
INTLDOW33134,20201112,203.0000,203.0000,203.0000,203.0000,3
INTLESX32524,20201112,29.8000,29.8000,29.8000,29.8000,80
INTLEUD33860,20201112,16.6200,17.4400,16.6200,17.1800,770
INTLEUR27599,20201112,19.9000,19.9000,19.3600,19.3600,352
INTLEUR28324,20201112,15.6000,15.6000,15.6000,15.6000,30
INTLGLD21873,20201112,288.5000,288.5000,288.5000,288.5000,62
INTLGLD30130,20201112,151.8000,151.8000,151.8000,151.8000,7
INTLGLD30148,20201112,303.0000,303.0000,303.0000,303.0000,10
INTLGLD30866,20201112,122.8000,124.2000,122.8000,124.2000,60
INTLGLD31310,20201112,100.0000,100.0000,100.0000,100.0000,57
INTLGLD33092,20201112,74.0000,79.0000,74.0000,79.0000,135
INTLGLD33100,20201112,63.0000,68.0000,63.0000,68.0000,75
INTLGLD33464,20201112,37.6500,42.8000,36.5000,42.8000,862
INTLGLD33472,20201112,51.3000,54.9000,48.9500,54.9000,1154
INTLHSC12898,20201112,66.6000,66.6000,66.6000,66.6000,90
INTLJSW30569,20201112,11.2200,11.2200,11.2200,11.2200,332
INTLJSW32136,20201112,7.3000,7.7500,7.0600,7.7500,1960
INTLJSW35386,20201112,5.3700,5.7700,5.3100,5.7700,2370
INTLJSW35394,20201112,6.4000,6.8400,6.0100,6.7700,7180
INTLKGH33936,20201112,34.7000,39.1500,34.7000,39.1500,10
INTLKGH34793,20201112,33.3500,33.3500,33.3500,33.3500,6
INTLLTS34702,20201112,12.7800,12.7800,10.7600,11.0800,4071
INTLLTS35360,20201112,13.5200,13.5200,13.5200,13.5200,995
INTLNAG31732,20201112,2.8800,2.8800,2.8800,2.8800,103
INTLNAG33076,20201112,2.3300,2.3300,2.3300,2.3300,442
INTLNDX12906,20201112,308.0000,308.0000,308.0000,308.0000,10
INTLNDX31906,20201112,140.6000,140.6000,140.6000,140.6000,1
INTLNDX34777,20201112,54.5000,56.9000,54.4000,56.9000,46
INTLOPL21626,20201112,3.0000,3.0400,2.9800,3.0400,2500
INTLPAL25080,20201112,399.5000,399.5000,399.5000,399.5000,33
INTLPEO29439,20201112,20.3000,20.9000,19.7800,20.9000,1400
INTLPGE31427,20201112,2.3700,2.5500,2.3700,2.5400,4850
INTLPGN32615,20201112,1.0800,1.1700,1.0800,1.1500,4298
INTLPKN04101,20201112,16.8800,16.8800,15.2000,16.0200,6630
INTLPKN04119,20201112,18.6800,18.6800,17.3000,17.3000,1644
INTLPKN05496,20201112,14.4200,15.8600,12.6600,13.7000,12094
INTLPKO29413,20201112,11.2800,11.3800,11.2000,11.2000,1417
INTLPKO30395,20201112,7.4400,8.1300,7.2900,8.0200,15768
INTLPKO30403,20201112,8.6000,8.6000,8.6000,8.6000,179
INTLPLA30288,20201112,11.0600,11.1800,11.0600,11.1800,45
INTLPLA31138,20201112,6.8200,7.0200,6.8200,7.0200,165
INTLPLA33084,20201112,3.8200,4.1100,3.8200,4.1100,1040
INTLPZU15610,20201112,6.2000,6.3900,5.6600,6.0300,12305
INTLPZU15800,20201112,7.1100,7.1900,7.1000,7.1000,2121
INTLSLV29702,20201112,45.8500,45.8500,45.8500,45.8500,327
INTLSLV30890,20201112,39.9000,39.9000,39.9000,39.9000,25
INTLSLV33340,20201112,13.9800,14.2000,13.9800,14.2000,102
INTLSLV33357,20201112,16.5000,17.2200,16.5000,17.2200,7103
INTLSLV34967,20201112,10.1600,11.1000,10.1600,11.1000,1242
INTLSPX34785,20201112,20.4000,20.9500,20.4000,20.9500,80
INTLSPX34900,20201112,15.8400,16.6000,15.8400,16.0200,4603
INTLTNF25320,20201112,73.2000,74.6000,73.2000,74.6000,80
INTLUSD20602,20201112,27.4500,27.4500,26.0500,26.0500,410
INTLUSD20842,20201112,44.2000,44.2000,44.2000,44.2000,35
INTLUSD21170,20201112,22.3000,22.3000,22.3000,22.3000,50
INTLW2028605,20201112,8.2500,8.2500,8.2500,8.2500,500
INTLW2029892,20201112,3.8700,3.8700,3.8500,3.8500,3000
INTLW2030585,20201112,3.2500,3.3500,3.2500,3.2800,1498
INTLW2035261,20201112,2.8600,2.8700,2.8100,2.8200,1650
INTLW2035279,20201112,2.9000,3.0000,2.9000,3.0000,2099
INTROL,20201112,3.5200,3.8000,3.4400,3.5800,16842
INTSALE35212,20201112,58.9000,61.5000,58.2000,61.5000,2229
INTSALE35220,20201112,72.1000,72.1000,72.1000,72.1000,31
INTSBCO28027,20201112,33.9000,33.9000,31.0000,31.3000,775
INTSBCO28035,20201112,38.1500,38.1500,38.1500,38.1500,8
INTSBCO28084,20201112,81.3000,81.3000,81.3000,81.3000,20
INTSBCO28308,20201112,25.0000,25.0000,25.0000,25.0000,100
INTSBCO34454,20201112,19.0000,19.9800,16.8400,16.8400,2601
INTSCCC23978,20201112,17.1000,17.1000,17.0000,17.0000,210
INTSCCC34207,20201112,3.3700,3.5500,3.3700,3.5500,8290
INTSCDR34249,20201112,15.1600,15.3400,14.9200,15.1000,4000
INTSCDR34801,20201112,11.0000,11.6200,11.0000,11.0200,802
INTSDAX25783,20201112,34.0000,36.7000,31.0000,35.5000,9430
INTSDAX25825,20201112,46.1500,48.0500,43.3500,47.1500,1427
INTSDAX26591,20201112,58.6000,62.4000,56.3000,60.7000,1844
INTSDAX26609,20201112,71.7000,75.0000,71.7000,72.7000,1674
INTSDAX34330,20201112,20.8000,24.8500,18.5200,23.0000,27876
INTSDOW27128,20201112,93.0000,93.0000,93.0000,93.0000,55
INTSDOW33274,20201112,64.0000,68.6000,64.0000,64.5000,30
INTSESX26021,20201112,22.7500,22.7500,22.7500,22.7500,1000
INTSEUD21246,20201112,17.4000,17.4000,17.4000,17.4000,20
INTSEUR29165,20201112,31.9000,31.9000,31.9000,31.9000,31
INTSGBP27342,20201112,42.9500,42.9500,42.9500,42.9500,772
INTSGBU21030,20201112,72.5000,72.5000,72.5000,72.5000,5
INTSGLD33316,20201112,99.9000,99.9000,96.1000,96.1000,20
INTSGLD34504,20201112,77.2000,78.0000,75.1000,75.1000,50
INTSKGH33969,20201112,37.0500,37.0500,37.0500,37.0500,1
INTSKGH35154,20201112,24.0500,25.4500,20.9000,20.9000,536
INTSNAG24851,20201112,6.8300,6.8300,6.8300,6.8300,200
INTSNAG27797,20201112,3.9900,3.9900,3.9900,3.9900,5000
INTSNDX33225,20201112,39.9000,40.2000,34.7000,34.7000,12923
INTSNDX33233,20201112,53.5000,53.5000,51.5000,51.5000,124
INTSNDX33241,20201112,66.1000,66.1000,66.1000,66.1000,25
INTSNDX33639,20201112,115.0000,115.0000,113.0000,113.0000,33
INTSNDX33647,20201112,130.6000,130.6000,130.6000,130.6000,7
INTSNKX27094,20201112,74.2000,74.2000,71.0000,71.0000,42
INTSPAL27805,20201112,141.0000,143.6000,141.0000,143.6000,8
INTSPEO32326,20201112,19.9000,20.1000,19.3600,19.6600,7450
INTSPGE34157,20201112,2.5100,2.5100,2.4000,2.4000,2415
INTSPKN23663,20201112,67.2000,67.2000,67.2000,67.2000,50
INTSPKN27649,20201112,32.4500,32.4500,32.3000,32.3000,90
INTSPKN34173,20201112,20.5000,22.6000,20.2000,22.6000,12158
INTSPKO23630,20201112,23.4500,23.4500,23.4000,23.4000,150
INTSPKO32300,20201112,6.1500,6.6500,5.9300,5.9800,41635
INTSPLA34587,20201112,4.7900,4.7900,4.7900,4.7900,208
INTSPZU34165,20201112,13.5800,13.5800,13.5800,13.5800,500
INTSSLV33696,20201112,26.6500,26.6500,26.6500,26.6500,35
INTSSPX34140,20201112,15.6800,15.6800,15.2200,15.5000,1145
INTSSPX34215,20201112,27.7500,27.7500,27.7500,27.7500,7
INTSSPX34413,20201112,9.6800,9.6800,9.0000,9.1500,3826
INTSSPX34439,20201112,41.5000,41.5000,40.7500,40.7500,59
INTSUSD32698,20201112,30.2000,30.2000,30.2000,30.2000,134
INTSUSD35428,20201112,22.9000,23.5000,22.9000,23.5000,100
INTSW2026005,20201112,4.8700,5.0000,4.8700,4.9600,515
INTSW2028464,20201112,1.6800,1.8300,1.6800,1.8000,25243
INTSW2028472,20201112,2.3400,2.3400,2.3400,2.3400,187
INTSW2028480,20201112,2.7300,2.8800,2.6300,2.7500,5504
INTSW2034280,20201112,0.9500,1.1900,0.9500,1.1200,65511
INTSW2034298,20201112,1.2800,1.3500,1.2700,1.2900,2854
INTSW2034306,20201112,1.5600,1.5600,1.5600,1.5600,500
INVFIZ,20201112,951.1000,951.1000,951.1000,951.1000,1
INVISTA,20201112,0.3300,0.3300,0.3300,0.3300,20
INVPEFIZ,20201112,878.9000,878.9000,878.9000,878.9000,1
IPOPEMA,20201112,3.7800,3.7800,3.5000,3.7000,41429
ITMTRADE,20201112,0.1310,0.1415,0.1310,0.1400,8852
IZOBLOK,20201112,30.0000,31.6000,30.0000,31.6000,523
IZOLACJA,20201112,1.4450,1.4700,1.3550,1.4700,8365
IZOSTAL,20201112,2.2900,2.3000,2.2000,2.2800,30488
JSW,20201112,18.7750,19.9500,18.7650,19.7750,1061634
JWCONSTR,20201112,2.9800,3.0700,2.9800,3.0600,18705
JWWINVEST,20201112,2.3800,2.3800,2.3800,2.3800,25
K2INTERNT,20201112,17.6000,17.9000,17.4000,17.9000,1221
KCI,20201112,0.6200,0.6460,0.6160,0.6160,27923
KERNEL,20201112,41.7500,44.0000,41.7500,42.7500,40216
KETY,20201112,458.0000,458.0000,440.0000,440.0000,2879
KGHM,20201112,133.9000,138.0000,132.1000,137.0000,585390
KGL,20201112,16.8500,16.8500,16.3500,16.3500,439
KINOPOL,20201112,6.7000,7.3000,6.5500,7.3000,10108
KOGENERA,20201112,32.2000,32.8000,32.2000,32.8000,842
KOMPAP,20201112,7.6500,7.9000,7.6500,7.9000,2
KOMPUTRON,20201112,1.9400,1.9600,1.9100,1.9600,1382
KPPD,20201112,27.4000,27.4000,27.4000,27.4000,1
KREC,20201112,7.4200,7.4200,7.4200,7.4200,628
KREDYTIN,20201112,11.4000,11.4000,11.4000,11.4000,6
KRKA,20201112,376.0000,376.0000,373.0000,373.0000,24
KRUK,20201112,148.1000,153.3000,147.1000,150.6000,28538
KRUSZWICA,20201112,56.6000,56.8000,56.2000,56.4000,977
KRVITAMIN,20201112,20.0000,20.9000,18.0000,18.0000,116462
KSGAGRO,20201112,1.1700,1.3700,1.1700,1.2100,95184
LABOPRINT,20201112,10.0000,10.0000,9.8000,9.8000,142
LARQ,20201112,1.6900,1.6900,1.6300,1.6850,6903
LENA,20201112,3.4600,3.4600,3.4400,3.4500,6432
LENTEX,20201112,9.0000,9.1000,8.9800,9.1000,2143
LIBET,20201112,2.0700,2.0700,2.0000,2.0700,3733
LIVECHAT,20201112,92.7000,97.7000,92.0000,95.0000,51078
LOKUM,20201112,11.9000,12.0000,11.9000,12.0000,100234
LOTOS,20201112,32.8000,34.5600,32.3100,32.5700,1233258
LPP,20201112,7580.0000,7660.0000,7080.0000,7215.0000,3576
LSISOFT,20201112,12.5000,12.5000,12.2000,12.2500,3389
LUBAWA,20201112,1.4600,1.5300,1.4250,1.5050,602540
MABION,20201112,24.8000,25.8000,24.3500,24.8500,30576
MAKARONPL,20201112,5.7000,5.7000,5.6000,5.7000,1535
MANGATA,20201112,51.0000,51.0000,47.6000,49.4000,661
MARVIPOL,20201112,5.1200,5.3000,5.1000,5.2800,29419
MASTERPHA,20201112,4.0600,4.3500,4.0500,4.2500,9608
MAXCOM,20201112,11.7000,11.9000,11.3500,11.7500,3774
MBANK,20201112,169.0000,173.0000,161.4000,169.2000,143028
MBWS,20201112,5.9000,5.9000,5.6000,5.7000,1145
MCI,20201112,14.6500,14.6500,14.2000,14.5000,598
MDIENERGIA,20201112,3.9400,3.9400,3.7900,3.8400,14796
MEDIACAP,20201112,1.9700,2.0900,1.9700,2.0900,26165
MEDICALG,20201112,24.3500,25.6000,24.3000,25.4000,22266
MENNICA,20201112,19.6000,20.0000,19.5000,20.0000,3095
MERCATOR,20201112,526.0000,548.0000,520.0000,534.0000,93072
MERCOR,20201112,10.0500,10.0500,9.7200,9.9000,2087
MEXPOLSKA,20201112,1.3300,1.3300,1.2100,1.3100,41506
MFO,20201112,19.3000,20.6000,19.3000,20.2000,415
MILKILAND,20201112,0.6000,0.6300,0.6000,0.6300,44165
MILLENNIUM,20201112,2.9020,2.9780,2.8700,2.8800,2028104
MIRACULUM,20201112,1.1100,1.1400,1.1100,1.1400,12000
MIRBUD,20201112,2.1400,2.3500,2.1400,2.3400,617789
MLPGROUP,20201112,84.5000,84.5000,79.0000,84.5000,494
MLSYSTEM,20201112,73.0000,78.6000,73.0000,78.6000,16618
MOBRUK,20201112,340.0000,340.0000,330.0000,330.0000,35
MOJ,20201112,1.3000,1.3000,1.3000,1.3000,27700
MOL,20201112,23.0400,24.0000,23.0400,23.7000,12469
MONNARI,20201112,1.5500,1.5800,1.5400,1.5800,12510
MOSTALPLC,20201112,8.3000,8.3000,8.2000,8.2000,1920
MOSTALWAR,20201112,4.3400,4.5000,4.1500,4.3900,3381
MOSTALZAB,20201112,0.8500,0.8680,0.8380,0.8680,75715
MUZA,20201112,2.5000,2.6400,2.4800,2.6400,3002
MWTRADE,20201112,1.5800,1.6600,1.5800,1.6600,5133
NANOGROUP,20201112,8.0000,8.0000,7.2500,7.7000,27152
NETIA,20201112,4.6500,4.7400,4.6200,4.7400,12117
NEUCA,20201112,605.0000,605.0000,588.0000,603.0000,4563
NEWAG,20201112,26.4000,26.6000,26.0000,26.4000,2638
NEXITY,20201112,16.9000,17.5000,16.6000,17.5000,673
NOVATURAS,20201112,9.8500,9.8500,9.1000,9.5000,1074
NOVAVISGR,20201112,1.7400,1.7400,1.6400,1.7400,6672
NOVITA,20201112,141.0000,141.0000,135.0000,140.0000,649
NOWAGALA,20201112,0.7520,0.7520,0.7500,0.7500,37616
NTTSYSTEM,20201112,2.9000,2.9700,2.8700,2.9600,8217
OAT,20201112,61.0000,65.4000,56.4000,57.8000,399743
ODLEWNIE,20201112,4.3500,4.6000,4.3500,4.4100,6690
OEX,20201112,15.2000,15.2000,15.1000,15.1000,3887
OPENFIN,20201112,0.7000,0.7000,0.7000,0.7000,3
OPONEO.PL,20201112,32.8000,32.8000,32.3000,32.6000,1455
OPTEAM,20201112,24.0000,24.2000,23.6000,24.2000,1324
ORANGEPL,20201112,6.6350,6.7650,6.4750,6.5600,2033428
ORCOGROUP,20201112,1.1500,1.2800,1.1500,1.2800,20075
ORZBIALY,20201112,10.6500,10.8000,10.0500,10.8000,1327
OTLOG,20201112,4.3000,4.3000,4.3000,4.3000,72
OTMUCHOW,20201112,1.3100,1.3800,1.3100,1.3700,2044
OVOSTAR,20201112,67.5000,67.5000,67.0000,67.5000,1109
PAMAPOL,20201112,1.3600,1.3700,1.3600,1.3600,4456
PANOVA,20201112,10.7000,10.7000,9.9200,10.2000,2932
PATENTUS,20201112,0.9480,0.9600,0.9220,0.9600,20544
PBKM,20201112,78.0000,79.2000,77.0000,79.2000,326
PCCEXOL,20201112,3.4000,3.8300,3.4000,3.7400,373502
PCCROKITA,20201112,46.8000,47.5000,46.2000,46.9000,7747
PEKABEX,20201112,15.2000,15.4000,15.0000,15.1500,13858
PEKAO,20201112,52.5000,54.2000,52.3800,53.9800,3043730
PEMANAGER,20201112,14.6000,15.4500,14.6000,15.1000,2037
PEP,20201112,52.8000,53.8000,52.2000,53.0000,4097
PEPEES,20201112,1.2900,1.3500,1.2900,1.3500,4897
PGE,20201112,5.9000,6.1000,5.8500,6.0300,3630743
PGNIG,20201112,4.8100,4.8510,4.6800,4.7320,7601448
PGO,20201112,1.0500,1.1200,1.0050,1.1000,5427
PGSSOFT,20201112,12.3000,12.3000,12.0000,12.0000,9381
PHARMENA,20201112,12.2000,12.5000,11.9500,12.4500,17936
PHN,20201112,10.4000,10.4500,10.1500,10.4000,1578
PKNORLEN,20201112,47.8200,49.0000,45.5800,46.9200,2656991
PKOASZEWZ,20201112,98.2600,98.2600,96.0100,98.2500,182
PKOBP,20201112,24.0000,24.8600,23.8300,24.8600,9510018
PKOGD,20201112,101.0300,102.9900,101.0300,102.9900,215
PKOSO,20201112,107.2100,107.2100,107.2100,107.2100,100
PKPCARGO,20201112,11.4400,11.7200,11.1200,11.6400,114116
PLASTBOX,20201112,1.7800,1.7850,1.7800,1.7850,12113
PLAY,20201112,38.8000,38.8000,38.5200,38.6400,804239
PLAYWAY,20201112,550.0000,552.0000,532.0000,546.0000,3362
PLAZACNTR,20201112,1.7000,1.7000,1.7000,1.7000,100
PMPG,20201112,1.4900,1.7100,1.4500,1.7100,16091
POLICE,20201112,11.7000,11.7000,11.3000,11.5000,2736
POLIMEXMS,20201112,2.0700,2.1700,2.0550,2.1500,249000
POLNORD,20201112,2.9100,2.9900,2.8800,2.8900,26358
POLWAX,20201112,3.0900,3.2200,3.0900,3.2000,224218
POZBUD,20201112,1.8050,1.8600,1.7950,1.8600,28202
PRAGMAFA,20201112,18.5000,20.2000,17.9000,19.9000,4694
PRAGMAINK,20201112,6.9600,7.0000,6.9600,7.0000,98
PRAIRIE,20201112,0.5900,0.6200,0.5700,0.5880,411583
PRIMETECH,20201112,1.1950,1.1950,1.1300,1.1300,5003
PROCHEM,20201112,17.9000,17.9000,17.8000,17.9000,176
PROJPRZEM,20201112,16.0000,16.0000,15.4000,15.4000,140
PROTEKTOR,20201112,4.0600,4.0600,3.9400,4.0600,17472
PROVIDENT,20201112,3.4900,3.7000,3.4300,3.6300,108604
PULAWY,20201112,82.8000,85.4000,79.6000,81.0000,2433
PUNKPIRAT,20201112,0.6900,0.7850,0.6900,0.7750,219674
PZU,20201112,24.7200,25.1500,24.3800,24.5600,6525650
PZUAKORD,20201112,119.3500,119.4000,119.3500,119.4000,290
QMULTIFIZ,20201112,1194.9000,1194.9000,1194.9000,1194.9000,6
QUERCUS,20201112,3.2800,3.2800,3.2200,3.2400,8259
R22,20201112,30.5000,31.8000,30.5000,31.0000,5113
RADPOL,20201112,2.3900,2.3900,2.2700,2.3400,15130
RAFAKO,20201112,0.9280,0.9500,0.8830,0.8990,1518757
RAFAMET,20201112,14.0000,14.0000,14.0000,14.0000,3
RAINBOW,20201112,17.0000,17.0000,16.5000,16.8000,18898
RANKPROGR,20201112,1.4000,1.4450,1.4000,1.4450,18673
RAWLPLUG,20201112,7.8000,7.8000,7.6800,7.7000,131
RCCOFFAOPEN1,20201112,2.7100,2.7100,2.6900,2.6900,600
RCESX7E0923,20201112,792.0000,792.0000,792.0000,792.0000,334
RCESXPP0924,20201112,1048.0000,1048.0000,1048.0000,1048.0000,60
RCEW200325,20201112,993.0000,993.0000,992.5000,992.5000,109
RCFL10GOLD,20201112,9.9500,10.4400,9.9500,10.4400,731
RCFL10GOLD1,20201112,4.6600,4.6700,4.6600,4.6700,1000
RCFL10OIL2,20201112,4.2400,4.2400,4.2400,4.2400,200
RCFL2COCO,20201112,7.3600,7.3600,7.3600,7.3600,200
RCFL2COFF2,20201112,5.0800,5.0800,5.0800,5.0800,300
RCFL2OIL,20201112,2.3300,2.3300,2.3300,2.3300,1000
RCFL2SUGA2,20201112,7.4900,7.4900,7.4900,7.4900,500
RCFL311B,20201112,4.8500,4.8700,4.8500,4.8700,300
RCFL3ALE,20201112,15.8000,15.8000,15.8000,15.8000,50
RCFL3ALR1,20201112,7.6900,7.6900,7.6900,7.6900,2000
RCFL3BZW,20201112,2.4500,2.4500,2.4500,2.4500,7000
RCFL3CDPRO1,20201112,68.7000,68.7000,68.7000,68.7000,75
RCFL3CDPRO2,20201112,6.7800,6.7800,6.7800,6.7800,200
RCFL3COCO,20201112,4.3100,4.3100,4.3100,4.3100,550
RCFL3COFF3,20201112,6.2300,6.3900,6.2300,6.3900,1840
RCFL3CORN,20201112,2.2400,2.2400,2.2400,2.2400,10
RCFL3CORN2,20201112,13.7600,14.0000,13.6000,13.6000,270
RCFL3EAD,20201112,0.9600,0.9600,0.9600,0.9600,10000
RCFL3EUH,20201112,0.8300,0.8300,0.8300,0.8300,10
RCFL3GOLD,20201112,64.6000,64.6000,64.6000,64.6000,10
RCFL3GOLD1,20201112,12.4400,12.4400,12.4400,12.4400,620
RCFL3JSW,20201112,0.2600,0.3000,0.2600,0.2800,309680
RCFL3JSW1,20201112,9.8400,10.0000,9.8400,10.0000,432
RCFL3KGH,20201112,4.8100,4.8100,4.8100,4.8100,8000
RCFL3LTS1,20201112,0.1800,0.1800,0.1500,0.1700,36003
RCFL3MBK,20201112,1.1100,1.2900,1.1100,1.2900,50000
RCFL3MWIG40,20201112,5.6800,5.7800,5.6800,5.7800,2500
RCFL3NAG,20201112,0.1300,0.1300,0.1300,0.1300,4500
RCFL3NAG2,20201112,3.8300,3.8300,3.7800,3.7800,3301
RCFL3OIL2,20201112,1.3400,1.3900,1.3400,1.3900,13300
RCFL3OIL4,20201112,0.0400,0.0400,0.0400,0.0400,2000
RCFL3PALL2,20201112,1.9200,1.9200,1.9200,1.9200,300
RCFL3PEO,20201112,0.8000,0.8300,0.8000,0.8300,66085
RCFL3PGE,20201112,0.1200,0.1200,0.1200,0.1200,10000
RCFL3PGE1,20201112,10.2000,10.2000,10.2000,10.2000,165
RCFL3PGN2,20201112,19.1600,19.2000,17.7000,17.7000,560
RCFL3PKN,20201112,7.3900,7.9500,6.6500,7.0800,1501
RCFL3PKO,20201112,3.1000,3.2500,3.1000,3.2500,22806
RCFL3PLAT2,20201112,8.2200,8.2200,8.2200,8.2200,1000
RCFL3PLW,20201112,9.3600,9.6300,9.3600,9.6300,490
RCFL3PZU,20201112,8.1400,8.2700,7.7500,7.8000,1844
RCFL3SILVE3,20201112,17.3000,17.3000,17.3000,17.3000,30
RCFL3SOY,20201112,7.2100,7.2100,7.1600,7.1600,85
RCFL3TPE,20201112,5.0000,5.3000,5.0000,5.3000,2150
RCFL3W20,20201112,23.0000,23.0000,22.5000,22.7000,557
RCFL3WHT,20201112,3.5300,3.5300,3.5300,3.5300,10
RCFL3WHT3,20201112,9.6100,9.6100,9.6100,9.6100,150
RCFL4ALE,20201112,19.7600,20.0000,18.5000,18.5000,541
RCFL4CDPRO,20201112,29.5500,31.8000,28.1000,31.0000,1954
RCFL4COFF,20201112,0.5500,0.5500,0.5500,0.5500,2000
RCFL4COPP2,20201112,8.8800,8.8800,8.8800,8.8800,168
RCFL4DNP,20201112,27.6500,27.6500,27.4500,27.4500,30
RCFL4FW202,20201112,1.5800,1.5800,1.5800,1.5800,680
RCFL4FW203,20201112,2.2200,2.2200,2.1800,2.1800,17333
RCFL4PEO1,20201112,4.6900,4.8800,4.4700,4.7500,5740
RCFL4PGE,20201112,5.8700,5.8700,5.8700,5.8700,500
RCFL4PKN1,20201112,1.3400,1.3900,1.2400,1.3900,68691
RCFL4PKO,20201112,0.3200,0.3400,0.3200,0.3300,190910
RCFL4PKO1,20201112,7.6100,7.8000,7.3000,7.8000,1860
RCFL4PZU,20201112,0.3400,0.3500,0.3400,0.3500,22000
RCFL4SILVE1,20201112,5.8900,5.8900,5.8900,5.8900,30
RCFL5ALE,20201112,21.8000,24.4000,19.0000,19.6800,5385
RCFL5COFF4,20201112,5.5800,5.5800,5.5800,5.5800,500
RCFL5FW20,20201112,0.5300,0.5300,0.5300,0.5300,1000
RCFL5MWIG40,20201112,2.0000,2.0000,1.8300,1.9100,11685
RCFL5OIL4,20201112,9.6100,9.6100,9.6100,9.6100,1
RCFL5SBO1,20201112,12.1400,12.1400,12.1400,12.1400,229
RCFL5SILVE,20201112,1.3000,1.3100,1.2000,1.3100,891
RCFL5SOY,20201112,13.9800,13.9800,13.9800,13.9800,2
RCFL5SUGA1,20201112,1.4200,1.4200,1.4200,1.4200,1000
RCFL5W20,20201112,10.3400,10.3400,10.3400,10.3400,150
RCFL6COCO,20201112,3.1600,3.4300,3.1600,3.4300,672
RCFL6COFF1,20201112,0.7000,0.7000,0.7000,0.7000,5000
RCFL6COFF3,20201112,4.3000,4.6300,4.3000,4.6300,529
RCFL6FW201,20201112,0.4500,0.4500,0.4300,0.4500,119250
RCFL6SBO,20201112,10.7800,10.7800,10.7800,10.7800,2
RCFL6SILVE2,20201112,9.4300,9.9000,9.4300,9.9000,80
RCFL6W20,20201112,9.3400,10.0000,9.2100,9.4800,1797
RCFL8COFF,20201112,0.1200,0.1200,0.1200,0.1200,10000
RCFL8COFF1,20201112,0.3900,0.3900,0.3900,0.3900,2600
RCFL9GOLD,20201112,6.3200,6.3200,6.3200,6.3200,175
RCFODAOPEN,20201112,39.2500,39.2500,39.2500,39.2500,3
RCFS10GOLD2,20201112,12.3400,12.3400,12.3400,12.3400,100
RCFS10OIL2,20201112,0.8700,0.8700,0.8700,0.8700,2000
RCFS10SILVE2,20201112,4.8800,4.8800,4.8800,4.8800,50
RCFS2W20,20201112,58.6000,58.6000,58.2000,58.2000,890
RCFS3ALR1,20201112,3.4800,3.4800,3.4800,3.4800,859
RCFS3CDPRO,20201112,3.2400,3.2400,3.2400,3.2400,400
RCFS3DNP,20201112,4.5900,4.5900,4.5900,4.5900,600
RCFS3FDX,20201112,4.5600,4.5600,4.4900,4.5600,1310
RCFS3KGH,20201112,0.1600,0.1600,0.1500,0.1500,87774
RCFS3LPP,20201112,0.2400,0.2400,0.2400,0.2400,12000
RCFS3MWIG40,20201112,8.0900,8.1400,8.0900,8.1400,1100
RCFS3PEO,20201112,14.5200,14.5200,13.7800,13.7800,120
RCFS3PGE,20201112,1.0600,1.0600,1.0200,1.0200,2330
RCFS3PKN1,20201112,19.2800,20.3500,19.1600,19.4400,718
RCFS3PKO,20201112,4.3600,4.5800,4.2100,4.2100,934
RCFS3PZU,20201112,3.9400,3.9400,3.9400,3.9400,500
RCFS3SILVE1,20201112,1.3900,1.3900,1.3900,1.3900,600
RCFS3TPE,20201112,0.8300,0.8300,0.7300,0.7400,40320
RCFS3W20,20201112,28.4000,28.4000,28.0000,28.0000,286
RCFS4CDPRO1,20201112,1.7700,1.7700,1.7700,1.7700,1000
RCFS4DNP,20201112,3.3300,3.4300,3.2300,3.3700,18350
RCFS4ESX,20201112,0.3100,0.3100,0.2900,0.3100,27154
RCFS4KGH1,20201112,7.6200,7.6200,6.8700,6.8700,343
RCFS4LPP,20201112,2.0500,2.1700,2.0500,2.1700,1111
RCFS4PEO,20201112,11.7800,12.2000,10.5400,11.2600,4599
RCFS4PKN,20201112,12.0000,13.6200,12.0000,13.4600,260
RCFS4PKO,20201112,5.7900,5.7900,5.5600,5.5600,1350
RCFS4PZU,20201112,13.0000,14.0000,13.0000,14.0000,3000
RCFS5COFF1,20201112,5.3000,5.3000,5.3000,5.3000,100
RCFS5FW20,20201112,3.4800,3.5100,3.4800,3.5100,400
RCFS5SILVE,20201112,0.0400,0.0400,0.0400,0.0400,25000
RCFS5SUGA,20201112,1.8100,1.8100,1.8100,1.8100,1000
RCFS5SUGA1,20201112,1.1300,1.1300,1.0100,1.0100,11000
RCFS6COCO1,20201112,3.1800,3.1800,3.1800,3.1800,200
RCFS6FW201,20201112,3.0000,3.0000,3.0000,3.0000,320
RCFS6W201,20201112,2.7400,2.8400,2.6500,2.7800,12791
RCGKOMP1222,20201112,1114.0000,1114.0000,1114.0000,1114.0000,37
RCGLDAOPEN,20201112,727.0000,727.0000,725.0000,726.0000,19
RCGNS0422,20201112,1036.0000,1036.0000,1036.0000,1036.0000,100
RCGOIL1022,20201112,1032.0000,1032.0000,1032.0000,1032.0000,64
RCGSDGP0623,20201112,983.5000,983.5000,983.5000,983.5000,40
RCGSXHC0422,20201112,1140.0000,1140.0000,1140.0000,1140.0000,50
RCGSXLV1220,20201112,1028.0000,1028.0000,1028.0000,1028.0000,5
RCGTECBSK0221,20201112,1049.0000,1049.5000,1049.0000,1049.5000,271
RCGXAU0322,20201112,1076.0000,1076.0000,1076.0000,1076.0000,110
RCLOILAOPEN,20201112,14.4200,14.5000,14.4200,14.5000,4310
RCLOILAOPEN1,20201112,160.2000,160.4000,160.2000,160.4000,13
RCNDXAOPEN,20201112,451.0000,451.0000,451.0000,451.0000,1
RCRBSPX1122,20201112,611.5000,611.5000,611.5000,611.5000,400
RCRDXAOPEN,20201112,58.7000,58.7000,58.7000,58.7000,8
RCRPGN1021,20201112,932.0000,932.0000,932.0000,932.0000,10
RCRPKN0922,20201112,890.0000,890.0000,890.0000,890.0000,10
RCRPKN1121,20201112,582.0000,582.0000,582.0000,582.0000,10
RCSP5AOPEN,20201112,135.6000,135.6000,135.6000,135.6000,2
RCTSJSW2,20201112,1.6700,1.6800,1.6600,1.6800,2400
RCTSKRU1,20201112,3.3200,3.3600,3.2800,3.3600,1500
RCTSPGE3,20201112,1.8600,1.8600,1.6800,1.6800,5000
RCWHTAOPEN1,20201112,15.2200,15.2200,15.1400,15.1400,4925
REDAN,20201112,0.1810,0.1810,0.1700,0.1700,9405
REINO,20201112,1.4600,1.4600,1.4000,1.4600,492
RELPOL,20201112,5.0000,5.1400,4.9500,5.0800,40104
REMAK,20201112,10.3500,10.3500,10.0000,10.0000,384
RONSON,20201112,1.2800,1.3700,1.2600,1.2900,97820
ROPCZYCE,20201112,21.5000,22.1000,21.5000,22.0000,1493
RYVU,20201112,53.8000,53.8000,51.6000,53.4000,23753
SANOK,20201112,13.0000,13.2000,13.0000,13.1000,65002
SANPL,20201112,171.2000,176.2000,167.0000,172.9000,211901
SANTANDER,20201112,10.2400,10.3800,9.4000,10.2500,97976
SANWIL,20201112,3.6800,4.0400,3.6800,3.9000,113742
SEKO,20201112,8.7000,8.9000,8.7000,8.7500,447
SELENAFM,20201112,14.4000,15.2000,14.4000,15.2000,2755
SELVITA,20201112,45.4000,46.3000,42.8000,43.4000,19771
SERINUS,20201112,0.3480,0.3500,0.3400,0.3500,34325
SESCOM,20201112,22.8000,24.0000,22.2000,24.0000,1032
SFINKS,20201112,0.2950,0.2950,0.2800,0.2890,34960
SIMPLE,20201112,11.2000,11.2000,11.0000,11.0000,1743
SKARBIEC,20201112,23.9000,24.5000,23.9000,24.3000,1227
SKOTAN,20201112,1.7700,1.8550,1.7700,1.8500,1936
SKYLINE,20201112,0.7500,0.7500,0.7200,0.7200,220
SLEEPZAG,20201112,0.3700,0.3740,0.3700,0.3740,9969
SNIEZKA,20201112,88.0000,88.2000,88.0000,88.2000,112
SOLAR,20201112,3.6500,4.2000,3.6500,4.1000,27613
SONEL,20201112,9.6000,9.6000,9.6000,9.6000,15
SOPHARMA,20201112,12.2000,12.7000,11.7000,12.2000,1451
STALEXP,20201112,2.9000,3.1400,2.9000,3.1200,678742
STALPROD,20201112,204.0000,209.0000,204.0000,208.0000,1473
STALPROFI,20201112,5.7200,6.0000,5.7200,5.8200,10643
STAPORKOW,20201112,2.5600,2.5800,2.5400,2.5800,3500
STARHEDGE,20201112,0.4400,0.4400,0.4000,0.4000,1693
SUNEX,20201112,4.9500,5.0000,4.8000,4.8400,45666
SUWARY,20201112,16.0000,16.0000,15.8000,15.8000,55
SWISSMED,20201112,3.8300,4.1000,3.6300,3.7400,27989
SYGNITY,20201112,7.7800,8.0600,7.7800,7.9000,6025
SYNEKTIK,20201112,28.8000,31.3000,28.4000,31.0000,42997
TALEX,20201112,11.6000,11.6000,11.5000,11.5500,725
TAURONPE,20201112,2.0920,2.1920,2.0700,2.1680,4189322
TBULL,20201112,21.3000,21.8000,20.9000,21.0000,2413
TERMOREX,20201112,0.9200,0.9200,0.9200,0.9200,120
TESGAS,20201112,4.1000,4.1000,4.0000,4.0800,11128
TIM,20201112,14.8000,15.2000,14.7000,14.9500,29189
TORPOL,20201112,10.2000,10.8000,10.0000,10.4500,39921
TOYA,20201112,7.3000,7.3000,6.9000,7.0800,61938
TRAKCJA,20201112,1.6900,1.6900,1.5800,1.6200,184831
TRANSPOL,20201112,2.8800,2.8800,2.8300,2.8800,16594
TRIGONPP,20201112,42.6000,42.6000,42.6000,42.6000,102
TRITON,20201112,2.2900,2.2900,2.2000,2.2000,1004
TSGAMES,20201112,600.0000,600.0000,583.0000,597.0000,29858
UCEXDTEGN0423,20201112,1051.0000,1051.5000,1051.0000,1051.5000,50
ULMA,20201112,48.6000,48.6000,45.0000,45.6000,421
ULTGAMES,20201112,26.4500,28.2000,26.4500,28.0000,9113
UNIBEP,20201112,8.1400,8.6400,8.0000,8.0200,16884
UNIMA,20201112,2.8600,2.9000,2.8600,2.9000,125
UNIMOT,20201112,29.5000,31.3000,29.4500,31.0500,20082
URSUS,20201112,0.6370,0.6780,0.6370,0.6600,421925
VENTUREIN,20201112,1.6200,1.6700,1.6200,1.6700,1605
VIGOSYS,20201112,520.0000,525.0000,520.0000,525.0000,77
VINDEXUS,20201112,4.8400,4.8600,4.8400,4.8600,300
VISTAL,20201112,2.3400,2.3900,2.3100,2.3500,38748
VIVID,20201112,1.8380,1.8400,1.8000,1.8400,43656
VOTUM,20201112,12.1000,12.4500,12.1000,12.4500,7569
VOXEL,20201112,42.3000,44.0000,42.0000,43.2000,2276
VRG,20201112,2.2600,2.4400,2.2600,2.3750,306390
WARIMPEX,20201112,4.9100,4.9100,4.9100,4.9100,80
WASKO,20201112,1.3000,1.3400,1.3000,1.3200,34032
WAWEL,20201112,550.0000,560.0000,550.0000,550.0000,1551
WIELTON,20201112,4.3000,4.3400,4.2300,4.2700,56585
WIRTUALNA,20201112,79.8000,79.8000,76.2000,77.8000,1242
WITTCHEN,20201112,7.1800,7.4600,7.1400,7.4600,4162
WOJAS,20201112,4.0200,4.0200,3.9000,3.9400,771
WORKSERV,20201112,0.8500,0.8500,0.8100,0.8310,152262
XTB,20201112,16.8000,17.2000,16.6000,17.0500,340926
XTPL,20201112,73.6000,75.4000,72.0000,75.0000,382
ZAMET,20201112,0.8350,0.8500,0.8200,0.8500,189983
ZASTAL,20201112,25.0000,30.0000,25.0000,30.0000,13182
ZEPAK,20201112,9.8400,10.0000,9.8400,10.0000,4832
ZPUE,20201112,150.0000,150.0000,139.0000,143.0000,841
ZREMB,20201112,0.7500,0.7500,0.7100,0.7500,103
ZUE,20201112,3.3400,3.3400,3.1800,3.2200,4068
ZYWIEC,20201112,478.0000,480.0000,476.0000,480.0000,305
INVESTORMS,20201112,3993.3900,3993.3900,3993.1800,3993.1800,302212.121
MWIG40,20201112,3700.3100,3713.1600,3668.2900,3687.9500,211542.422
MWIG40DVP,20201112,63.1100,63.1100,63.1100,63.1100,211542.422
MWIG40TR,20201112,4900.8700,4915.9400,4860.7200,4884.4900,211542.422
SWIG80,20201112,14526.7200,14632.9500,14520.0200,14623.7800,56478.949
SWIG80DVP,20201112,270.7600,270.7600,270.7600,270.7600,56478.949
SWIG80TR,20201112,18766.4000,18903.6400,18757.7400,18891.7900,56478.949
WIG,20201112,51220.5100,51653.9500,50973.4800,51229.2300,2046756.475
WIG-BANKI,20201112,4099.7600,4220.6000,4092.6600,4207.1900,498496.160
WIG-BUDOW,20201112,3055.8300,3072.2800,3019.7600,3028.8900,4986.799
WIG-CEE,20201112,1139.2100,1147.2100,1139.2100,1147.2100,5081.205
WIG-CHEMIA,20201112,7163.9400,7226.0100,7008.8400,7127.6900,8317.794
WIG-ENERG,20201112,1776.6500,1829.3100,1775.7500,1818.1200,36731.122
WIG-ESG,20201112,8366.3000,8453.4400,8346.8200,8397.5100,1564295.472
WIG-GORNIC,20201112,4123.1000,4252.8300,4077.9500,4223.9900,100948.331
WIG-INFO,20201112,3697.7500,3714.9800,3664.2300,3704.1500,13722.177
WIG-LEKI,20201112,5599.9600,5870.1100,5599.9600,5782.6300,28120.301
WIG-MEDIA,20201112,5286.3200,5306.6500,5164.7900,5199.7300,491.901
WIG-MOTO,20201112,3658.5400,3692.1800,3562.9900,3599.9300,1384.511
WIG-NRCHOM,20201112,2172.5300,2181.4700,2148.3100,2163.4000,2873.169
WIG-ODZIEZ,20201112,4351.5500,4396.4800,4117.7500,4176.6700,52698.651
WIG-PALIWA,20201112,4141.3100,4224.2600,4025.6800,4083.1600,202298.304
WIG-POLAND,20201112,52378.8400,52378.8400,52219.4100,52330.6500,2039187.016
WIG-SPOZYW,20201112,3226.8700,3263.0900,3183.2800,3188.8300,7319.086
WIG-TELKOM,20201112,906.5300,914.9700,900.7300,908.4900,81855.468
WIG-UKRAIN,20201112,389.6100,389.6100,386.9400,386.9400,4051.037
WIG.GAMES,20201112,32385.1700,32627.2200,32057.0200,32311.3800,189048.268
WIG.MS-BAS,20201112,8994.9400,9291.3900,8957.7000,9232.9800,133179.636
WIG.MS-FIN,20201112,6112.4600,6273.5100,6097.1200,6252.1400,615851.946
WIG.MS-PET,20201112,5599.4000,5709.4700,5449.3300,5520.9900,208586.241
WIG20,20201112,1777.2400,1791.0800,1761.9100,1771.4900,1762096.117
WIG20DVP,20201112,10.3700,10.3700,10.3700,10.3700,1762096.117
WIG20LEV,20201112,345.9200,351.3100,339.9500,343.6800,1762096.117
WIG20SHORT,20201112,4032.4200,4067.1200,4001.1000,4045.4400,1762096.117
WIG20TR,20201112,3255.5300,3278.0200,3227.4500,3244.5700,1762096.117
WIG30,20201112,2046.3500,2065.9900,2033.9400,2046.6500,1839770.088
WIG30TR,20201112,3701.6500,3701.6500,3690.5500,3699.1600,1839770.088
WIGDIV,20201112,988.4300,995.2600,976.1900,978.9500,186045.000
WIGTECH,20201112,14553.8200,14635.0200,14530.8200,14577.6900,0.000
