06MAGNA,20201201,1.4800,1.5200,1.4600,1.4900,42465
11BIT,20201201,476.0000,481.0000,473.5000,480.0000,9398
4FUNMEDIA,20201201,4.8000,4.8000,4.6600,4.6600,1593
ABPL,20201201,31.5000,32.2000,31.2000,32.2000,2077
ACAUTOGAZ,20201201,37.0000,37.0000,36.6000,36.7000,103
ACTION,20201201,5.5200,5.8800,5.1000,5.4800,162420
ADIUVO,20201201,5.0000,5.0600,4.8600,4.9000,3293
AGORA,20201201,6.7200,6.8800,6.5800,6.8800,7709
AGROTON,20201201,4.8900,4.8900,4.5400,4.6400,31091
AIGAMES,20201201,16.2000,16.2000,15.7000,16.0000,8624
AILLERON,20201201,8.0800,8.0800,7.7200,7.7800,29995
AIRWAY,20201201,1.6650,1.9850,1.6050,1.7800,1316027
ALIOR,20201201,16.6100,17.2300,16.5800,17.1000,383104
ALLEGRO,20201201,78.5000,78.5000,75.0100,75.0100,1038188
ALTA,20201201,1.3000,1.3100,1.2400,1.3000,3388
ALTUSTFI,20201201,0.8260,0.8480,0.8020,0.8320,63638
ALUMETAL,20201201,43.9000,43.9000,42.3000,43.5000,2545
AMBRA,20201201,17.8000,18.9500,17.3500,18.6500,20099
AMICA,20201201,147.2000,149.0000,143.0000,144.8000,7327
AMREST,20201201,24.3500,26.0000,24.3000,24.9500,194845
APATOR,20201201,22.6000,22.6000,22.4000,22.4000,2477
APLISENS,20201201,11.7000,11.7000,10.8000,11.1000,111
APSENERGY,20201201,1.7450,1.7450,1.6300,1.7000,21456
ARCHICOM,20201201,20.4000,20.4000,19.7000,20.2000,5166
ARCTIC,20201201,4.8100,4.8400,4.7600,4.7600,71950
ARTERIA,20201201,3.9000,4.0800,3.9000,4.0800,858
ARTIFEX,20201201,9.1800,9.1800,8.4000,8.5800,14298
ASBIS,20201201,7.2100,7.2700,7.1200,7.1300,733776
ASMGROUP,20201201,1.6000,1.6000,1.5600,1.5600,5123
ASSECOBS,20201201,33.4000,34.6000,33.4000,34.6000,357
ASSECOPOL,20201201,66.1000,67.0000,65.5000,65.5000,108025
ASSECOSEE,20201201,40.0000,40.3000,39.0000,39.7000,2912
ASTARTA,20201201,24.2000,24.5000,24.0000,24.3000,11360
ATAL,20201201,32.4000,32.5000,31.0000,32.2000,1026
ATENDE,20201201,3.5600,3.5600,3.4200,3.5200,1136
ATLANTIS,20201201,0.7760,0.7900,0.7700,0.7900,13968
ATMGRUPA,20201201,4.0000,4.0000,3.8400,3.9600,1133
ATREM,20201201,2.1300,2.2800,2.1100,2.1900,42395
AUTOPARTN,20201201,7.8600,7.9000,7.7000,7.7000,20540
BAHOLDING,20201201,0.6800,0.8000,0.6800,0.7580,948153
BBIDEV,20201201,3.5000,3.5000,3.4100,3.4200,1525
BEDZIN,20201201,9.7500,10.2000,9.7500,10.2000,675
BENEFIT,20201201,745.0000,754.0000,712.0000,720.0000,14120
BETACOM,20201201,10.9500,10.9500,10.9500,10.9500,25
BETAM40TR,20201201,52.5000,52.7500,51.3700,51.3700,3035
BETAW20LV,20201201,34.8600,35.5300,34.8000,35.0000,1405
BETAW20ST,20201201,396.6000,396.7000,393.1000,396.6000,1023
BETAW20TR,20201201,31.5800,31.8600,31.4800,31.5400,9022
BIK,20201201,12.0000,12.0000,11.9000,11.9000,25
BIOMEDLUB,20201201,10.9500,11.4500,10.1000,11.1000,2648490
BIOTON,20201201,4.5000,4.5000,4.3500,4.3600,70967
BNPPBSK0725,20201201,957.0000,957.0000,957.0000,957.0000,11
BNPPBSK1024,20201201,1018.0000,1018.0000,1018.0000,1018.0000,446
BNPPENDL0622,20201201,994.0000,994.0000,994.0000,994.0000,10
BNPPPL,20201201,56.8000,57.8000,56.0000,57.0000,2015
BNPPSOLE1221,20201201,1028.0000,1028.0000,1028.0000,1028.0000,250
BNPPSX5E0222,20201201,1011.0000,1011.0000,1011.0000,1011.0000,99
BNPPSX7E0321,20201201,750.5000,750.5000,750.5000,750.5000,250
BNPPSXPP0421,20201201,1008.5000,1009.5000,1008.5000,1009.5000,700
BOGDANKA,20201201,18.6000,18.8400,18.1200,18.1200,14542
BOOMBIT,20201201,16.9800,17.9800,16.4400,17.7000,27356
BORYSZEW,20201201,2.8600,2.9000,2.8050,2.8700,152741
BOS,20201201,5.8000,5.8000,5.5800,5.7000,4050
BOWIM,20201201,2.3600,2.3800,2.3400,2.3800,8300
BRASTER,20201201,0.5000,0.5000,0.4800,0.4800,127368
BUDIMEX,20201201,275.0000,275.0000,256.0000,256.0000,13538
BUMECH,20201201,2.0000,2.0500,1.9550,2.0500,11464
CCC,20201201,62.8000,63.5600,62.3000,62.6000,223674
CDPROJEKT,20201201,392.4000,418.2000,392.4000,406.0000,938472
CDRL,20201201,16.2500,16.6500,16.2000,16.6500,2302
CEZ,20201201,80.0000,80.0000,79.5000,79.5000,25127
CFI,20201201,0.2130,0.2220,0.2070,0.2200,107348
CIECH,20201201,29.6500,30.9000,29.6500,30.9000,54874
CIGAMES,20201201,1.2900,1.2900,1.2100,1.2100,1184146
CITYSERV,20201201,7.5500,7.6000,7.5500,7.5500,900
CLNPHARMA,20201201,40.9000,41.4000,40.3500,40.6000,18194
CNT,20201201,13.5000,13.5000,13.2000,13.4000,782
COALENERG,20201201,0.5100,0.5100,0.4900,0.4900,19189
COGNOR,20201201,1.2100,1.2300,1.2000,1.2300,71981
COMARCH,20201201,194.0000,195.0000,192.0000,194.0000,411
COMP,20201201,51.0000,51.0000,50.0000,50.4000,7379
COMPERIA,20201201,3.0000,3.2600,2.9000,3.0000,7000
CORMAY,20201201,1.2500,1.2800,1.2250,1.2300,362545
CPGROUP,20201201,6.5800,6.5800,6.3800,6.3800,802
CYFRPLSAT,20201201,26.4000,26.7800,26.1400,26.4600,476361
CZTOREBKA,20201201,0.6950,0.8000,0.6950,0.7800,25396
DATAWALK,20201201,196.0000,200.0000,196.0000,198.0000,1903
DEBICA,20201201,76.8000,77.4000,76.6000,76.6000,875
DECORA,20201201,31.4000,31.5000,31.1000,31.5000,2141
DEKPOL,20201201,27.6000,27.6000,26.8000,27.6000,1239
DELKO,20201201,16.4000,16.4000,15.7000,15.8000,11890
DEVELIA,20201201,1.8040,1.8100,1.8000,1.8020,147321
DGA,20201201,5.4400,5.4400,5.4400,5.4400,2
DIGITREE,20201201,5.3500,5.5000,5.3000,5.5000,7170
DINOPL,20201201,252.6000,257.2000,248.2000,251.0000,97161
DOMDEV,20201201,98.0000,99.8000,98.0000,99.6000,8839
DROZAPOL,20201201,1.8400,1.8400,1.7100,1.7100,2851
ECHO,20201201,4.0000,4.0200,3.9600,4.0100,26029
EDINVEST,20201201,3.6400,3.7800,3.6200,3.7800,3063
EFEKT,20201201,5.0500,5.0500,4.9200,4.9200,190
EKOEXPORT,20201201,3.3000,3.3000,3.1550,3.1550,44648
ELBUDOWA,20201201,0.8800,0.9200,0.8800,0.9200,26440
ELEKTROTI,20201201,5.9000,5.9000,5.3400,5.5800,33682
ELEMENTAL,20201201,2.3950,2.4050,2.3950,2.4000,59168
ELKOP,20201201,0.2700,0.2700,0.2510,0.2680,47103
ELZAB,20201201,4.3000,4.4400,4.3000,4.3800,6936
EMCINSMED,20201201,13.4000,14.0000,12.0000,13.7000,892
ENAP,20201201,1.3800,1.3800,1.3800,1.3800,2
ENEA,20201201,5.4850,5.5450,5.3550,5.3600,205804
ENELMED,20201201,19.2000,19.4000,19.2000,19.2000,25
ENERGA,20201201,7.4700,8.0500,7.4700,8.0500,272068
ENERGOINS,20201201,0.8460,0.8460,0.7000,0.7900,44868
ENTER,20201201,29.5000,30.2000,29.1000,29.2000,4592
ERBUD,20201201,20.1000,20.8000,20.0000,20.8000,8815
ERG,20201201,42.6000,42.6000,39.2000,42.6000,348
ESOTIQ,20201201,14.9000,15.0000,13.9000,14.9000,3132
ETFDAX,20201201,563.2000,566.0000,560.9000,561.0000,203
ETFSP500,20201201,140.0000,140.9800,139.5000,139.5000,1914
ETFW20L,20201201,228.5000,230.7500,225.0000,228.0000,1352
EUCO,20201201,4.3000,4.3000,4.1800,4.3000,3157
EUROCASH,20201201,14.2800,14.3600,13.8500,14.0100,252738
EUROTEL,20201201,24.0000,24.5000,23.7000,24.5000,901
FAMUR,20201201,1.6940,1.7400,1.6780,1.6820,569161
FASING,20201201,10.4500,10.4500,10.2500,10.4000,3569
FEERUM,20201201,11.3500,11.3500,10.4000,11.2500,765
FERRO,20201201,20.7000,22.3000,20.7000,22.0000,32393
FERRUM,20201201,3.7600,3.7600,3.4000,3.5000,3739
FON,20201201,0.1100,0.1140,0.1060,0.1060,164894
FORTE,20201201,37.0500,37.3500,35.1500,36.8500,6372
GAMEOPS,20201201,23.1900,25.0000,23.0000,23.2000,4714
GAMFACTOR,20201201,14.5200,15.2000,14.5200,15.0000,3209
GAMFACTOR-PDA,20201201,13.5300,14.4880,13.5300,14.0000,7506
GETIN,20201201,0.8800,0.9120,0.8610,0.8900,280398
GETINOBLE,20201201,0.1984,0.2090,0.1950,0.2050,2423994
GLCOSMED,20201201,4.6600,4.7400,4.3000,4.3400,83713
GPW,20201201,43.1500,43.1500,42.2500,42.2500,56128
GROCLIN,20201201,0.9940,1.0250,0.9900,1.0200,22402
GRODNO,20201201,12.4500,12.5500,11.7500,11.7500,87243
GRUPAAZOTY,20201201,25.2500,25.6500,25.0000,25.4000,49301
GTC,20201201,6.8800,6.9000,6.7200,6.8000,6497
HANDLOWY,20201201,34.4500,34.7500,34.2000,34.6000,5965
HARPER,20201201,12.6000,13.3000,12.1000,12.6000,34964
HELIO,20201201,10.0000,10.0000,10.0000,10.0000,200
HERKULES,20201201,1.3000,1.3200,1.2700,1.3000,5992
HMINWEST,20201201,12.1000,12.1000,12.1000,12.1000,10
HUBSTYLE,20201201,1.2100,1.2100,1.0900,1.1200,23777
HYDROTOR,20201201,29.6000,29.6000,29.0000,29.4000,323
I2DEV,20201201,9.0500,9.1000,9.0500,9.1000,869
IALBGR,20201201,0.2800,0.2840,0.2620,0.2840,24685
IDEABANK,20201201,1.6340,1.6360,1.6000,1.6000,39226
IDMSA,20201201,0.8900,0.8900,0.8000,0.8500,25294
IFCAPITAL,20201201,0.7800,0.8000,0.7800,0.8000,5473
IFIRMA,20201201,4.8300,4.8700,4.7500,4.8600,2103
IMCOMPANY,20201201,15.6000,15.6000,14.8500,15.3000,7845
IMMOBILE,20201201,2.3600,2.4600,2.3300,2.3500,17757
IMPEL,20201201,12.3000,12.3000,12.0000,12.0000,5955
IMPERA,20201201,1.5800,1.6400,1.5200,1.6400,16562
IMS,20201201,2.6900,2.7000,2.5700,2.6900,13789
INC,20201201,7.7800,7.7800,7.3000,7.3000,78576
INGBSK,20201201,156.8000,159.0000,154.4000,157.4000,4307
INPRO,20201201,4.7600,4.7600,4.5000,4.5000,896
INSTALKRK,20201201,19.5000,19.7500,19.5000,19.5000,1302
INTERAOLT,20201201,15.1000,15.4000,15.0000,15.0500,15710
INTERCARS,20201201,239.0000,245.0000,230.0000,239.0000,1309
INTERFERI,20201201,4.4000,4.4000,4.4000,4.4000,10
INTERSPPL,20201201,1.3600,1.3600,1.3000,1.3000,11978
INTLALE35055,20201201,21.1500,21.1500,18.5600,18.8000,354
INTLALE36046,20201201,16.2800,16.8200,14.0600,14.4400,1458
INTLBCO31328,20201201,91.3000,91.3000,91.3000,91.3000,20
INTLBCO31641,20201201,58.1000,58.2000,58.1000,58.2000,21
INTLBCO36152,20201201,27.1500,27.4500,23.5500,23.5500,1359
INTLCCC30999,20201201,3.3400,3.3400,3.3300,3.3300,6000
INTLCDR28951,20201201,20.7500,21.3000,20.5500,21.3000,130
INTLCDR29850,20201201,19.5600,19.5600,19.5600,19.5600,115
INTLCDR30478,20201201,14.9400,16.5000,14.9400,15.6600,2130
INTLCDR30486,20201201,16.4000,17.8800,16.4000,17.8800,575
INTLCDR30494,20201201,17.2600,17.2600,17.2600,17.2600,2000
INTLCDR30718,20201201,14.1000,14.1000,14.1000,14.1000,1
INTLCDR30726,20201201,13.7800,15.6000,13.7200,14.8600,8714
INTLCDR35345,20201201,9.6100,11.5400,9.5500,10.4000,72688
INTLCDR35352,20201201,11.0200,12.5800,11.0200,11.6800,12134
INTLDAX31872,20201201,111.0000,111.0000,108.4000,108.4000,16
INTLDAX35303,20201201,89.0000,89.0000,89.0000,89.0000,16
INTLDAX35592,20201201,57.8000,60.0000,57.8000,60.0000,50
INTLDAX35923,20201201,36.4500,37.7500,35.2000,35.7000,1554
INTLDNP32789,20201201,8.6800,8.6800,8.6800,8.6800,50
INTLDNP35493,20201201,4.9200,5.2000,4.9200,4.9200,2216
INTLDNP35881,20201201,3.6800,3.6800,3.6800,3.6800,50
INTLDOW35634,20201201,131.6000,131.6000,131.6000,131.6000,56
INTLDOW35964,20201201,111.0000,113.0000,111.0000,113.0000,59
INTLEUD30049,20201201,85.7000,85.7000,85.7000,85.7000,10
INTLEUD33837,20201201,26.9500,26.9500,26.9500,26.9500,300
INTLEUD33860,20201201,22.0000,22.7500,22.0000,22.7500,60
INTLEUR24059,20201201,20.5000,20.5000,20.5000,20.5000,75
INTLEUR28324,20201201,14.0400,14.0400,11.8800,11.8800,765
INTLGBU34850,20201201,31.5000,31.5000,30.3500,30.5000,400
INTLGLD09746,20201201,216.5000,221.5000,216.5000,221.5000,152
INTLGLD21873,20201201,253.5000,253.5000,253.5000,253.5000,10
INTLGLD22525,20201201,198.6000,202.0000,198.6000,202.0000,3
INTLGLD23069,20201201,180.4000,180.4000,180.4000,180.4000,10
INTLGLD23903,20201201,160.4000,160.4000,160.4000,160.4000,62
INTLGLD24166,20201201,135.4000,135.6000,134.8000,135.6000,170
INTLGLD30130,20201201,115.2000,121.0000,115.2000,117.0000,283
INTLGLD30148,20201201,268.5000,268.5000,267.5000,268.0000,65
INTLGLD30866,20201201,91.5000,97.3000,91.5000,97.3000,1120
INTLGLD31310,20201201,68.8000,75.0000,68.8000,73.5000,2574
INTLGLD33092,20201201,44.2500,50.7000,43.7000,49.0000,1420
INTLGLD33100,20201201,33.0000,40.0000,32.6000,38.1000,6777
INTLJSW32144,20201201,13.8800,13.8800,13.8800,13.8800,5
INTLJSW35386,20201201,10.8400,10.8400,9.9500,10.0000,2152
INTLJSW36020,20201201,8.9000,8.9000,7.7400,7.7400,934
INTLKGH35782,20201201,30.5500,36.6000,30.5000,36.6000,971
INTLKGH35790,20201201,35.9500,42.1000,35.9500,42.1000,160
INTLLTS34702,20201201,13.0000,13.0000,11.6600,11.6600,340
INTLNAG31740,20201201,2.1900,2.1900,2.1900,2.1900,500
INTLNDX33167,20201201,94.2000,94.2000,94.2000,94.2000,110
INTLNDX34777,20201201,71.9000,71.9000,71.2000,71.2000,531
INTLNDX35659,20201201,48.5000,48.5000,48.5000,48.5000,102
INTLNDX35667,20201201,60.9000,60.9000,60.9000,60.9000,122
INTLPEO35824,20201201,15.4800,15.4800,14.8400,14.8400,1820
INTLPGE31427,20201201,2.3000,2.3000,2.3000,2.3000,800
INTLPGE35741,20201201,1.0700,1.0700,0.8700,0.8700,5000
INTLPGE35758,20201201,1.3200,1.3200,1.3200,1.3200,65
INTLPGN32615,20201201,1.2400,1.2400,1.2400,1.2400,1000
INTLPKN04101,20201201,25.8000,26.0000,25.7500,25.7500,600
INTLPKN05496,20201201,23.6000,23.6000,23.6000,23.6000,38
INTLPKN35840,20201201,16.1000,16.9600,16.1000,16.5400,1630
INTLPKN35857,20201201,18.6200,18.7000,17.5600,17.8000,750
INTLPKO29413,20201201,13.3800,13.3800,13.3800,13.3800,50
INTLPKO30395,20201201,10.1000,10.1000,10.1000,10.1000,200
INTLPKO30403,20201201,10.8200,10.8200,10.8200,10.8200,100
INTLPKO35808,20201201,6.4800,6.4800,6.0400,6.0700,1646
INTLPLA30270,20201201,12.7400,12.7400,12.7400,12.7400,200
INTLPLA31138,20201201,10.8200,10.8200,10.8200,10.8200,250
INTLPLA31765,20201201,9.8100,9.8100,9.8100,9.8100,300
INTLPLA33084,20201201,8.3300,8.3300,8.3300,8.3300,110
INTLPLA35709,20201201,6.1800,6.1800,6.1800,6.1800,100
INTLPLA35717,20201201,7.4000,7.4000,7.3100,7.3100,5400
INTLPZU15610,20201201,7.0100,7.0100,6.5900,6.8500,2246
INTLPZU15800,20201201,7.8800,7.8800,7.7700,7.8000,435
INTLPZU35766,20201201,5.2600,5.2600,4.8900,4.8900,464
INTLPZU35998,20201201,4.1800,4.1800,3.6100,3.7200,3250
INTLSLV29330,20201201,56.0000,56.0000,56.0000,56.0000,25
INTLSLV30890,20201201,36.5500,36.5500,36.5000,36.5000,55
INTLSLV31609,20201201,29.8000,29.8000,29.8000,29.8000,35
INTLSLV31625,20201201,32.6000,33.8500,32.6000,33.5500,1500
INTLSLV33340,20201201,8.8700,11.5000,8.8700,11.0000,20393
INTLSLV33357,20201201,12.1800,14.4200,12.1800,14.2000,933
INTLSLV33365,20201201,15.0600,16.3600,15.0600,16.3600,1500
INTLSLV33373,20201201,17.5200,18.9000,17.5200,18.9000,309
INTLSLV33381,20201201,20.7000,22.4500,20.7000,22.4500,1500
INTLSPX33894,20201201,28.0000,28.0000,28.0000,28.0000,359
INTLSPX34900,20201201,19.2000,19.8000,19.2000,19.8000,867
INTLSPX35972,20201201,14.8000,14.8000,14.7200,14.7200,495
INTLTNF25320,20201201,72.8000,72.8000,72.8000,72.8000,13
INTLUSD20602,20201201,20.5500,20.5500,17.1200,17.1200,120
INTLUSD20610,20201201,25.0000,25.0000,25.0000,25.0000,45
INTLUSD20826,20201201,30.8000,30.8000,30.8000,30.8000,106
INTLUSD20842,20201201,36.9500,36.9500,36.5500,36.5500,151
INTLUSD21170,20201201,15.3200,15.3200,11.1200,11.1200,2915
INTLUSD34256,20201201,9.5500,9.5500,7.5100,7.5100,1917
INTLW2028639,20201201,10.6000,10.6000,10.6000,10.6000,70
INTLW2029892,20201201,4.5600,4.5600,4.3800,4.4200,6500
INTLW2035279,20201201,3.6300,3.6300,3.6300,3.6300,99
INTLW2035287,20201201,3.8700,3.9000,3.8700,3.9000,3222
INTLW2035550,20201201,2.9000,2.9000,2.7500,2.7500,6000
INTLW2035568,20201201,3.0000,3.0000,3.0000,3.0000,1000
INTLW2035899,20201201,2.0600,2.1400,2.0200,2.0200,5950
INTLW2036079,20201201,1.1500,1.3000,1.1500,1.1500,62982
INTLW2036087,20201201,1.4400,1.4400,1.3100,1.3100,1670
INTLW2036095,20201201,1.5900,1.5900,1.5000,1.5000,601
INTLW2036103,20201201,1.7500,1.8100,1.7500,1.8100,4238
INTROL,20201201,3.8000,3.8800,3.6800,3.6800,56046
INTSALE35212,20201201,63.0000,65.5000,63.0000,65.5000,565
INTSALE35220,20201201,75.3000,75.3000,75.3000,75.3000,12
INTSBCO28027,20201201,19.1200,20.3000,19.1200,20.1000,815
INTSCCC34207,20201201,2.3800,2.3800,2.3800,2.3800,100
INTSCDR34124,20201201,15.2400,15.2400,14.5400,15.1200,4421
INTSCDR34199,20201201,19.6600,19.6600,18.4800,18.4800,574
INTSCDR34249,20201201,12.1400,12.1400,10.1000,11.2400,21186
INTSCDR34801,20201201,8.4300,8.4300,7.3200,7.3200,6913
INTSDAX25783,20201201,20.0000,21.0000,17.3000,19.5000,8109
INTSDAX25825,20201201,32.2000,33.6500,30.0000,30.7500,1668
INTSDAX26591,20201201,45.0000,45.0000,43.6500,44.6000,1634
INTSDAX36111,20201201,70.7000,70.7000,68.7000,70.5000,878
INTSDOW27128,20201201,58.5000,59.3000,55.0000,55.0000,1004
INTSDOW33597,20201201,107.0000,107.0000,107.0000,107.0000,70
INTSDOW33605,20201201,152.2000,152.2000,142.8000,142.8000,110
INTSEUD05033,20201201,45.6500,45.6500,43.8000,43.8000,1022
INTSEUR29181,20201201,43.5000,43.6500,43.5000,43.6500,600
INTSEUR35527,20201201,19.1000,19.1000,19.1000,19.1000,15
INTSGBU31831,20201201,12.1600,15.1800,12.1600,14.6600,898
INTSGLD33886,20201201,225.5000,225.5000,222.5000,222.5000,55
INTSGLD34504,20201201,102.4000,102.4000,94.2000,94.2000,1277
INTSLTS34041,20201201,21.5500,21.5500,21.5500,21.5500,20
INTSNDX33225,20201201,18.8000,19.2800,16.7000,18.1000,1965
INTSNDX33233,20201201,32.7000,32.9500,31.2500,32.8000,871
INTSNDX33241,20201201,47.9000,48.8500,47.9000,48.8500,15
INTSNDX33647,20201201,112.0000,112.0000,110.0000,110.0000,24
INTSNKX36137,20201201,165.4000,165.4000,158.2000,158.2000,60
INTSPEO24687,20201201,64.8000,64.8000,64.8000,64.8000,50
INTSPEO32326,20201201,15.1200,15.3000,15.1000,15.3000,3987
INTSPEO32334,20201201,27.1500,27.6500,27.1500,27.6500,273
INTSPGE26989,20201201,3.9600,3.9600,3.9600,3.9600,1000
INTSPGE34157,20201201,2.6900,2.6900,2.6300,2.6300,1167
INTSPKN23663,20201201,57.0000,57.0000,57.0000,57.0000,100
INTSPKN27300,20201201,41.7000,41.7000,41.7000,41.7000,60
INTSPKN27649,20201201,22.2000,22.4000,21.6000,22.0500,4385
INTSPKN34173,20201201,11.9400,11.9400,11.3200,11.4800,263
INTSPKO23630,20201201,20.9000,20.9000,20.9000,20.9000,150
INTSPKO26997,20201201,17.1800,17.2800,17.1800,17.2800,253
INTSPLA25304,20201201,4.7000,4.7000,4.7000,4.7000,1000
INTSPZU34165,20201201,12.7400,12.8600,12.7400,12.8400,355
INTSSLV33696,20201201,30.2500,30.2500,30.2500,30.2500,50
INTSSLV33712,20201201,39.8500,39.8500,39.4000,39.4000,350
INTSSLV34538,20201201,22.4500,22.4500,21.2500,21.5500,1116
INTSSLV34553,20201201,18.2800,18.2800,16.0000,16.0800,3525
INTSSPX34140,20201201,10.9200,11.0800,10.3800,10.6000,945
INTSSPX34215,20201201,23.1500,23.1500,22.5500,22.5500,300
INTSSPX34413,20201201,5.3000,5.4700,4.4700,4.4700,13146
INTSSPX34439,20201201,36.3000,36.3000,35.7000,35.7000,130
INTSTNF34108,20201201,35.5000,35.5000,35.5000,35.5000,100
INTSUSD32235,20201201,43.2500,43.2500,43.2500,43.2500,1500
INTSUSD35535,20201201,26.5000,26.5000,26.5000,26.5000,25
INTSW2026005,20201201,4.1300,4.1800,4.0400,4.1800,600
INTSW2027060,20201201,3.1900,3.1900,3.1900,3.1900,300
INTSW2027078,20201201,3.5700,3.6300,3.5700,3.6300,3236
INTSW2027391,20201201,2.5400,2.5400,2.4500,2.4500,504
INTSW2028464,20201201,0.9400,1.0500,0.7900,1.0000,38692
INTSW2028472,20201201,1.4000,1.4500,1.3900,1.4100,34901
INTSW2028480,20201201,1.8600,2.0900,1.8500,2.0100,7550
INVFIZ,20201201,952.0000,952.0000,950.1000,950.1000,5
INVISTA,20201201,0.3200,0.3200,0.3200,0.3200,20
IPOPEMA,20201201,3.8800,4.0000,3.8400,3.8400,25147
ITMTRADE,20201201,0.1575,0.1575,0.1400,0.1400,19881
IZOBLOK,20201201,36.3000,37.9000,36.2000,36.2000,426
IZOLACJA,20201201,1.8500,1.8900,1.7650,1.8600,622
IZOSTAL,20201201,2.3200,2.3300,2.2800,2.2800,30496
JSW,20201201,25.0000,25.2000,23.6000,23.6000,908565
JWCONSTR,20201201,3.1500,3.1500,3.0700,3.1000,1906
JWWINVEST,20201201,2.4800,2.4800,2.4800,2.4800,40
K2INTERNT,20201201,21.0000,21.0000,20.6000,20.6000,263
KCI,20201201,0.6560,0.6700,0.6300,0.6300,69903
KERNEL,20201201,48.7000,49.2000,46.0000,47.0000,43296
KETY,20201201,460.0000,461.0000,442.5000,443.0000,8281
KGHM,20201201,149.9000,157.0000,149.6000,157.0000,485538
KGL,20201201,15.8000,15.8000,15.2500,15.4000,2292
KINOPOL,20201201,8.4000,8.5000,8.3000,8.3000,17396
KOGENERA,20201201,33.4000,33.4000,32.4000,32.8000,305
KOMPAP,20201201,10.5000,11.4000,10.5000,11.1000,4678
KOMPUTRON,20201201,2.2000,2.2000,2.1300,2.1500,27009
KPPD,20201201,29.2000,29.2000,29.2000,29.2000,11
KREC,20201201,7.4000,7.4000,7.2400,7.3000,51342
KREDYTIN,20201201,11.2000,11.2000,11.2000,11.2000,12
KRKA,20201201,400.0000,400.0000,391.0000,393.0000,114
KRUK,20201201,144.5000,144.9000,137.2000,138.0000,14073
KRUSZWICA,20201201,55.6000,55.6000,55.0000,55.0000,4923
KRVITAMIN,20201201,18.7500,18.9000,17.7500,18.0000,18023
KSGAGRO,20201201,2.4200,2.5000,2.0600,2.1800,199818
LABOPRINT,20201201,11.0000,11.0000,10.7000,10.7000,846
LARQ,20201201,1.7250,1.8800,1.6900,1.6900,10005
LENA,20201201,3.6300,3.6500,3.5700,3.5700,5809
LENTEX,20201201,10.0000,10.1500,9.8000,10.1000,2475
LIBET,20201201,2.1400,2.1400,2.0600,2.0900,107957
LIVECHAT,20201201,95.5000,96.9000,95.0000,96.2000,17700
LMDSFIZ,20201201,1146.1000,1146.1000,1146.1000,1146.1000,14
LOKUM,20201201,11.5500,12.3000,11.5500,12.0000,9930
LOTOS,20201201,35.2000,35.3000,33.6600,33.7200,1429785
LPP,20201201,6870.0000,7010.0000,6815.0000,6940.0000,1629
LSISOFT,20201201,12.7000,12.8000,12.7000,12.8000,1180
LUBAWA,20201201,1.4850,1.6000,1.4550,1.5800,2252957
MABION,20201201,21.5000,22.3000,20.8500,21.0500,52253
MAKARONPL,20201201,5.6500,5.6500,5.5000,5.6000,5964
MANGATA,20201201,54.5000,55.0000,54.5000,54.5000,1022
MARVIPOL,20201201,5.2000,5.2200,5.1000,5.1000,30482
MASTERPHA,20201201,4.0000,4.0000,4.0000,4.0000,100
MAXCOM,20201201,11.8000,11.8000,11.5000,11.7500,2773
MBANK,20201201,152.8000,159.0000,152.8000,154.0000,67534
MBWS,20201201,6.1000,6.1000,5.8400,5.8400,37
MCI,20201201,15.1000,15.2500,15.0000,15.1500,3000
MDIENERGIA,20201201,3.6500,3.7000,3.6000,3.6000,17681
MEDIACAP,20201201,1.8900,1.9000,1.7600,1.7600,4875
MEDICALG,20201201,21.1500,21.6500,20.7000,21.4000,197071
MENNICA,20201201,19.6000,19.7000,19.4000,19.4000,1109
MERCATOR,20201201,510.0000,526.0000,472.0000,478.0000,85550
MERCOR,20201201,9.8600,10.2500,9.8600,10.2500,3159
MEXPOLSKA,20201201,1.4100,1.4100,1.3100,1.4100,1844
MFO,20201201,23.0000,23.0000,23.0000,23.0000,5
MILKILAND,20201201,0.6980,0.7480,0.6620,0.7000,71653
MILLENNIUM,20201201,2.7800,2.8300,2.7680,2.7720,847483
MIRACULUM,20201201,1.1500,1.1800,1.1500,1.1800,16829
MIRBUD,20201201,2.7500,2.7500,2.6100,2.6300,250808
MLPGROUP,20201201,84.5000,84.5000,80.5000,84.0000,38
MLSYSTEM,20201201,77.6000,77.8000,75.4000,77.0000,19871
MOBRUK,20201201,256.0000,256.0000,206.0000,208.0000,61626
MOL,20201201,25.5200,25.5200,25.1000,25.2800,4716
MONNARI,20201201,1.8750,1.9000,1.8750,1.8800,9251
MOSTALPLC,20201201,9.0000,9.0000,8.9000,8.9000,547
MOSTALWAR,20201201,4.4200,4.4200,4.3000,4.3000,3422
MOSTALZAB,20201201,1.0500,1.0500,1.0000,1.0450,100074
MUZA,20201201,3.5000,3.5000,3.2000,3.2000,5396
MWTRADE,20201201,1.7500,1.8000,1.7500,1.7800,350
NANOGROUP,20201201,5.5000,5.5000,5.0000,5.1000,42605
NANOGROUP-PDA,20201201,4.7800,4.7800,4.4200,4.4800,32489
NETIA,20201201,4.5400,4.6000,4.5200,4.6000,965
NEUCA,20201201,625.0000,625.0000,596.0000,602.0000,6116
NEWAG,20201201,25.2000,25.3000,24.9000,25.0000,5942
NEXITY,20201201,20.4000,22.4000,20.4000,20.4000,3073
NOVAVISGR,20201201,1.7000,1.7200,1.6600,1.6600,1371
NOVITA,20201201,140.5000,142.0000,133.0000,140.5000,557
NTTSYSTEM,20201201,3.3700,3.4500,3.2600,3.3700,19419
OAT,20201201,49.8000,49.8000,44.7000,44.7000,205518
ODLEWNIE,20201201,4.9000,4.9000,4.8600,4.8600,827
OEX,20201201,15.6000,15.7000,15.3000,15.3000,2791
OPENFIN,20201201,0.9300,1.0500,0.9300,1.0400,68106
OPONEO.PL,20201201,33.5000,33.5000,32.8000,33.3000,965
OPTEAM,20201201,28.0000,33.8000,27.6000,31.0000,489502
ORANGEPL,20201201,6.3200,6.3400,6.2400,6.2850,2308427
ORCOGROUP,20201201,1.4100,1.4100,1.2500,1.3000,8500
ORZBIALY,20201201,11.1000,11.3000,11.1000,11.3000,806
OTLOG,20201201,4.1600,4.3000,3.9800,4.0800,20710
OTMUCHOW,20201201,1.7300,1.7300,1.6000,1.6000,12886
OVOSTAR,20201201,76.0000,80.0000,75.0000,76.0000,1028
PAMAPOL,20201201,1.3900,1.4200,1.3500,1.3900,27526
PANOVA,20201201,10.8500,11.4500,10.5500,10.6500,14243
PATENTUS,20201201,1.0000,1.0500,1.0000,1.0400,2022
PBKM,20201201,78.8000,78.8000,78.8000,78.8000,4
PCCEXOL,20201201,3.3400,3.3700,3.2500,3.2600,303599
PCCROKITA,20201201,47.3000,47.3000,46.3000,46.9000,4323
PEKABEX,20201201,15.9000,15.9500,15.7500,15.9500,6507
PEKAO,20201201,57.2000,57.9800,56.6400,57.3000,712199
PEMANAGER,20201201,14.8500,14.8500,14.7000,14.7000,6468
PEP,20201201,50.4000,50.6000,50.0000,50.0000,4375
PEPEES,20201201,1.3500,1.3500,1.2900,1.3000,15112
PGE,20201201,5.7800,5.8700,5.6020,5.6760,3493022
PGNIG,20201201,4.8400,4.9680,4.7700,4.8370,3842540
PGO,20201201,1.0700,1.1500,1.0700,1.1500,300
PGSSOFT,20201201,12.8000,13.0000,12.5000,13.0000,15974
PHARMENA,20201201,11.0000,11.1000,10.5500,10.9500,6087
PHN,20201201,10.3500,10.4500,10.2000,10.2000,1633
PKNORLEN,20201201,57.0000,57.4800,55.8000,56.9800,2346083
PKOASZEWZ,20201201,98.0100,98.0100,98.0100,98.0100,11
PKOBP,20201201,26.6700,27.1500,26.3300,26.5600,2169795
PKOGD,20201201,105.7900,107.5000,105.7900,107.5000,1898
PKOGS,20201201,91.6100,92.1700,91.6100,92.1700,110
PKOSO,20201201,107.4000,107.4000,107.4000,107.4000,251
PKPCARGO,20201201,12.0000,12.3600,11.6600,11.7000,112022
PLASTBOX,20201201,1.8500,1.8500,1.8000,1.8500,2106
PLAY,20201201,38.6800,38.6800,38.4200,38.4200,68937
PLAYWAY,20201201,565.0000,574.0000,540.0000,540.0000,11660
PLAZACNTR,20201201,1.6200,1.7000,1.6000,1.6600,1969
PMPG,20201201,1.9200,1.9200,1.8300,1.8300,5493
POLICE,20201201,12.5000,12.5000,12.2000,12.4000,604
POLIMEXMS,20201201,2.2000,2.2450,2.1900,2.2000,103728
POLNORD,20201201,2.8000,2.8400,2.7700,2.8400,10670
POLWAX,20201201,3.3800,3.3800,3.2500,3.3300,45072
POZBUD,20201201,1.9100,1.9200,1.8800,1.9000,50681
PRAGMAFA,20201201,24.0000,24.0000,23.8000,24.0000,14899
PRAGMAINK,20201201,6.4800,6.4800,5.8400,6.1800,29037
PRAIRIE,20201201,0.5790,0.5790,0.5510,0.5530,269768
PRIMETECH,20201201,1.2200,1.2500,1.1700,1.2000,1892
PROCHEM,20201201,18.7000,18.7000,17.5000,17.5000,102
PROJPRZEM,20201201,16.1000,16.2000,16.1000,16.1500,365
PROTEKTOR,20201201,4.2800,4.4000,4.0600,4.2600,108901
PROVIDENT,20201201,4.4000,4.4600,4.2000,4.3500,73443
PULAWY,20201201,84.6000,85.8000,84.6000,84.6000,378
PUNKPIRAT,20201201,0.6950,0.7200,0.6800,0.6800,58767
PZU,20201201,25.5500,25.9800,25.2300,25.6900,2767514
PZUAKORD,20201201,119.5100,119.5100,119.5100,119.5100,58
QMULTIFIZ,20201201,1220.0000,1220.0000,1220.0000,1220.0000,20
QUERCUS,20201201,3.1300,3.2000,3.1000,3.1000,18089
R22,20201201,32.2000,32.5000,32.0000,32.0000,3191
RADPOL,20201201,2.3600,2.4000,2.3000,2.4000,19718
RAFAKO,20201201,0.9990,1.0160,0.9800,0.9900,183434
RAFAMET,20201201,13.9000,13.9000,13.9000,13.9000,2
RAINBOW,20201201,18.3000,19.2000,18.0000,18.7500,14424
RANKPROGR,20201201,1.7450,1.8000,1.7100,1.8000,10430
RAWLPLUG,20201201,8.8000,8.8000,8.4000,8.4000,383
RCCOCOOPEN,20201201,93.2000,93.2000,93.2000,93.2000,600
RCFL10GOLD,20201201,5.9500,6.6500,5.9300,6.4200,22284
RCFL10GOLD1,20201201,2.7900,3.1000,2.7900,2.9800,6901
RCFL10OIL2,20201201,6.8300,6.8300,6.8300,6.8300,876
RCFL10SILVE2,20201201,0.0600,0.0900,0.0600,0.0900,97783
RCFL2GOLD,20201201,86.0000,88.3000,86.0000,88.3000,715
RCFL2GOLD2,20201201,17.2200,17.2200,17.2200,17.2200,400
RCFL2PKN1,20201201,6.7700,6.8400,6.7700,6.8400,3700
RCFL2PLAT1,20201201,8.6600,8.6600,8.6600,8.6600,1
RCFL2RDGB,20201201,2.6400,2.6400,2.6400,2.6400,25
RCFL2SILVE,20201201,27.8500,27.8500,27.8500,27.8500,200
RCFL2SILVE2,20201201,16.8600,16.8600,16.8600,16.8600,2500
RCFL3ALE,20201201,12.0000,12.1400,12.0000,12.1400,473
RCFL3ALR,20201201,0.3400,0.3400,0.3400,0.3400,1250
RCFL3ALR1,20201201,8.0200,8.2200,8.0200,8.2200,1242
RCFL3CCC1,20201201,13.3400,13.3400,13.3400,13.3400,22
RCFL3CDPRO1,20201201,91.6000,92.3000,89.8000,91.0000,2843
RCFL3EUH,20201201,0.8400,0.8500,0.7800,0.7800,9000
RCFL3FDX,20201201,134.0000,134.0000,134.0000,134.0000,31
RCFL3GOLD,20201201,56.3000,57.0000,56.3000,57.0000,245
RCFL3GOLD2,20201201,20.7000,21.5500,20.7000,21.5500,188
RCFL3JSW,20201201,0.5300,0.5300,0.4400,0.4400,749594
RCFL3JSW1,20201201,17.6400,17.6400,15.7800,15.7800,1150
RCFL3KGH,20201201,6.6900,6.9500,6.6800,6.9400,12200
RCFL3LTS1,20201201,0.1900,0.2000,0.1700,0.1700,30439
RCFL3MBK,20201201,0.9100,0.9500,0.9100,0.9200,12200
RCFL3MSFIN,20201201,1.6300,1.6300,1.5600,1.5900,5100
RCFL3OIL4,20201201,0.0300,0.0300,0.0300,0.0300,6000
RCFL3PALL3,20201201,1.1500,1.2000,1.1500,1.1500,4711
RCFL3PEO,20201201,1.0000,1.0000,0.9800,0.9800,32706
RCFL3PKN,20201201,12.0600,12.0600,12.0600,12.0600,133
RCFL3PKO,20201201,3.9000,3.9000,3.8500,3.8500,700
RCFL3PLW,20201201,8.9100,8.9100,8.9100,8.9100,200
RCFL3PZU,20201201,8.7000,8.8000,8.6000,8.7900,5651
RCFL3SILVE,20201201,5.0200,5.2500,4.9900,5.2500,16100
RCFL3SILVE3,20201201,14.0400,15.0400,14.0400,14.9200,534
RCFL4ALE,20201201,12.7600,12.7600,12.7600,12.7600,100
RCFL4CDPRO,20201201,37.0000,43.9500,37.0000,40.6000,14034
RCFL4CDPRO1,20201201,6.6000,7.4800,6.4000,6.9700,17021
RCFL4ESX,20201201,183.0000,183.0000,183.0000,183.0000,5
RCFL4GAMES,20201201,69.1000,70.3000,57.6000,57.6000,2018
RCFL4GOLD,20201201,18.4000,18.5400,18.4000,18.5400,78
RCFL4KGH,20201201,6.9700,7.6800,6.9700,7.6800,1001
RCFL4PEO1,20201201,5.5500,5.5500,5.5500,5.5500,1020
RCFL4PKN,20201201,0.1100,0.1100,0.1100,0.1100,2000
RCFL4PKN1,20201201,2.6800,2.7700,2.5800,2.5800,15433
RCFL4PKO,20201201,0.4300,0.4300,0.4300,0.4300,200
RCFL4PKO1,20201201,10.2800,10.3400,10.0000,10.0000,2160
RCFL4PLAT2,20201201,10.2600,10.2600,10.2600,10.2600,1
RCFL4PZU,20201201,0.3900,0.3900,0.3800,0.3800,9000
RCFL4PZU1,20201201,5.5000,5.5000,5.5000,5.5000,7400
RCFL4SILVE1,20201201,4.6900,4.9000,4.6900,4.9000,2188
RCFL4SILVE2,20201201,6.5400,7.2000,6.5400,7.1100,7510
RCFL5ALE,20201201,12.9400,12.9800,11.0400,11.1800,2700
RCFL5COPP,20201201,10.9600,11.1600,10.8800,10.8800,830
RCFL5FW20,20201201,0.6000,0.6000,0.6000,0.6000,5000
RCFL5GOLD,20201201,17.8600,18.4200,17.8600,18.4200,246
RCFL5MWIG40,20201201,2.0200,2.0200,1.8500,1.8500,6200
RCFL5SBO1,20201201,13.4800,13.4800,12.9200,12.9200,200
RCFL5SILVE,20201201,0.9300,0.9800,0.9300,0.9700,39500
RCFL5SUGA1,20201201,1.2000,1.3000,1.2000,1.3000,3200
RCFL6GOLD1,20201201,8.0600,8.6200,8.0600,8.5900,580
RCFL6NAG1,20201201,0.0100,0.0100,0.0100,0.0100,4500
RCFL6NAG3,20201201,1.7900,1.7900,1.7900,1.7900,500
RCFL6PLAT2,20201201,5.7100,5.7100,5.7100,5.7100,58
RCFL6SILVE2,20201201,6.5800,7.1000,6.5800,7.1000,1278
RCFL6SUGA,20201201,1.8900,2.1100,1.8500,1.9200,5100
RCFL6W20,20201201,12.4600,12.6600,11.9000,12.1200,1843
RCFL7SILVE,20201201,0.1800,0.1800,0.1700,0.1700,81000
RCFL8COFF1,20201201,0.5000,0.5000,0.4600,0.4600,17000
RCFS10GOLD1,20201201,0.2900,0.2900,0.2900,0.2900,8948
RCFS10SILVE2,20201201,6.9100,6.9100,4.4800,4.4800,4811
RCFS1GOLD,20201201,84.9000,84.9000,84.9000,84.9000,20
RCFS2KGH,20201201,2.5200,2.5200,2.5200,2.5200,14780
RCFS2W20,20201201,53.4000,53.4000,53.4000,53.4000,200
RCFS3ALR1,20201201,3.2400,3.2400,3.1300,3.1300,550
RCFS3CDPRO,20201201,2.1600,2.3600,2.1600,2.3600,22500
RCFS3COCO2,20201201,8.6900,8.6900,8.6900,8.6900,2000
RCFS3COPP,20201201,1.2100,1.2200,1.2100,1.2200,27200
RCFS3FDX,20201201,4.1600,4.2000,4.1600,4.2000,1700
RCFS3HOT,20201201,10.1400,10.1400,10.1400,10.1400,100
RCFS3KGH,20201201,0.1100,0.1100,0.1100,0.1100,25500
RCFS3MWIG40,20201201,7.8500,7.8500,7.8500,7.8500,200
RCFS3PGE,20201201,1.1300,1.2600,1.1300,1.2600,1470
RCFS3PKN,20201201,0.1300,0.1300,0.1300,0.1300,30000
RCFS3PKO,20201201,3.1900,3.1900,3.1900,3.1900,600
RCFS3TPE,20201201,0.7300,0.7300,0.7300,0.7300,400
RCFS3W20,20201201,24.4500,24.5500,24.2500,24.3500,1415
RCFS4CDPRO1,20201201,1.2400,1.2400,0.9900,1.1400,147056
RCFS4DNP,20201201,3.1800,3.4100,3.1800,3.4000,2000
RCFS4ESX,20201201,0.2700,0.2700,0.2700,0.2700,4000
RCFS4KGH1,20201201,3.7400,3.7900,3.4300,3.4300,43801
RCFS4PGE,20201201,1.1200,1.1200,1.1200,1.1200,1000
RCFS4PGN,20201201,0.9400,0.9400,0.9400,0.9400,500
RCFS4PKO,20201201,3.3000,3.5900,3.3000,3.5900,4000
RCFS5SBO1,20201201,2.2100,2.2300,2.2100,2.2300,2200
RCFS5SILVE1,20201201,0.1700,0.1700,0.1700,0.1700,1000
RCFS5SOY,20201201,1.6800,1.6800,1.6500,1.6500,17662
RCFS5SUGA1,20201201,1.0700,1.0900,1.0000,1.0500,8000
RCFS6COPP1,20201201,1.1200,1.1200,1.0700,1.0700,20700
RCFS6SILVE,20201201,0.0300,0.0300,0.0300,0.0300,50000
RCFS6SILVE2,20201201,12.6200,12.6200,11.2200,11.2200,922
RCFS6W201,20201201,1.9700,1.9900,1.8600,1.9900,22129
RCFS7OIL,20201201,1.5600,1.7500,1.5400,1.7500,14252
RCFS8COPP1,20201201,0.4000,0.4000,0.4000,0.4000,750
RCFS8GOLD2,20201201,15.7200,15.7200,14.9000,14.9000,500
RCGBSH0522,20201201,1042.0000,1042.0000,1042.0000,1042.0000,248
RCGETNA0421,20201201,985.5000,985.5000,985.5000,985.5000,98
RCGLDAOPEN,20201201,690.0000,690.0000,680.0000,680.0000,29
RCGSDGP0921,20201201,1009.5000,1009.5000,1009.5000,1009.5000,50
RCGTECBSK0222,20201201,1098.0000,1098.0000,1098.0000,1098.0000,300
RCGXAU0322,20201201,1076.5000,1076.5000,1076.5000,1076.5000,490
RCLNAGOPEN,20201201,1.5200,1.5200,1.5200,1.5200,5000
RCLOILAOPEN,20201201,15.6000,15.6000,15.6000,15.6000,651
RCLOILAOPEN1,20201201,170.0000,170.0000,170.0000,170.0000,6
RCSILAOPEN,20201201,91.0000,91.0000,90.0000,91.0000,303
RCTSJSW2,20201201,1.1500,1.2600,1.1500,1.2600,14100
RCTSKGH1,20201201,3.0600,3.0600,3.0600,3.0600,200
RCTSKRU1,20201201,4.0200,4.6500,4.0200,4.6500,1500
RCWHTAOPEN1,20201201,14.5600,14.5600,14.5400,14.5400,2000
REDAN,20201201,0.2000,0.2000,0.1950,0.2000,1962
REINO,20201201,1.4600,1.4600,1.4600,1.4600,2
RELPOL,20201201,5.5000,5.5000,5.3200,5.4400,8814
REMAK,20201201,10.2000,10.2000,10.1000,10.1000,166
RONSON,20201201,1.3650,1.3650,1.3050,1.3100,6255
ROPCZYCE,20201201,23.5000,23.5000,23.0000,23.3000,673
RYVU,20201201,52.6000,52.6000,50.4000,50.4000,6052
SANOK,20201201,16.3000,17.1500,16.3000,16.6000,28277
SANPL,20201201,174.0000,178.8000,173.7000,176.0000,38516
SANTANDER,20201201,10.5000,11.3500,10.5000,11.2660,32351
SANWIL,20201201,3.5200,3.5200,3.2800,3.3000,79804
SEKO,20201201,8.9000,9.2000,8.7500,9.2000,2852
SELENAFM,20201201,18.0000,18.0500,17.6000,17.9500,2067
SELVITA,20201201,46.0000,47.0000,46.0000,46.5000,5924
SERINUS,20201201,0.2380,0.2480,0.2220,0.2380,849426
SESCOM,20201201,27.6000,27.6000,26.6000,26.6000,200
SFINKS,20201201,0.3500,0.3980,0.3500,0.3760,321317
SILVAIR-REGS,20201201,7.5500,7.5500,7.5500,7.5500,999
SIMPLE,20201201,12.0000,12.0000,11.8000,12.0000,2130
SKARBIEC,20201201,24.3000,24.8000,24.0000,24.8000,2617
SKOTAN,20201201,1.8250,1.8450,1.7000,1.8000,21488
SKYLINE,20201201,0.6200,0.6200,0.6200,0.6200,20
SNIEZKA,20201201,86.2000,86.4000,85.8000,86.0000,608
SOLAR,20201201,3.9500,4.0800,3.6600,3.9400,7027
SONEL,20201201,9.3500,9.3500,9.2000,9.3000,1298
SOPHARMA,20201201,10.1000,10.5000,10.0000,10.0000,373
STALEXP,20201201,3.2300,3.2400,3.2000,3.2300,36577
STALPROD,20201201,216.5000,216.5000,209.0000,215.0000,750
STALPROFI,20201201,6.0600,6.0600,5.9400,5.9400,1950
STAPORKOW,20201201,2.4600,2.5600,2.4600,2.5400,7896
STARHEDGE,20201201,0.4590,0.4590,0.4240,0.4260,873
SUNEX,20201201,4.6900,4.6900,4.3200,4.4500,46980
SUWARY,20201201,16.0000,16.0000,16.0000,16.0000,25
SWISSMED,20201201,3.8500,4.6000,3.8200,4.5500,93960
SYGNITY,20201201,8.1600,8.2000,8.0800,8.1400,3607
SYNEKTIK,20201201,28.1000,30.5000,28.1000,28.8000,10785
TALEX,20201201,11.5000,11.5000,11.3000,11.3000,2461
TAURONPE,20201201,2.1600,2.1980,2.1000,2.1000,3054378
TBULL,20201201,26.0000,26.1000,25.1000,25.8000,4819
TERMOREX,20201201,0.8800,0.8800,0.8500,0.8800,5700
TESGAS,20201201,4.4000,4.4000,4.2800,4.3000,12192
TIM,20201201,16.1000,16.3000,16.0000,16.2000,120213
TORPOL,20201201,11.0000,11.6000,10.8000,11.5000,82178
TOWERINVT,20201201,12.9000,12.9000,12.6000,12.9000,760
TOYA,20201201,6.1000,6.1000,5.9800,6.0200,31091
TRAKCJA,20201201,1.8040,1.8800,1.7920,1.7920,280758
TRANSPOL,20201201,2.7100,2.8200,2.7100,2.7800,33719
TRITON,20201201,2.1100,2.1600,2.0800,2.0800,2162
TSGAMES,20201201,568.0000,582.0000,492.0000,496.5000,112611
ULMA,20201201,44.8000,44.8000,44.4000,44.8000,149
ULTGAMES,20201201,31.5000,31.5000,30.3000,30.4000,9594
UNIBEP,20201201,8.2000,8.2000,8.1400,8.1600,975
UNIMA,20201201,2.9000,2.9000,2.9000,2.9000,50
UNIMOT,20201201,31.0000,31.0500,29.5000,30.0000,21428
URSUS,20201201,0.7090,0.7380,0.6800,0.7190,269719
VENTUREIN,20201201,1.8400,1.8400,1.8200,1.8200,2986
VIGOSYS,20201201,550.0000,565.0000,550.0000,560.0000,158
VINDEXUS,20201201,4.8000,4.8400,4.6800,4.7000,9177
VISTAL,20201201,2.9800,3.0550,2.8000,2.9100,54933
VIVID,20201201,1.7900,1.8000,1.7100,1.7440,29348
VOTUM,20201201,12.0000,12.5000,12.0000,12.1000,12701
VOXEL,20201201,39.6000,40.3000,38.9000,40.0000,14222
VRG,20201201,2.4900,2.4900,2.4100,2.4450,52235
WARIMPEX,20201201,5.2200,5.2400,5.1400,5.1400,1028
WASKO,20201201,1.2000,1.2000,1.1700,1.1900,58606
WAWEL,20201201,566.0000,566.0000,564.0000,564.0000,91
WIELTON,20201201,5.8400,5.8800,5.6800,5.7500,54227
WIKANA,20201201,2.1000,2.1600,2.1000,2.1600,475
WIRTUALNA,20201201,82.0000,83.0000,78.8000,79.4000,6444
WITTCHEN,20201201,8.2800,8.4000,8.2800,8.3000,3236
WOJAS,20201201,5.2000,5.2000,5.1000,5.1000,220
WORKSERV,20201201,1.4100,1.5500,1.1480,1.1780,4901978
XTB,20201201,16.4000,17.0000,16.0000,16.1500,503228
XTPL,20201201,78.0000,78.0000,73.2000,76.0000,2969
ZAMET,20201201,0.8000,0.8200,0.7850,0.8150,12993
ZASTAL,20201201,33.6000,33.8000,31.0000,33.6000,6129
ZEPAK,20201201,9.6800,9.9000,9.5200,9.6600,11097
ZPUE,20201201,148.5000,148.5000,146.0000,148.5000,111
ZREMB,20201201,0.7250,0.7250,0.6900,0.7000,659
ZUE,20201201,3.6400,3.6800,3.5200,3.6800,130
ZYWIEC,20201201,496.0000,496.0000,494.0000,494.0000,56
INVESTORMS,20201201,4054.4000,4054.4000,4010.0200,4010.0200,325609.732
MWIG40,20201201,3741.6700,3760.7500,3667.2100,3668.8100,216159.980
MWIG40DVP,20201201,63.1100,63.1100,63.1100,63.1100,216159.980
MWIG40TR,20201201,4955.6500,4976.7000,4859.1500,4859.1500,216159.980
SWIG80,20201201,14907.2600,14937.8400,14856.7200,14880.7800,51278.094
SWIG80DVP,20201201,300.6900,300.6900,300.6900,300.6900,51278.094
SWIG80TR,20201201,19296.8600,19335.3900,19240.1100,19262.5900,51278.094
WIG,20201201,53041.8000,53566.7100,52816.4000,52932.3700,1348680.092
WIG-BANKI,20201201,4422.3000,4493.9100,4398.8800,4428.4800,126848.588
WIG-BUDOW,20201201,3246.8900,3252.6700,3142.2600,3142.2600,8406.080
WIG-CEE,20201201,1196.4400,1196.4400,1185.7200,1185.7200,5955.330
WIG-CHEMIA,20201201,7142.4700,7263.3600,7138.7400,7256.7400,3283.170
WIG-ENERG,20201201,1759.2400,1781.7500,1728.4800,1737.5600,33898.212
WIG-ESG,20201201,8685.8800,8793.2300,8665.9500,8690.7200,1188148.105
WIG-GORNIC,20201201,4665.1200,4845.7600,4658.5700,4845.7600,97115.059
WIG-INFO,20201201,3677.0000,3706.0600,3677.0000,3677.8700,25410.110
WIG-LEKI,20201201,5036.9800,5051.3700,4908.3700,4973.3100,31450.380
WIG-MEDIA,20201201,5478.4500,5525.0100,5309.9400,5354.3400,856.986
WIG-MOTO,20201201,3928.0900,3992.5700,3850.3700,3917.5400,1733.745
WIG-NRCHOM,20201201,2233.6200,2248.6800,2222.4800,2235.3300,1818.577
WIG-ODZIEZ,20201201,4208.1000,4229.2700,4145.8800,4199.7400,30597.893
WIG-PALIWA,20201201,4637.3800,4671.4100,4554.6400,4608.9700,202088.029
WIG-POLAND,20201201,54275.9500,54275.9500,54032.1800,54032.1800,1336823.932
WIG-SPOZYW,20201201,3523.2100,3523.2100,3387.0700,3438.4900,4266.827
WIG-TELKOM,20201201,879.6800,889.2800,872.2800,880.4600,27055.917
WIG-UKRAIN,20201201,424.5800,424.5800,420.3300,423.8800,3118.778
WIG.GAMES,20201201,32474.4800,33258.5000,31295.1300,31365.3800,453251.081
WIG.MS-BAS,20201201,9619.2400,9779.9000,9568.4300,9671.6400,124333.158
WIG.MS-FIN,20201201,6579.1100,6693.2300,6522.2200,6590.5300,182435.888
WIG.MS-PET,20201201,6100.6900,6171.7500,6021.5400,6080.8100,204003.410
WIG20,20201201,1844.3300,1871.1700,1844.3300,1853.3800,1052308.800
WIG20DVP,20201201,10.3700,10.3700,10.3700,10.3700,1052308.800
WIG20LEV,20201201,371.7800,382.5100,371.7800,375.4000,1052308.800
WIG20SHORT,20201201,3878.3400,3878.3400,3821.0100,3859.0100,1052308.800
WIG20TR,20201201,3387.6300,3424.1600,3381.5800,3394.5600,1052308.800
WIG30,20201201,2128.0600,2152.0200,2118.7800,2128.0800,1084359.030
WIG30TR,20201201,3853.6900,3853.6900,3841.1200,3846.3400,1084359.030
WIGDIV,20201201,1027.6100,1030.1900,1010.6500,1010.6500,181292.405
WIGTECH,20201201,14516.2000,14516.2000,14237.6900,14237.6900,0.000
WIGTECHTR,20201201,14769.5700,14910.7800,14596.2400,14613.1900,0.000
