06MAGNA,20201021,2.5400,2.5800,2.3200,2.4400,61095
11BIT,20201021,483.0000,498.0000,481.5000,490.0000,9081
4FUNMEDIA,20201021,5.2000,5.2000,4.9400,4.9400,1563
ABPL,20201021,28.6000,28.6000,27.2000,28.2000,5025
ACAUTOGAZ,20201021,40.0000,40.0000,39.2000,39.2000,1278
ACTION,20201021,4.3000,4.4500,4.1400,4.4300,25196
ADIUVO,20201021,6.1600,6.3600,5.8000,6.0000,9942
AGORA,20201021,5.1600,5.1600,4.9500,4.9700,25824
AGROTON,20201021,3.9800,4.0500,3.9000,4.0000,19923
AIGAMES,20201021,21.5000,21.7000,20.2000,21.0000,10550
AILLERON,20201021,7.3400,7.5800,7.2600,7.3600,13476
AIRWAY,20201021,2.5000,2.5600,2.3300,2.3900,2515233
ALIOR,20201021,13.0800,13.0800,12.6200,12.8050,189332
ALLEGRO,20201021,85.9900,85.9900,82.1200,84.1700,2734889
ALTUSTFI,20201021,0.9360,0.9360,0.7900,0.8400,39500
ALUMETAL,20201021,36.2000,36.2000,36.2000,36.2000,12
AMBRA,20201021,18.0000,18.0500,17.6500,17.9000,3920
AMICA,20201021,144.0000,145.6000,143.4000,145.4000,23190
AMREST,20201021,17.0000,17.0000,16.5000,16.5000,198397
APATOR,20201021,19.5500,19.5500,19.1500,19.3000,472
APLISENS,20201021,10.4000,10.5000,10.4000,10.5000,4
APSENERGY,20201021,1.7600,1.8700,1.7100,1.7600,19591
ARCHICOM,20201021,18.8500,18.9000,18.6000,18.9000,5093
ARCTIC,20201021,3.9400,3.9500,3.8800,3.9200,31414
ARTERIA,20201021,4.3000,4.3000,4.3000,4.3000,169
ARTIFEX,20201021,10.3000,10.4000,9.5600,9.5600,9502
ASBIS,20201021,5.9000,6.0800,5.8100,5.9000,686191
ASSECOBS,20201021,35.4000,35.4000,34.4000,34.8000,711
ASSECOPOL,20201021,69.4000,69.4000,67.5000,67.6000,14465
ASSECOSEE,20201021,43.4000,43.6000,42.1000,42.5000,12684
ASTARTA,20201021,17.9500,18.4000,17.7000,18.4000,10883
ATAL,20201021,31.4000,31.4000,30.3000,31.3000,2128
ATENDE,20201021,3.0000,3.0000,2.9000,2.9800,16233
ATLANTAPL,20201021,6.2000,6.4000,6.2000,6.3000,2265
ATLANTIS,20201021,0.6640,0.6860,0.6640,0.6860,1901
ATLASEST,20201021,1.1900,1.2000,1.1900,1.2000,10542
ATMGRUPA,20201021,3.8300,3.8300,3.6500,3.6700,13335
ATREM,20201021,2.2900,2.2900,2.1600,2.1600,10767
AUTOPARTN,20201021,7.2000,7.2800,7.0400,7.0400,157747
BAHOLDING,20201021,0.4650,0.5090,0.4600,0.4960,173392
BBIDEV,20201021,3.3400,3.5500,3.3400,3.5500,2192
BEDZIN,20201021,8.5500,8.6000,8.5000,8.5000,243
BENEFIT,20201021,620.0000,634.0000,603.0000,610.0000,457
BETACOM,20201021,11.2500,11.2500,11.2500,11.2500,2030
BETAM40TR,20201021,50.4900,50.4900,49.7050,49.8600,4620
BETAW20LV,20201021,27.9700,27.9800,27.7000,27.7400,2368
BETAW20ST,20201021,447.0000,451.8000,447.0000,450.8000,622
BETAW20TR,20201021,28.1900,28.3000,27.9000,28.0150,3421
BIK,20201021,13.0000,13.0000,12.6000,13.0000,1275
BIOMEDLUB,20201021,19.6000,20.4000,19.2500,19.5000,933605
BIOTON,20201021,4.5900,4.7000,4.4550,4.5400,109462
BNPPBSK0524,20201021,999.0000,999.0000,999.0000,999.0000,600
BNPPBSK0921,20201021,473.5000,473.5000,473.5000,473.5000,35
BNPPBSK0924,20201021,881.5000,881.5000,881.5000,881.5000,4
BNPPENDL1121,20201021,1026.5000,1027.0000,1026.0000,1027.0000,1050
BNPPGOLD1222,20201021,1002.5000,1002.5000,1002.0000,1002.0000,250
BNPPPL,20201021,37.0000,37.5000,36.5000,37.5000,747
BNPPSOGO1021,20201021,1048.5000,1048.5000,1048.5000,1048.5000,34
BNPPSOLE1221,20201021,1013.5000,1013.5000,1013.5000,1013.5000,5
BNPPSX7E0321,20201021,597.5000,597.5000,597.5000,597.5000,20
BNPPSXPP0221,20201021,939.0000,939.0000,939.0000,939.0000,80
BNPPSXPP0421,20201021,933.5000,933.5000,933.5000,933.5000,10
BOGDANKA,20201021,16.9600,17.0000,16.2800,16.7400,13918
BOOMBIT,20201021,19.6600,19.7000,19.1000,19.7000,4126
BORYSZEW,20201021,2.9950,2.9950,2.9400,2.9500,15558
BOS,20201021,5.2000,5.2000,5.1000,5.1600,5361
BOWIM,20201021,1.9000,2.1200,1.8600,2.1200,43398
BRASTER,20201021,0.6990,0.7000,0.6330,0.6580,156444
BUDIMEX,20201021,250.0000,250.0000,241.0000,244.0000,4039
BUMECH,20201021,1.9700,1.9800,1.8300,1.9500,7443
CCC,20201021,44.0000,44.0000,41.7000,42.1500,214814
CDPROJEKT,20201021,367.2000,369.4000,354.7000,365.8000,686253
CDRL,20201021,12.5500,12.8000,12.5500,12.8000,666
CELTIC,20201021,6.5000,6.5000,6.4500,6.4500,200
CEZ,20201021,74.0000,74.9000,73.8000,74.0000,1604
CFI,20201021,0.2100,0.2100,0.1990,0.2050,73795
CIECH,20201021,27.5000,27.5000,26.4000,27.2500,57729
CIGAMES,20201021,1.2940,1.3180,1.2500,1.2540,587981
CLNPHARMA,20201021,38.1000,38.1000,36.1500,36.4500,12900
CNT,20201021,13.5000,13.5000,13.2000,13.5000,1173
COALENERG,20201021,0.5300,0.5300,0.5000,0.5250,33097
COGNOR,20201021,1.1900,1.1900,1.1500,1.1600,46349
COMARCH,20201021,203.0000,203.0000,197.0000,199.0000,38669
COMP,20201021,59.0000,59.0000,58.6000,58.8000,326
COMPERIA,20201021,2.5600,2.7000,2.5600,2.6000,21591
CORMAY,20201021,1.7200,1.7900,1.6800,1.6900,334886
CPGROUP,20201021,5.9000,5.9000,5.9000,5.9000,664
CYFRPLSAT,20201021,25.5600,25.6600,24.6400,25.4600,357749
DATAWALK,20201021,187.0000,189.0000,185.5000,185.5000,909
DEBICA,20201021,76.8000,76.8000,74.0000,74.0000,369
DECORA,20201021,28.0000,28.3000,27.5000,27.9000,2089
DEKPOL,20201021,23.8000,24.2000,22.8000,22.8000,2440
DELKO,20201021,14.5000,14.9000,14.3000,14.6000,15780
DEVELIA,20201021,1.7000,1.7000,1.6500,1.6900,1204532
DGA,20201021,5.2000,5.2000,5.1800,5.1800,108
DIGITREE,20201021,6.2000,6.2000,6.1000,6.2000,2280
DINOPL,20201021,232.8000,232.8000,225.2000,230.0000,172285
DOMDEV,20201021,96.8000,96.8000,95.2000,95.2000,3835
ECHO,20201021,4.0500,4.1000,4.0500,4.0800,4690
EDINVEST,20201021,3.3000,3.3800,3.3000,3.3800,75
EFEKT,20201021,4.7000,4.9400,4.6400,4.6400,5505
EKOEXPORT,20201021,3.4800,3.4900,3.2900,3.3000,75009
ELBUDOWA,20201021,0.8270,0.8360,0.7450,0.8000,31938
ELEKTROTI,20201021,4.8500,5.1200,4.8500,5.0600,4778
ELEMENTAL,20201021,2.3300,2.3950,2.3300,2.3800,23736
ELKOP,20201021,0.2500,0.2540,0.2500,0.2540,36275
ELZAB,20201021,3.7000,3.7800,3.6000,3.7800,2400
EMCINSMED,20201021,20.0000,20.0000,18.3000,19.0000,4480
ENAP,20201021,1.3800,1.3800,1.3800,1.3800,2
ENEA,20201021,5.3150,5.4350,5.1600,5.1700,476659
ENELMED,20201021,15.9000,15.9000,15.7000,15.9000,442
ENERGA,20201021,8.3000,8.3100,8.3000,8.3050,145278
ENERGOINS,20201021,0.7700,0.7700,0.7700,0.7700,4
ENTER,20201021,20.0000,20.2000,20.0000,20.2000,10487
ERBUD,20201021,19.5000,19.5000,19.3000,19.5000,1125
ERG,20201021,42.4000,42.4000,39.2000,39.6000,1208
ESOTIQ,20201021,9.9000,9.9000,9.5000,9.5000,751
ETFDAX,20201021,545.4000,545.4000,541.5000,541.9000,384
ETFSP500,20201021,136.4400,136.9000,135.5400,136.1000,1586
ETFW20L,20201021,210.0000,210.0000,202.7000,203.0000,247
EUCO,20201021,4.5000,4.5000,4.3200,4.4700,1165
EUROCASH,20201021,13.7400,13.8900,13.5200,13.7200,210643
EUROHOLD,20201021,4.2800,4.2800,4.2800,4.2800,1
EUROTEL,20201021,21.9000,22.5000,21.8000,21.8000,2342
EVEREST,20201021,19.0000,19.0000,18.4000,18.7000,474
FAMUR,20201021,1.6400,1.6500,1.5760,1.6500,379410
FASING,20201021,9.9400,10.4500,9.9400,10.3000,4500
FEERUM,20201021,11.9000,11.9000,11.5000,11.5000,19
FERRO,20201021,18.2500,18.3000,18.0000,18.3000,482
FERRUM,20201021,3.5600,3.5600,3.4400,3.5600,66
FON,20201021,0.1130,0.1180,0.1130,0.1160,15914
FORTE,20201021,35.3000,36.9500,35.3000,36.4000,5803
GAMEOPS,20201021,26.4000,26.4000,25.0300,25.9950,1873
GAMFACTOR,20201021,18.8500,20.0000,18.0180,18.4000,9770
GAMFACTOR-PDA,20201021,16.8000,17.8900,16.7980,17.2000,3199
GETIN,20201021,0.7970,0.8000,0.7200,0.7205,304354
GETINOBLE,20201021,0.1976,0.1976,0.1750,0.1790,932359
GLCOSMED,20201021,6.5000,7.0500,6.5000,6.7000,82991
GPW,20201021,48.2000,48.2000,47.0000,47.2000,55453
GROCLIN,20201021,0.9020,0.9560,0.8400,0.8600,102718
GRODNO,20201021,11.1000,11.1000,10.5000,10.5500,45443
GRUPAAZOTY,20201021,22.1000,22.3000,21.0000,21.0000,154349
GTC,20201021,6.5400,6.5400,6.2800,6.5200,10918
HANDLOWY,20201021,32.2000,32.3000,31.0500,31.7000,27408
HARPER,20201021,23.2000,27.8000,20.7000,21.0000,587019
HELIO,20201021,10.8000,10.8000,10.5000,10.6000,1456
HERKULES,20201021,1.1500,1.2000,1.1200,1.2000,42614
HUBSTYLE,20201021,1.0900,1.0900,0.9900,1.0400,22451
HYDROTOR,20201021,28.0000,28.6000,28.0000,28.6000,2275
I2DEV,20201021,9.9500,9.9500,9.6000,9.7000,4555
IALBGR,20201021,0.2480,0.2480,0.2480,0.2480,2630
IDEABANK,20201021,1.5580,1.5800,1.3540,1.3540,183537
IDMSA,20201021,0.9050,0.9050,0.9050,0.9050,139
IFCAPITAL,20201021,0.6950,0.6950,0.6950,0.6950,756
IFIRMA,20201021,4.1600,4.1600,4.1200,4.1500,1137
IMCOMPANY,20201021,12.2000,12.2000,12.0000,12.0000,14543
IMMOBILE,20201021,2.7600,2.7600,2.6000,2.6000,935
IMPEL,20201021,11.7000,11.7000,11.7000,11.7000,5
IMPERA,20201021,1.1500,1.2600,1.1500,1.1900,33797
IMS,20201021,2.1600,2.1600,2.1000,2.1200,2289
INC,20201021,7.7800,8.9000,7.7800,8.6400,142629
INGBSK,20201021,125.6000,128.0000,120.2000,123.0000,2415
INPRO,20201021,4.6800,4.6800,4.6400,4.6400,4
INSTALKRK,20201021,19.5000,19.5000,18.8000,19.3500,608
INTERAOLT,20201021,15.0500,15.1000,14.8000,14.8000,13822
INTERCARS,20201021,243.0000,243.0000,233.0000,235.0000,223
INTERFERI,20201021,2.9200,3.1000,2.9200,3.1000,151
INTERSPPL,20201021,1.0250,1.0300,0.9400,1.0300,9217
INTLALE35055,20201021,27.5500,27.9500,27.5500,27.9500,200
INTLBCO32896,20201021,22.9500,23.0000,22.3000,22.3000,350
INTLBCO34975,20201021,13.5200,13.5200,13.5200,13.5200,1099
INTLCCC30734,20201021,1.9500,1.9500,1.9500,1.9500,2600
INTLCCC31005,20201021,1.5600,1.5600,1.5600,1.5600,2000
INTLCCC31476,20201021,1.0000,1.0000,1.0000,1.0000,1000
INTLCDR23200,20201021,19.7000,19.7400,19.7000,19.7400,125
INTLCDR28951,20201021,16.6000,16.6000,16.6000,16.6000,100
INTLCDR30478,20201021,11.4000,11.4000,10.7200,10.7200,285
INTLCDR30718,20201021,8.7000,8.9800,8.1900,8.9800,29590
INTLCDR30726,20201021,10.0800,10.1800,9.5400,10.1800,410
INTLCDR30973,20201021,7.7300,7.7300,6.8600,7.4800,9330
INTLCDR31377,20201021,6.1600,6.5800,5.3700,6.5800,24305
INTLDAX29983,20201021,189.2000,189.2000,189.2000,189.2000,526
INTLDAX30783,20201021,113.8000,117.4000,113.8000,117.4000,16
INTLDAX32193,20201021,70.0000,70.0000,70.0000,70.0000,35
INTLDAX32821,20201021,40.1000,40.1000,36.8000,39.0500,78
INTLDAX32839,20201021,49.3000,49.3000,49.3000,49.3000,150
INTLDAX32847,20201021,58.5000,60.2000,58.5000,60.2000,134
INTLDAX32946,20201021,28.9000,28.9000,23.5000,26.6000,7141
INTLDAX34769,20201021,20.9000,20.9000,12.0000,15.7400,20931
INTLDNP35048,20201021,4.4300,4.4300,4.4300,4.4300,562
INTLDOW34884,20201021,61.4000,61.4000,61.4000,61.4000,50
INTLEUD24364,20201021,55.9000,55.9000,55.9000,55.9000,18
INTLEUD29124,20201021,75.6000,75.6000,75.6000,75.6000,60
INTLEUD33860,20201021,20.6000,20.8000,20.3000,20.4000,954
INTLEUR24059,20201021,34.1500,35.3500,32.8000,32.8000,211
INTLEUR28324,20201021,25.5000,25.5000,25.5000,25.5000,50
INTLEUR34603,20201021,19.3000,22.6000,19.3000,22.4500,5549
INTLGLD21873,20201021,312.0000,312.0000,312.0000,312.0000,3
INTLGLD23903,20201021,212.0000,214.0000,212.0000,214.0000,240
INTLGLD30130,20201021,170.2000,172.2000,170.2000,172.2000,16
INTLGLD30866,20201021,145.8000,148.4000,145.8000,148.4000,55
INTLGLD31310,20201021,121.2000,121.2000,121.2000,121.2000,3
INTLGLD33100,20201021,85.8000,89.7000,83.7000,89.5000,259
INTLGLD33456,20201021,44.4000,49.2500,44.4000,49.2500,1026
INTLGLD33464,20201021,58.8000,61.0000,58.6000,61.0000,735
INTLGLD33472,20201021,71.9000,72.0000,71.9000,72.0000,130
INTLJSW32136,20201021,8.3400,8.5900,8.3400,8.5900,1180
INTLJSW32144,20201021,9.2500,9.2500,9.2500,9.2500,130
INTLJSW34736,20201021,3.1300,3.1300,3.0000,3.0000,150
INTLJSW34744,20201021,4.2000,4.2000,4.2000,4.2000,56
INTLKGH32995,20201021,44.9000,44.9000,44.9000,44.9000,2536
INTLKGH33936,20201021,31.6000,32.9000,31.6000,32.9000,25
INTLKGH33944,20201021,36.7500,36.7500,36.7500,36.7500,150
INTLKGH33951,20201021,40.8000,40.8000,40.8000,40.8000,540
INTLKGH34793,20201021,27.0000,27.2500,25.5500,27.2500,178
INTLLTS34702,20201021,9.1800,9.2000,9.1500,9.1500,1300
INTLNAG31732,20201021,3.6600,3.6600,3.6600,3.6600,500
INTLNDX34892,20201021,38.1000,38.1000,36.0000,37.2000,3456
INTLPEO29421,20201021,8.9600,8.9600,8.9600,8.9600,70
INTLPEO29439,20201021,14.2400,14.2400,14.2400,14.2400,100
INTLPGE32029,20201021,1.5500,1.5500,1.5500,1.5500,3000
INTLPGE32292,20201021,1.1100,1.1100,1.1100,1.1100,1000
INTLPGN32615,20201021,1.2600,1.2600,1.2600,1.2600,2000
INTLPKN04101,20201021,12.0200,12.0200,12.0200,12.0200,39
INTLPKN04119,20201021,14.1600,14.1600,14.1600,14.1600,250
INTLPKN05835,20201021,7.5000,7.5000,7.1800,7.1800,143
INTLPKO29405,20201021,5.3000,5.3000,5.3000,5.3000,378
INTLPKO29413,20201021,7.1100,7.1100,7.1100,7.1100,40
INTLPKO30387,20201021,2.7500,2.7500,2.7500,2.7500,755
INTLPKO30395,20201021,3.7500,3.7500,3.7500,3.7500,50
INTLPKO30403,20201021,4.4500,4.4500,4.4500,4.4500,272
INTLPKO30692,20201021,1.9800,2.0300,1.9200,1.9200,4039
INTLPLA31757,20201021,5.8500,5.8500,5.8500,5.8500,400
INTLPLA33084,20201021,4.8300,4.8300,4.8300,4.8300,100
INTLPLA34579,20201021,3.2200,3.2200,3.2200,3.2200,281
INTLPZU14712,20201021,2.0100,2.0100,1.5500,1.5900,2371
INTLPZU15610,20201021,3.4300,3.4300,2.9900,3.1100,2458
INTLPZU15800,20201021,4.5800,4.5800,4.1500,4.3000,3899
INTLSLV29710,20201021,51.5000,51.5000,51.5000,51.5000,16
INTLSLV33340,20201021,17.2400,17.3800,17.0400,17.0400,88
INTLSLV33357,20201021,20.5500,20.9500,20.5500,20.9500,370
INTLSLV33365,20201021,23.1000,23.1000,22.9000,22.9000,40
INTLSLV33373,20201021,25.5500,26.8500,25.5500,26.8500,67
INTLSLV33381,20201021,28.7500,29.4000,28.7500,29.4000,300
INTLSLV34959,20201021,10.6400,11.0000,10.5400,10.5400,539
INTLSLV34967,20201021,14.4000,14.6000,14.4000,14.6000,400
INTLSPX28928,20201021,57.6000,57.6000,57.6000,57.6000,20
INTLSPX34900,20201021,11.6200,12.7200,11.6200,12.7200,2920
INTLUSD20610,20201021,37.0000,37.0000,37.0000,37.0000,77
INTLUSD20842,20201021,47.8500,50.9000,47.8500,48.1500,131
INTLUSD21170,20201021,27.4500,28.5500,27.1500,27.1500,90
INTLUSD34256,20201021,21.0000,24.1500,21.0000,22.5500,1910
INTLUSD34637,20201021,15.6600,19.1000,15.3200,16.6400,9353
INTLW2028829,20201021,5.5400,5.5400,5.5400,5.5400,100
INTLW2030577,20201021,1.8600,1.8600,1.8600,1.8600,1939
INTLW2031492,20201021,1.1600,1.1600,1.0800,1.0800,560
INTLW2031864,20201021,1.0400,1.0400,0.8800,0.8800,57244
INTROL,20201021,3.3000,3.3600,3.2600,3.3600,17075
INTSBCO28027,20201021,38.6500,38.6500,38.6500,38.6500,10
INTSBCO28308,20201021,31.4000,31.4000,31.0000,31.3000,159
INTSBCO34447,20201021,18.2800,18.2800,18.2800,18.2800,30
INTSBCO34454,20201021,23.6000,23.6000,23.6000,23.6000,5
INTSCCC34207,20201021,4.5400,4.5400,4.5400,4.5400,300
INTSCDR34124,20201021,20.3500,20.3500,19.7600,19.7600,900
INTSCDR34199,20201021,24.0500,24.0500,24.0500,24.0500,125
INTSCDR34249,20201021,16.2800,16.3000,16.2800,16.3000,60
INTSCDR34801,20201021,12.4000,12.9000,12.1000,12.4000,11120
INTSDAX25783,20201021,51.5000,60.1000,51.5000,57.0000,1193
INTSDAX25825,20201021,64.9000,69.2000,64.9000,68.9000,64
INTSDAX26591,20201021,80.0000,85.5000,80.0000,83.3000,318
INTSDAX26609,20201021,99.0000,99.0000,95.7000,96.5000,2010
INTSDAX34330,20201021,39.4500,48.0000,39.3500,44.6000,8226
INTSDAX35022,20201021,29.0000,35.3000,29.0000,31.5000,10616
INTSDNP34074,20201021,5.2900,5.7300,5.2900,5.7300,574
INTSDNP34082,20201021,7.2300,7.7700,7.2300,7.5100,9775
INTSDOW24067,20201021,71.6000,71.6000,70.6000,70.6000,35
INTSDOW27128,20201021,135.0000,135.0000,134.2000,134.2000,40
INTSESX26021,20201021,34.5000,34.5000,34.5000,34.5000,125
INTSESX28878,20201021,16.8400,16.8800,16.7600,16.7600,139
INTSEUD02683,20201021,28.5000,28.8000,27.4500,27.4500,930
INTSEUD21246,20201021,16.0000,16.7000,16.0000,16.1600,190
INTSEUR28340,20201021,12.8000,12.8000,12.8000,12.8000,1500
INTSEUR29165,20201021,25.7000,25.7000,22.6000,23.6000,476
INTSEUR29181,20201021,31.8500,31.8500,31.8500,31.8500,100
INTSEUR29686,20201021,40.3000,40.3000,40.3000,40.3000,40
INTSGBU26971,20201021,42.4000,42.4000,42.4000,42.4000,50
INTSGBU31831,20201021,27.1500,27.1500,25.8500,25.8500,737
INTSGLD33316,20201021,83.8000,83.8000,79.3000,79.3000,80
INTSGLD34504,20201021,60.9000,60.9000,55.0000,55.0000,83
INTSNAG27797,20201021,3.0900,3.0900,3.0900,3.0900,2450
INTSNDX33225,20201021,46.9000,49.5000,45.0000,45.3000,8812
INTSNDX33233,20201021,64.6000,65.5000,64.0000,64.0000,8025
INTSNKX27086,20201021,76.7000,76.7000,76.7000,76.7000,2
INTSNKX27094,20201021,140.8000,140.8000,140.8000,140.8000,10
INTSPGE34157,20201021,2.9500,2.9500,2.9500,2.9500,3000
INTSPKN34173,20201021,25.7500,25.7500,25.7500,25.7500,90
INTSPLA34488,20201021,5.9400,5.9400,5.9400,5.9400,100
INTSPLA34587,20201021,4.7400,4.7400,4.4900,4.4900,608
INTSPZU34165,20201021,16.3400,16.3400,16.3400,16.3400,27
INTSSLV33696,20201021,24.3500,24.7000,23.2500,23.3500,655
INTSSLV34553,20201021,11.7600,11.9200,11.7600,11.9200,40
INTSSLV35030,20201021,7.7000,7.7000,6.8000,6.8000,11030
INTSSPX34140,20201021,21.0000,21.1000,19.8200,19.8200,215
INTSSPX34413,20201021,14.1000,14.7400,13.7400,13.7800,920
INTSTNF34108,20201021,34.7500,34.7500,34.7500,34.7500,50
INTSUSD32698,20201021,23.6000,23.6000,23.6000,23.6000,25
INTSUSD33589,20201021,20.4500,20.4500,18.4000,20.1000,330
INTSUSJ30106,20201021,44.9500,44.9500,44.9500,44.9500,20
INTSW2019307,20201021,8.5000,8.5000,8.5000,8.5000,150
INTSW2027060,20201021,5.5400,5.5400,5.5400,5.5400,500
INTSW2028464,20201021,3.0700,3.1800,3.0700,3.1800,1315
INTSW2034264,20201021,1.8500,2.0400,1.8500,2.0100,50282
INTSW2034272,20201021,2.0500,2.2500,2.0500,2.1100,3809
INTSW2034306,20201021,2.8500,3.0000,2.8500,3.0000,450
INVCEEFIZ,20201021,458.1000,458.1000,458.1000,458.1000,3
INVFIZ,20201021,944.1000,944.1000,932.1000,932.1000,15
INVPEFIZ,20201021,903.1000,903.1000,881.1000,881.1000,35
IPOPEMA,20201021,3.6000,3.7000,3.5200,3.5200,27089
ITMTRADE,20201021,0.1310,0.1310,0.1310,0.1310,83
IZOBLOK,20201021,28.4000,28.4000,28.0000,28.4000,530
IZOLACJA,20201021,1.4700,1.4700,1.4700,1.4700,16
IZOSTAL,20201021,2.1400,2.1400,2.1200,2.1400,2100
JSW,20201021,20.3200,20.9000,20.0300,20.2700,535855
JWCONSTR,20201021,2.9500,2.9500,2.8200,2.8300,365
JWWINVEST,20201021,2.6700,2.6700,2.5500,2.5500,74
K2INTERNT,20201021,17.9000,18.7000,17.8000,18.2000,3551
KCI,20201021,0.6980,0.6980,0.6680,0.6800,17222
KERNEL,20201021,39.9000,40.7000,38.9000,40.5000,23496
KETY,20201021,475.0000,475.0000,464.0000,465.0000,5647
KGHM,20201021,128.9000,131.2500,128.3000,131.2000,646149
KGL,20201021,15.1000,15.7500,15.1000,15.6000,1950
KINOPOL,20201021,6.5500,6.7500,6.4500,6.5500,20845
KOGENERA,20201021,31.6000,31.6000,31.0000,31.0000,655
KOMPAP,20201021,7.8000,7.8000,7.8000,7.8000,900
KOMPUTRON,20201021,1.7150,1.7150,1.7000,1.7000,520
KPPD,20201021,25.8000,27.0000,25.8000,27.0000,126
KREC,20201021,7.2200,7.2200,6.9400,6.9400,401
KREDYTIN,20201021,11.5000,11.5000,11.5000,11.5000,7
KRKA,20201021,377.0000,382.0000,377.0000,382.0000,5
KRUK,20201021,132.8000,133.5000,128.1000,129.7000,17317
KRUSZWICA,20201021,52.8000,53.0000,52.0000,53.0000,3472
KRVITAMIN,20201021,32.0000,33.9000,31.7000,31.8000,21076
KSGAGRO,20201021,1.0100,1.0100,0.9100,1.0000,10270
LABOPRINT,20201021,10.0500,10.0500,10.0000,10.0000,8
LARQ,20201021,1.9600,2.1500,1.9600,1.9800,10043
LENA,20201021,3.4200,3.4800,3.3300,3.4800,14514
LENTEX,20201021,8.4200,9.2600,8.4000,8.8800,45336
LIBET,20201021,2.2000,2.2000,2.0800,2.1900,5319
LIVECHAT,20201021,112.0000,112.0000,104.8000,105.2000,31158
LOKUM,20201021,12.0000,12.0000,11.5500,12.0000,10
LOTOS,20201021,31.7500,31.9900,30.5000,30.5000,723363
LPP,20201021,6285.0000,6315.0000,6175.0000,6250.0000,2231
LSISOFT,20201021,12.5500,12.8000,12.2000,12.3000,10704
LUBAWA,20201021,1.4500,1.4700,1.3800,1.4050,706583
MABION,20201021,27.0000,29.7000,25.5500,26.0000,131963
MAKARONPL,20201021,5.9000,5.9500,5.7500,5.9000,9185
MANGATA,20201021,44.0000,44.0000,40.2000,40.2000,168
MARVIPOL,20201021,5.0000,5.0400,5.0000,5.0000,31253
MASTERPHA,20201021,4.2600,4.4000,4.2600,4.4000,7796
MAXCOM,20201021,11.0500,11.0500,10.8000,10.9500,1142
MBANK,20201021,153.4000,155.8000,146.7000,146.7000,75640
MBWS,20201021,6.4900,6.4900,6.4000,6.4500,1542
MCI,20201021,15.6000,15.6000,15.1500,15.4500,7994
MDIENERGIA,20201021,3.7800,4.0500,3.7800,4.0300,78722
MEDIACAP,20201021,1.8400,1.8400,1.8000,1.8000,2514
MEDICALG,20201021,22.0500,22.0500,20.8500,21.1000,4749
MENNICA,20201021,19.0000,19.0000,17.8000,18.4000,12980
MERCATOR,20201021,640.0000,640.0000,612.0000,622.0000,33897
MERCOR,20201021,9.6600,9.6600,9.4000,9.5800,1334
MEXPOLSKA,20201021,1.1300,1.1300,1.0200,1.1300,4921
MFO,20201021,20.2000,20.4000,19.6000,19.7000,562
MILKILAND,20201021,0.6600,0.6700,0.6600,0.6700,550
MILLENNIUM,20201021,2.4800,2.5100,2.3820,2.4000,1154457
MIRACULUM,20201021,1.1200,1.1300,1.1100,1.1300,6175
MIRBUD,20201021,2.2200,2.2200,2.1300,2.1600,192869
MLPGROUP,20201021,71.5000,72.0000,69.0000,69.0000,297062
MLSYSTEM,20201021,75.0000,76.6000,72.0000,72.2000,5358
MOBRUK,20201021,294.0000,300.0000,294.0000,300.0000,164
MOJ,20201021,1.3400,1.3500,1.3300,1.3300,5787
MOL,20201021,20.7800,20.8000,20.7200,20.7200,570
MONNARI,20201021,1.5500,1.5500,1.4800,1.5000,40737
MOSTALPLC,20201021,8.0400,8.1000,7.8200,8.1000,921
MOSTALWAR,20201021,4.2200,4.2300,4.1700,4.2300,600
MOSTALZAB,20201021,0.8980,0.9000,0.8760,0.8960,47240
MUZA,20201021,2.4400,2.4400,2.4400,2.4400,840
MWTRADE,20201021,1.7300,1.7300,1.7300,1.7300,120
NANOGROUP,20201021,12.6000,12.6000,9.2500,10.0000,560109
NETIA,20201021,4.5000,4.5000,4.4700,4.4700,178869
NEUCA,20201021,530.0000,532.0000,525.0000,526.0000,1829
NEWAG,20201021,24.4000,24.4000,23.5000,23.7000,2939
NOVATURAS,20201021,7.6500,7.6500,7.6500,7.6500,2
NOVAVISGR,20201021,2.0200,2.0400,1.8000,1.8500,48243
NOVITA,20201021,127.0000,128.0000,126.5000,126.5000,75
NOWAGALA,20201021,0.8500,0.8500,0.8260,0.8260,9045
NTTSYSTEM,20201021,2.6000,2.6100,2.6000,2.6100,1487
OAT,20201021,15.8000,16.6000,15.6000,16.0500,16353
ODLEWNIE,20201021,4.2000,4.2000,4.1000,4.1900,4296
OEX,20201021,15.1000,15.4000,15.1000,15.3000,264
OPENFIN,20201021,0.7300,0.7900,0.7300,0.7900,22270
OPONEO.PL,20201021,33.4000,33.5000,32.1000,33.0000,16152
OPTEAM,20201021,26.8000,27.0000,26.4000,27.0000,964
ORANGEPL,20201021,6.7750,6.7750,6.5700,6.6750,565922
ORZBIALY,20201021,10.4000,11.3000,10.4000,10.9000,2646
OTLOG,20201021,4.5000,4.5600,4.5000,4.5600,2897
OTMUCHOW,20201021,1.3200,1.3200,1.3200,1.3200,56
OVOSTAR,20201021,62.0000,62.0000,61.5000,62.0000,1372
PAMAPOL,20201021,1.5000,1.5000,1.3900,1.4300,34722
PANOVA,20201021,10.2000,10.6500,9.8200,10.4500,7120
PATENTUS,20201021,0.9200,0.9500,0.9200,0.9460,15749
PBKM,20201021,77.0000,77.0000,77.0000,77.0000,11
PCCEXOL,20201021,4.3000,4.8300,4.2400,4.4300,1458969
PCCROKITA,20201021,47.0000,47.2000,46.0000,46.4000,6259
PEKABEX,20201021,13.4000,13.6000,13.3500,13.4000,7797
PEKAO,20201021,47.7300,47.7600,46.8400,46.9000,842311
PEMANAGER,20201021,11.8000,11.8000,11.7500,11.7500,108
PEP,20201021,47.0000,47.5000,46.7000,46.7000,1953
PEPEES,20201021,1.3500,1.3600,1.3500,1.3600,606
PGE,20201021,5.6900,5.6900,5.4960,5.4960,1192392
PGNIG,20201021,5.0000,5.0000,4.7870,4.8520,3712279
PGO,20201021,0.9800,1.0000,0.9500,1.0000,1011
PGSSOFT,20201021,11.0000,11.0000,10.8000,11.0000,1434
PHARMENA,20201021,10.5000,11.0000,10.0000,10.4500,12690
PHN,20201021,9.6400,9.6400,9.5000,9.5600,14076
PKNORLEN,20201021,42.4900,43.1000,41.8000,41.8000,664705
PKOBP,20201021,20.5500,20.6900,20.0700,20.1800,1487006
PKOGD,20201021,102.2500,102.2500,101.8000,101.8000,452
PKPCARGO,20201021,10.1800,10.3000,9.9200,9.9300,45409
PLASTBOX,20201021,1.7100,1.7900,1.6800,1.7550,308592
PLAY,20201021,38.8000,38.8200,38.6800,38.7400,1616262
PLAYWAY,20201021,564.0000,565.0000,540.0000,540.0000,8793
PLAZACNTR,20201021,1.6000,1.6700,1.6000,1.6700,32
PMPG,20201021,1.8800,1.9000,1.8800,1.9000,4117
POLICE,20201021,11.8000,11.8000,11.8000,11.8000,489
POLIMEXMS,20201021,2.0400,2.0500,1.9840,2.0000,125196
POLNORD,20201021,2.9900,3.1600,2.9550,3.0600,35414
POLWAX,20201021,2.7100,2.7400,2.6800,2.6900,33539
POLWAX-PDA,20201021,2.5800,2.6300,2.5300,2.6000,58589
POZBUD,20201021,1.8500,1.8500,1.7150,1.8500,41004
PRAGMAFA,20201021,28.0000,28.2000,26.6000,27.0000,27442
PRAGMAINK,20201021,8.1600,8.1600,7.8000,7.8000,330
PRAIRIE,20201021,0.6200,0.6360,0.6000,0.6000,74418
PRIMETECH,20201021,0.9100,1.0000,0.9100,1.0000,8165
PROCHEM,20201021,18.5000,18.5000,18.5000,18.5000,9
PROJPRZEM,20201021,16.6000,16.6000,16.6000,16.6000,1002
PROTEKTOR,20201021,4.5600,4.5600,4.4000,4.4600,29642
PROVIDENT,20201021,3.1400,3.2500,3.0550,3.2000,308006
PULAWY,20201021,73.0000,74.0000,72.6000,73.2000,303
PUNKPIRAT,20201021,0.5700,0.6050,0.5400,0.5800,62358
PZU,20201021,22.2000,22.2700,21.5600,21.7000,2898446
PZUAKORD,20201021,118.7800,118.7800,118.7800,118.7800,567
QUERCUS,20201021,3.3900,3.4000,3.3000,3.3900,50960
R22,20201021,32.5000,33.0000,32.0000,32.8000,18253
RADPOL,20201021,2.1900,2.1900,2.1900,2.1900,25
RAFAKO,20201021,0.7300,0.7320,0.6800,0.6820,228331
RAINBOW,20201021,11.2000,11.4000,10.4000,10.7000,42866
RANKPROGR,20201021,1.5200,1.5850,1.4500,1.4800,114324
RAWLPLUG,20201021,7.6200,7.9000,7.6200,7.9000,1914
RCCOFFAOPEN1,20201021,2.6500,2.6500,2.6000,2.6000,1200
RCEW200325,20201021,949.5000,949.5000,949.5000,949.5000,15
RCFL10GOLD,20201021,17.1400,18.0000,17.1400,18.0000,89
RCFL10GOLD1,20201021,8.1800,8.1800,8.1800,8.1800,100
RCFL10SILVE2,20201021,0.8300,0.8300,0.8300,0.8300,3520
RCFL2GOLD,20201021,104.6000,104.6000,104.6000,104.6000,1
RCFL3ALR,20201021,0.1800,0.1800,0.1700,0.1700,11510
RCFL3CCC1,20201021,5.2200,5.2200,4.6600,4.6600,570
RCFL3CDPRO1,20201021,70.7000,70.7000,66.1000,66.1000,841
RCFL3CDPRO2,20201021,6.5800,6.5800,6.5800,6.5800,190
RCFL3COFF1,20201021,4.7900,4.8700,4.7900,4.8700,390
RCFL3COFF3,20201021,5.6500,5.8300,5.5400,5.5400,10116
RCFL3EUH,20201021,0.8000,0.8000,0.8000,0.8000,5000
RCFL3GOLD,20201021,73.0000,73.9000,73.0000,73.0000,172
RCFL3JSW,20201021,0.4200,0.4300,0.3900,0.4100,106087
RCFL3KGH,20201021,4.4500,4.4500,4.4500,4.4500,1000
RCFL3LTS1,20201021,0.1600,0.1600,0.1400,0.1500,34003
RCFL3MBK,20201021,1.2000,1.2000,1.0800,1.1000,6620
RCFL3NAG2,20201021,5.5200,5.5200,5.5200,5.5200,500
RCFL3OIL2,20201021,1.3200,1.3300,1.3200,1.3300,1570
RCFL3PEO,20201021,0.6100,0.6200,0.6000,0.6100,52221
RCFL3PKN,20201021,5.9300,5.9300,5.9300,5.9300,270
RCFL3PKO,20201021,1.9100,1.9300,1.9100,1.9300,1700
RCFL3PLAT1,20201021,4.2700,4.2700,4.2700,4.2700,200
RCFL3PLAT2,20201021,8.8900,8.8900,8.8900,8.8900,300
RCFL3PZU,20201021,5.9800,5.9800,5.5800,5.6700,1102
RCFL3SILVE,20201021,7.1000,7.1000,7.1000,7.1000,5200
RCFL3SILVE3,20201021,19.9000,20.5500,19.9000,20.5500,2990
RCFL3SUGA2,20201021,5.0600,5.0600,5.0600,5.0600,300
RCFL3W20,20201021,18.4200,18.4200,18.4200,18.4200,100
RCFL3WHT,20201021,4.4000,4.4000,4.4000,4.4000,500
RCFL4CDPRO,20201021,33.3000,33.8000,29.1000,33.8000,2952
RCFL4CDPRO1,20201021,5.4900,5.7200,5.4100,5.6400,2930
RCFL4GAMES,20201021,80.0000,80.0000,80.0000,80.0000,10
RCFL4KGH,20201021,4.6300,4.6300,4.6300,4.6300,1000
RCFL4KGH1,20201021,63.8000,63.8000,63.8000,63.8000,10
RCFL4NAG1,20201021,0.6300,0.6300,0.6300,0.6300,200
RCFL4PEO1,20201021,3.2300,3.2600,3.2300,3.2600,1329
RCFL4PKN1,20201021,1.1800,1.1800,1.1000,1.1000,7788
RCFL4PKO,20201021,0.1800,0.1800,0.1800,0.1800,35000
RCFL4PKO1,20201021,4.1400,4.1400,4.1400,4.1400,250
RCFL4PZU,20201021,0.2400,0.2400,0.2200,0.2300,355000
RCFL4SILVE1,20201021,7.4200,7.4200,7.4200,7.4200,600
RCFL4SILVE2,20201021,11.1000,11.1000,11.1000,11.1000,50
RCFL4SOY,20201021,11.4200,11.4200,11.4200,11.4200,20
RCFL5COPP,20201021,7.6300,7.6300,7.6300,7.6300,99
RCFL5CORN,20201021,3.4400,3.5000,3.4400,3.5000,300
RCFL5FW20,20201021,0.3600,0.3600,0.3600,0.3600,6000
RCFL5GOLD,20201021,27.9000,28.3000,27.9000,28.2500,803
RCFL5SILVE,20201021,1.8500,1.8500,1.8500,1.8500,5000
RCFL5W20,20201021,8.2200,8.2200,8.2200,8.2200,990
RCFL6COPP1,20201021,8.6800,8.6800,8.6800,8.6800,172
RCFL6NAG3,20201021,9.1200,9.1200,9.1200,9.1200,542
RCFL6PLAT2,20201021,3.8500,3.8500,3.8500,3.8500,120
RCFL6SILVE,20201021,2.3700,2.4500,2.3400,2.4500,9949
RCFL6SILVE2,20201021,16.8200,16.8200,16.8200,16.8200,592
RCFL6SUGA,20201021,2.1800,2.1800,2.0700,2.1400,9157
RCFL7SILVE,20201021,0.4900,0.5100,0.4800,0.5100,32000
RCFL7SILVE1,20201021,2.0600,2.0600,2.0600,2.0600,555
RCFL8COFF,20201021,0.1000,0.1000,0.1000,0.1000,1000
RCFL8COFF1,20201021,0.3100,0.3100,0.3100,0.3100,5000
RCFL8COPP1,20201021,5.4000,5.4000,5.4000,5.4000,339
RCFS10GOLD2,20201021,10.7600,10.7600,10.7600,10.7600,100
RCFS2PKN,20201021,6.4500,6.4500,6.4500,6.4500,333
RCFS2SILVE2,20201021,2.0900,2.0900,2.0900,2.0900,100
RCFS2W20,20201021,69.9000,70.1000,69.9000,70.1000,59
RCFS3CCC,20201021,0.2300,0.2300,0.2300,0.2300,5000
RCFS3CCC1,20201021,11.1600,12.2600,11.1600,12.0400,2109
RCFS3CDPRO,20201021,4.1600,4.1600,4.1600,4.1600,300
RCFS3FDX,20201021,5.4300,5.5000,5.4300,5.5000,3
RCFS3GAMES,20201021,1.2000,1.2000,1.2000,1.2000,30500
RCFS3KGH,20201021,0.2000,0.2000,0.1800,0.1900,79100
RCFS3LPP,20201021,0.7000,0.7000,0.7000,0.7000,500
RCFS3MWIG40,20201021,9.1900,9.4800,9.1900,9.4800,496
RCFS3PGE,20201021,1.7800,1.8600,1.7800,1.8600,4799
RCFS3TPE,20201021,1.0700,1.0700,1.0700,1.0700,1500
RCFS3W20,20201021,36.6000,37.9500,36.6000,37.9500,408
RCFS4CDPRO,20201021,0.0300,0.0300,0.0300,0.0300,100
RCFS4CDPRO1,20201021,2.6400,2.7600,2.6400,2.7000,13000
RCFS4DNP,20201021,7.2600,7.2600,7.2600,7.2600,200
RCFS4NAG3,20201021,5.3200,5.3200,5.3200,5.3200,1600
RCFS4PGN,20201021,1.3900,1.4100,1.3300,1.4000,9324
RCFS4PZU,20201021,27.7000,27.7000,27.7000,27.7000,50
RCFS5CORN,20201021,3.5000,3.5000,3.5000,3.5000,150
RCFS5FW20,20201021,6.0400,6.1500,6.0100,6.1200,3646
RCFS5NAG3,20201021,4.1900,4.1900,4.1900,4.1900,2200
RCFS5SUGA,20201021,2.3100,2.3700,2.3100,2.3600,2999
RCFS6COPP1,20201021,1.9900,1.9900,1.9900,1.9900,800
RCFS6GASO3,20201021,6.2900,6.2900,6.2900,6.2900,20
RCFS6NAG,20201021,0.1600,0.1600,0.1600,0.1600,2772
RCFS6NAG2,20201021,3.1700,3.1700,3.0000,3.0000,4769
RCFS6W201,20201021,5.1600,5.2700,5.1600,5.2700,2200
RCFS8COPP1,20201021,0.8400,0.8400,0.8400,0.8400,9000
RCGCOMB0417,20201021,1011.5000,1011.5000,1011.5000,1011.5000,51
RCGETNA0722,20201021,989.5000,989.5000,989.0000,989.0000,607
RCGKOMP1222,20201021,1120.5000,1120.5000,1120.5000,1120.5000,41
RCSILAOPEN,20201021,98.0000,98.0000,98.0000,98.0000,21
RCSP5AOPEN,20201021,132.8000,132.8000,132.8000,132.8000,10
RCTSBHW,20201021,1.2600,1.2600,1.2600,1.2600,1186
RCTSOIL022,20201021,3.4100,3.4100,3.4100,3.4100,134
REDAN,20201021,0.1780,0.1800,0.1770,0.1800,22797
REINO,20201021,1.4800,1.4800,1.4800,1.4800,2
RELPOL,20201021,5.1800,5.3000,5.1800,5.2800,2032
REMAK,20201021,10.3000,10.3000,9.7800,9.7800,908
RONSON,20201021,1.4550,1.4550,1.4100,1.4550,14804
ROPCZYCE,20201021,20.4000,20.4000,19.7000,20.2000,656
RYVU,20201021,63.0000,63.0000,51.2000,52.0000,90425
SANOK,20201021,13.0000,13.3500,12.7500,12.8500,2502
SANPL,20201021,132.0000,132.3000,124.2000,128.7000,134698
SANTANDER,20201021,7.7500,7.8920,7.6500,7.6500,4924
SANWIL,20201021,4.7000,4.9400,4.6600,4.8000,115028
SELENAFM,20201021,15.5000,15.5000,14.9000,15.5000,553
SELVITA,20201021,43.6000,43.9000,42.2000,42.2000,13383
SERINUS,20201021,0.3400,0.3480,0.3320,0.3320,111998
SESCOM,20201021,28.0000,28.0000,28.0000,28.0000,1
SFINKS,20201021,0.3600,0.3600,0.3000,0.3100,352536
SILVAIR-REGS,20201021,9.0800,9.0800,8.2000,8.2000,212
SIMPLE,20201021,11.0000,11.0000,10.9000,10.9000,50
SKARBIEC,20201021,25.3000,25.3000,25.0000,25.3000,875
SKOTAN,20201021,1.9400,1.9400,1.8500,1.9400,12529
SLEEPZAG,20201021,0.3720,0.3820,0.3720,0.3820,18500
SNIEZKA,20201021,88.8000,89.0000,88.0000,89.0000,903
SOLAR,20201021,3.6000,3.6800,3.5600,3.6800,2508
SONEL,20201021,9.3000,9.4000,9.2000,9.2500,1775
SOPHARMA,20201021,12.0000,12.0000,10.8000,10.9000,2057
STALEXP,20201021,2.7600,2.8000,2.7100,2.8000,143268
STALPROD,20201021,178.8000,181.2000,175.0000,178.0000,2051
STALPROFI,20201021,5.2200,5.2200,5.1000,5.1000,8967
STAPORKOW,20201021,2.4000,2.4400,2.4000,2.4200,2100
STARHEDGE,20201021,0.4500,0.4500,0.4140,0.4500,4751
SUNEX,20201021,4.3600,4.3600,4.1800,4.2000,5385
SUWARY,20201021,16.7000,16.7000,16.7000,16.7000,25
SWISSMED,20201021,4.1900,4.1900,3.6700,3.6700,74558
SYGNITY,20201021,7.5400,7.7200,7.5000,7.5600,8688
SYNEKTIK,20201021,26.0000,26.4000,25.3000,25.6000,6219
TALEX,20201021,11.7500,11.7500,11.7000,11.7000,60
TATRY,20201021,164.0000,167.0000,164.0000,167.0000,50
TAURONPE,20201021,2.0900,2.0940,2.0180,2.0820,1699201
TBULL,20201021,24.7000,29.0000,24.7000,27.8000,49958
TERMOREX,20201021,1.1050,1.1050,1.1050,1.1050,180
TESGAS,20201021,4.1000,4.1800,4.0400,4.0600,6745
TIM,20201021,13.0000,13.7000,13.0000,13.5500,44472
TORPOL,20201021,10.9000,11.5000,10.5500,10.6500,81042
TOWERINVT,20201021,16.0000,16.1000,16.0000,16.1000,395
TOYA,20201021,7.7800,7.8200,7.6600,7.7600,13968
TRAKCJA,20201021,1.4980,1.5220,1.4800,1.4800,29151
TRANSPOL,20201021,2.8800,2.8800,2.7400,2.8000,14814
TRITON,20201021,2.3400,2.3400,2.3400,2.3400,9
TSGAMES,20201021,662.0000,670.0000,646.0000,655.0000,11504
UCEXDTEGN0423,20201021,971.0000,971.0000,971.0000,971.0000,26
ULMA,20201021,46.6000,46.6000,46.4000,46.6000,1152
ULTGAMES,20201021,30.4500,30.7000,30.0000,30.0500,5685
UNIBEP,20201021,7.0600,7.1000,6.8200,6.8600,3409
UNICREDIT,20201021,32.4900,32.4900,31.5400,31.5400,9
UNIMOT,20201021,28.7000,29.0000,28.4000,28.4500,8425
URSUS,20201021,0.4860,0.4960,0.4850,0.4960,62775
VENTUREIN,20201021,1.6600,1.7100,1.6600,1.7100,1607
VIGOSYS,20201021,535.0000,560.0000,535.0000,550.0000,1541
VINDEXUS,20201021,4.6300,5.2000,4.6300,5.1800,15833
VISTAL,20201021,3.0100,3.1400,2.7700,2.8500,33420
VIVID,20201021,1.7980,1.8000,1.7600,1.7640,26286
VOTUM,20201021,12.2000,12.2500,11.9000,12.0500,2227
VOXEL,20201021,45.8000,46.5000,43.4000,45.6000,3100
VRG,20201021,2.2400,2.2400,2.1800,2.2000,177102
WARIMPEX,20201021,5.0600,5.0600,5.0600,5.0600,38
WASKO,20201021,1.2350,1.2600,1.1900,1.2000,24948
WAWEL,20201021,558.0000,558.0000,536.0000,536.0000,171
WIELTON,20201021,3.8900,3.9000,3.7100,3.7300,35086
WIKANA,20201021,2.3000,2.3000,2.2000,2.3000,8001
WIRTUALNA,20201021,73.2000,74.0000,73.0000,74.0000,2744
WITTCHEN,20201021,6.5600,6.5600,6.3600,6.4000,12115
WOJAS,20201021,4.1400,4.1400,3.9000,3.9400,3371
WORKSERV,20201021,0.8850,0.9200,0.8680,0.9160,242061
XTB,20201021,17.1500,17.4000,16.6000,16.7500,631340
XTPL,20201021,80.0000,80.0000,72.0000,76.0000,2142
ZAMET,20201021,0.9150,0.9200,0.9150,0.9200,15010
ZASTAL,20201021,21.0000,23.0000,20.6000,23.0000,7918
ZEPAK,20201021,9.6000,9.8000,9.1600,9.8000,23780
ZPUE,20201021,145.0000,145.0000,140.5000,145.0000,137
ZREMB,20201021,0.7700,0.7700,0.7700,0.7700,1244
ZUE,20201021,3.2000,3.4400,3.1800,3.2800,8453
ZYWIEC,20201021,472.0000,472.0000,470.0000,472.0000,55
INVESTORMS,20201021,3871.8400,3871.8400,3853.1200,3853.1200,221530.556
MWIG40,20201021,3611.7200,3612.2400,3548.4000,3550.1800,131963.264
MWIG40DVP,20201021,63.1100,63.1100,63.1100,63.1100,131963.264
MWIG40TR,20201021,4783.5300,4783.5300,4700.6300,4702.0200,131963.264
SWIG80,20201021,13939.4400,13941.5400,13690.4200,13703.0800,69558.986
SWIG80DVP,20201021,264.8600,264.8600,264.8600,264.8600,69558.986
SWIG80TR,20201021,17999.9400,17999.9400,17678.3800,17694.7300,69558.986
WIG,20201021,48588.6800,48588.6800,47781.2300,47912.1300,1163129.337
WIG-BANKI,20201021,3539.0400,3553.6200,3449.4200,3467.5800,105555.683
WIG-BUDOW,20201021,2972.9300,2979.6100,2910.6000,2937.7500,4247.388
WIG-CEE,20201021,1069.5300,1073.9200,1067.4600,1073.9200,1908.028
WIG-CHEMIA,20201021,6498.5100,6500.4000,6286.9100,6298.9100,5243.688
WIG-ENERG,20201021,1722.4500,1724.0000,1682.4000,1689.2800,14844.625
WIG-ESG,20201021,7827.0100,7827.0100,7684.4000,7716.3500,834454.756
WIG-GORNIC,20201021,4013.3400,4064.6000,3976.1500,4061.1600,95315.393
WIG-INFO,20201021,3899.2300,3899.2300,3792.8000,3793.0000,13319.621
WIG-LEKI,20201021,6138.5900,6206.0100,5997.1900,6012.5000,23897.006
WIG-MEDIA,20201021,4846.7300,4865.6700,4796.3100,4847.5700,636.577
WIG-MOTO,20201021,3843.2300,3843.2300,3730.0400,3730.9800,1478.039
WIG-NRCHOM,20201021,2124.5400,2124.5400,2090.2100,2116.4800,23725.452
WIG-ODZIEZ,20201021,3658.1100,3658.1100,3597.2000,3617.2100,39475.378
WIG-PALIWA,20201021,3917.5500,3933.0900,3822.7400,3827.5300,69028.845
WIG-POLAND,20201021,49064.5700,49064.5700,48913.0600,48960.6500,1156056.058
WIG-SPOZYW,20201021,2974.3100,3032.8000,2966.4200,3021.8100,2667.906
WIG-TELKOM,20201021,890.1700,890.5100,873.1900,884.9300,76258.665
WIG-UKRAIN,20201021,338.7400,343.9400,338.7400,343.9400,1505.303
WIG.GAMES,20201021,33494.6900,33584.1600,32873.6100,33214.0600,265393.745
WIG.MS-BAS,20201021,8790.9300,8858.8600,8639.9300,8736.6900,107604.470
WIG.MS-FIN,20201021,5311.5700,5327.3700,5169.5100,5205.6000,153001.059
WIG.MS-PET,20201021,5347.1300,5355.2400,5195.2600,5206.9400,73569.123
WIG20,20201021,1656.9700,1663.2300,1634.2800,1641.4200,943773.640
WIG20DVP,20201021,10.3700,10.3700,10.3700,10.3700,943773.640
WIG20LEV,20201021,303.1500,305.4400,294.8500,297.4600,943773.640
WIG20SHORT,20201021,4360.6100,4420.3700,4344.1200,4401.5600,943773.640
WIG20TR,20201021,3045.1800,3045.1800,2995.5900,3006.3500,943773.640
WIG30,20201021,1910.2900,1910.2900,1878.3600,1884.2800,974326.860
WIG30TR,20201021,3410.6600,3410.6600,3402.7200,3405.6900,974326.860
WIGDIV,20201021,985.2000,985.2000,966.1000,966.7300,65487.975
WIGTECH,20201021,14820.9200,14820.9200,14501.3700,14517.9900,0.000
