06MAGNA,20201104,1.4000,1.4000,1.2700,1.3600,116079
11BIT,20201104,492.0000,492.0000,472.0000,484.0000,2411
4FUNMEDIA,20201104,4.6300,4.6300,4.4000,4.4000,2411
ABPL,20201104,27.0000,29.3000,26.5000,29.3000,6297
ACAUTOGAZ,20201104,37.7000,37.7000,37.0000,37.7000,183
ACTION,20201104,4.2800,4.5900,4.2000,4.4800,94781
ADIUVO,20201104,5.7000,5.7200,5.5000,5.7200,6158
AGORA,20201104,4.9600,5.2600,4.7700,4.8500,9416
AGROTON,20201104,3.7100,3.9300,3.7100,3.9300,2867
AIGAMES,20201104,17.6500,17.7000,16.2000,16.7000,29919
AILLERON,20201104,7.0400,7.1000,6.8200,7.1000,13215
AIRWAY,20201104,2.2300,2.3800,2.1200,2.3500,1111728
ALIOR,20201104,13.3000,14.2000,12.7100,13.3900,873485
ALLEGRO,20201104,83.0000,87.2000,82.5000,86.5900,2026196
ALTA,20201104,1.0400,1.1400,1.0400,1.1400,23989
ALTUSTFI,20201104,0.7940,0.7940,0.7500,0.7820,12502
ALUMETAL,20201104,36.1000,37.9000,36.1000,36.8000,2210
AMBRA,20201104,17.0000,17.3500,16.8500,17.3000,1434
AMICA,20201104,147.0000,151.0000,146.6000,150.6000,5347
AMREST,20201104,15.8000,15.8000,14.6000,14.8000,157934
APATOR,20201104,20.1000,20.3000,20.1000,20.3000,1857
APLISENS,20201104,10.8000,10.8000,10.8000,10.8000,2
APSENERGY,20201104,1.7400,1.7400,1.6700,1.6700,789
ARCHICOM,20201104,18.4500,19.0000,18.4500,19.0000,984
ARCTIC,20201104,3.8400,3.8400,3.7000,3.7900,47776
ARTIFEX,20201104,9.2000,9.2000,8.8800,8.9600,5942
ASBIS,20201104,6.6500,7.2100,6.6200,7.2100,370870
ASSECOBS,20201104,32.8000,32.8000,32.8000,32.8000,520
ASSECOPOL,20201104,65.4000,65.8000,64.5000,65.0000,50648
ASSECOSEE,20201104,41.9000,41.9000,40.5000,41.0000,1397
ASTARTA,20201104,20.1000,20.7000,19.5500,20.3000,10676
ATAL,20201104,29.9000,30.3000,28.9000,29.9000,689
ATENDE,20201104,2.8000,2.8400,2.7800,2.8000,31440
ATLANTIS,20201104,0.6700,0.6700,0.6700,0.6700,100
ATMGRUPA,20201104,3.5600,3.6000,3.4600,3.5900,2699
ATREM,20201104,2.0800,2.0800,2.0000,2.0600,622
AUTOPARTN,20201104,7.0000,7.0000,6.8000,6.8200,8380
BAHOLDING,20201104,0.6360,0.6450,0.5800,0.6110,2620817
BBIDEV,20201104,3.3700,3.4000,3.3000,3.4000,6043
BEDZIN,20201104,8.6000,8.7500,8.1500,8.7500,8929
BENEFIT,20201104,577.0000,578.0000,555.0000,573.0000,305
BETACOM,20201104,10.9500,10.9500,10.1500,10.1500,179
BETAM40TR,20201104,47.2950,47.3600,46.6300,47.3100,6983
BETAW20LV,20201104,26.9500,27.7900,25.9900,27.7900,16608
BETAW20ST,20201104,456.0000,461.8000,447.4000,447.6000,5514
BETAW20TR,20201104,27.7600,27.9800,27.1250,27.8850,23414
BIK,20201104,12.9500,12.9500,12.9500,12.9500,25
BIOMEDLUB,20201104,17.3000,18.1500,16.6000,17.5500,1063017
BIOTON,20201104,4.4400,4.4400,4.2800,4.3100,45817
BNPPBSK1022,20201104,982.0000,982.0000,982.0000,982.0000,50
BNPPENDL0622,20201104,996.5000,998.0000,996.5000,998.0000,100
BNPPENDL0722,20201104,999.0000,999.0000,999.0000,999.0000,50
BNPPPL,20201104,36.5000,36.5000,35.1000,36.4000,3180
BNPPSLVR0323,20201104,993.5000,993.5000,993.5000,993.5000,250
BOGDANKA,20201104,15.5000,16.4000,15.4000,16.3000,40243
BOOMBIT,20201104,20.0000,21.0000,20.0000,20.7500,7878
BORYSZEW,20201104,2.7800,2.8000,2.7200,2.7800,36470
BOS,20201104,4.8500,4.9500,4.7800,4.8400,6102
BOWIM,20201104,1.9300,1.9400,1.9300,1.9400,1584
BRASTER,20201104,0.5280,0.5280,0.5000,0.5150,47901
BUDIMEX,20201104,240.0000,248.0000,240.0000,248.0000,4383
BUMECH,20201104,1.9600,1.9950,1.7650,1.9200,25544
CCC,20201104,42.0100,42.6600,38.7800,41.7800,697717
CDPROJEKT,20201104,365.0000,386.9000,359.8000,381.2000,754994
CDRL,20201104,12.8000,13.0000,12.7000,12.9000,959
CEZ,20201104,77.5000,77.5000,76.0000,77.3000,1440
CFI,20201104,0.1700,0.1755,0.1665,0.1720,41823
CIECH,20201104,27.2500,27.5000,27.0000,27.4500,117499
CIGAMES,20201104,1.2080,1.2080,1.1300,1.1800,711662
CLNPHARMA,20201104,35.0000,35.1500,33.5500,33.9000,22667
COALENERG,20201104,0.6100,0.6100,0.5400,0.5950,21563
COGNOR,20201104,1.1650,1.1650,1.1350,1.1450,15344
COMARCH,20201104,199.0000,199.0000,195.0000,198.0000,797
COMP,20201104,52.2000,53.4000,49.0000,50.0000,5119
CORMAY,20201104,1.5500,1.5800,1.4700,1.5700,500643
CPGROUP,20201104,6.0400,6.2000,5.8600,6.2000,12421
CYFRPLSAT,20201104,25.2800,26.2400,25.2800,26.0000,324878
CZTOREBKA,20201104,0.5350,0.5350,0.5000,0.5000,7175
DATAWALK,20201104,186.0000,187.5000,172.5000,185.5000,4198
DEBICA,20201104,72.4000,72.4000,70.4000,71.6000,817
DECORA,20201104,30.1000,30.2000,28.6000,29.3000,981
DEKPOL,20201104,20.8000,21.8000,20.8000,21.8000,1119
DELKO,20201104,15.3000,15.3000,14.3000,14.9000,7119
DEVELIA,20201104,1.7480,1.7800,1.6740,1.7620,123880
DGA,20201104,4.7200,4.7200,4.6300,4.6300,38
DIGITREE,20201104,5.9500,5.9500,5.9000,5.9000,408
DINOPL,20201104,221.0000,230.8000,221.0000,229.8000,87399
DOMDEV,20201104,97.2000,98.0000,96.0000,97.0000,3234
DROZAPOL,20201104,1.5700,1.5700,1.5700,1.5700,200
ECHO,20201104,3.8900,3.8900,3.7500,3.7900,188086
EDINVEST,20201104,3.1000,3.2000,3.1000,3.2000,1371
EFEKT,20201104,4.3600,4.5000,4.3600,4.5000,110
EKOEXPORT,20201104,3.3000,3.3000,3.1500,3.2200,42136
ELBUDOWA,20201104,0.6200,0.6200,0.6100,0.6100,3020
ELEKTROTI,20201104,5.1600,5.2800,5.1600,5.2400,2590
ELEMENTAL,20201104,2.3950,2.3950,2.3850,2.3950,22069
ELKOP,20201104,0.2310,0.2490,0.2310,0.2480,58915
ELZAB,20201104,3.8200,3.9800,3.7000,3.9000,6168
EMCINSMED,20201104,15.6000,15.6000,14.1000,14.6000,1452
ENAP,20201104,1.4100,1.4100,1.4100,1.4100,2
ENEA,20201104,4.9700,5.0000,4.8300,5.0000,562974
ENELMED,20201104,16.1000,16.1000,16.1000,16.1000,70
ENERGA,20201104,8.3050,8.3150,8.3050,8.3100,369702
ENERGOINS,20201104,0.6660,0.6660,0.6660,0.6660,100
ENTER,20201104,21.2000,21.5000,19.5000,20.9000,10113
ERBUD,20201104,18.5000,18.5000,18.4000,18.4000,452
ERG,20201104,40.0000,40.0000,37.0000,40.0000,198
ESOTIQ,20201104,9.4400,9.4400,8.7600,8.9600,3484
ETFDAX,20201104,511.7000,525.3000,509.0000,525.2000,141
ETFSP500,20201104,136.0000,137.6800,133.0000,137.5200,3289
ETFW20L,20201104,205.0000,207.5000,198.0200,202.0000,2308
EUCO,20201104,4.0400,4.0800,4.0200,4.0400,2504
EUROCASH,20201104,12.1000,12.8500,11.9200,12.8500,427576
EUROTEL,20201104,21.5000,21.5000,20.8000,21.2000,885
FAMUR,20201104,1.5580,1.5600,1.4920,1.5600,243692
FASING,20201104,9.4200,9.4200,9.3400,9.3400,425
FEERUM,20201104,11.6000,11.6000,11.2000,11.2000,50
FERRO,20201104,17.7000,17.7000,17.1000,17.5000,3155
FERRUM,20201104,3.5400,3.5600,3.5400,3.5600,299
FON,20201104,0.0990,0.1000,0.0940,0.0955,79052
FORTE,20201104,34.5000,34.6500,34.2500,34.3500,1561
GAMEOPS,20201104,22.0000,22.9000,21.7700,22.0000,1369
GAMFACTOR,20201104,13.9880,14.8200,13.9860,14.4000,4333
GAMFACTOR-PDA,20201104,14.0000,14.3300,13.7640,14.2000,2840
GETIN,20201104,0.7350,0.7350,0.6900,0.7100,169636
GETINOBLE,20201104,0.1678,0.1678,0.1566,0.1600,993473
GLCOSMED,20201104,6.5000,6.7500,5.6000,5.8000,224151
GPW,20201104,43.8000,45.2000,43.6500,44.8000,67800
GROCLIN,20201104,0.9160,0.9160,0.8700,0.8900,10522
GRODNO,20201104,10.3000,10.3000,9.3200,10.1000,147097
GRUPAAZOTY,20201104,21.8000,22.5000,21.2000,22.3000,77941
GTC,20201104,5.6400,5.6400,5.4600,5.4800,46400
HANDLOWY,20201104,29.6000,29.6000,28.7000,29.6000,10011
HARPER,20201104,17.0000,17.4000,15.5500,16.3000,53968
HELIO,20201104,10.9000,10.9000,10.0000,10.0000,795
HERKULES,20201104,1.1500,1.2100,1.1500,1.1500,21815
HUBSTYLE,20201104,1.0900,1.0900,0.9850,1.0400,17751
HYDROTOR,20201104,27.8000,27.8000,27.0000,27.4000,168
I2DEV,20201104,9.9000,9.9000,9.9000,9.9000,2
IALBGR,20201104,0.2720,0.2720,0.2360,0.2360,301
IDEABANK,20201104,1.4200,1.4220,1.3700,1.4100,22845
IDMSA,20201104,0.8150,0.8150,0.8150,0.8150,328
IFIRMA,20201104,4.0600,4.1100,4.0600,4.1100,2340
IIAAV,20201104,53.5000,54.3000,53.5000,54.3000,68
IMCOMPANY,20201104,12.0500,12.2500,12.0500,12.2500,1560
IMMOBILE,20201104,2.4400,2.4400,2.2800,2.3200,531
IMPEL,20201104,12.2000,12.2000,12.2000,12.2000,55
IMPERA,20201104,1.0400,1.0400,1.0400,1.0400,2
IMS,20201104,2.0500,2.0700,1.9000,2.0000,21256
INC,20201104,7.2600,7.7600,6.9200,7.4600,84371
INGBSK,20201104,115.2000,116.4000,110.6000,115.6000,13913
INPRO,20201104,4.6000,4.6000,4.3200,4.3200,1100
INSTALKRK,20201104,19.5000,19.5000,18.6500,19.2000,1615
INTERAOLT,20201104,14.9000,14.9000,14.4500,14.9000,5717
INTERCARS,20201104,216.0000,216.0000,206.0000,206.0000,5750
INTERSPPL,20201104,0.8800,0.8800,0.8800,0.8800,1330
INTLALE35055,20201104,26.8500,26.8500,26.4500,26.4500,797
INTLALE35063,20201104,30.4500,30.4500,30.4500,30.4500,2
INTLALE35089,20201104,38.0000,38.0000,38.0000,38.0000,100
INTLALE35097,20201104,38.3500,41.1000,37.7000,41.1000,446
INTLALE35170,20201104,17.4000,21.0500,17.4000,20.8000,1383
INTLBCO31633,20201104,25.8000,30.4500,25.6000,30.2500,3266
INTLBCO31666,20201104,39.2000,39.2000,39.2000,39.2000,80
INTLBCO31682,20201104,43.3500,46.3000,43.3500,46.3000,352
INTLBCO31724,20201104,65.8000,65.8000,65.8000,65.8000,20
INTLCCC28977,20201104,2.0900,2.0900,1.9300,1.9300,12000
INTLCCC30734,20201104,1.8800,1.8800,1.8800,1.8800,85
INTLCCC30999,20201104,1.0900,1.0900,1.0900,1.0900,720
INTLCCC31005,20201104,1.4600,1.4600,1.4200,1.4200,11000
INTLCDR23200,20201104,20.0000,20.0000,20.0000,20.0000,17
INTLCDR30478,20201104,12.4800,13.4600,11.8600,13.2000,5451
INTLCDR30486,20201104,13.2800,14.6600,13.2800,14.5200,4156
INTLCDR30718,20201104,10.6200,11.0000,10.6200,11.0000,271
INTLCDR30726,20201104,10.4000,12.4400,10.3400,11.9400,15388
INTLDAX13169,20201104,195.0000,195.0000,195.0000,195.0000,7
INTLDAX29934,20201104,118.6000,118.6000,118.6000,118.6000,980
INTLDAX31542,20201104,63.5000,80.6000,63.5000,78.2000,150
INTLDAX31559,20201104,85.6000,85.6000,85.6000,85.6000,20
INTLDAX31872,20201104,43.4000,62.1000,43.4000,62.1000,810
INTLDAX31880,20201104,53.8000,72.1000,53.8000,72.1000,930
INTLDAX32193,20201104,34.1000,52.7000,32.0000,52.7000,14555
INTLDNP34710,20201104,5.2700,5.2700,5.1500,5.2300,3000
INTLDOW33126,20201104,112.6000,115.0000,112.6000,115.0000,8
INTLDOW34348,20201104,84.1000,92.2000,84.1000,92.2000,236
INTLESX28852,20201104,35.5000,39.7000,35.5000,39.7000,150
INTLESX32524,20201104,16.4400,16.4400,16.4400,16.4400,61
INTLEUD33860,20201104,13.0000,14.4000,13.0000,14.2400,398
INTLEUR27599,20201104,24.4500,24.4500,24.4500,24.4500,50
INTLEUR28324,20201104,23.7500,23.7500,21.6500,21.8000,870
INTLEUR34603,20201104,19.5600,19.7200,16.7400,16.7400,1128
INTLEUR35196,20201104,16.1600,16.1600,12.0000,14.1000,1096
INTLGLD30130,20201104,159.0000,164.0000,159.0000,164.0000,20
INTLGLD31310,20201104,111.4000,111.4000,111.4000,111.4000,5
INTLGLD33100,20201104,75.9000,82.2000,75.0000,82.2000,75
INTLGLD33456,20201104,32.8000,39.5500,32.5000,39.5500,3445
INTLGLD33464,20201104,47.8500,53.3000,46.8000,53.3000,321
INTLGLD33472,20201104,61.8000,61.8000,60.2000,60.2000,30
INTLJSW30569,20201104,9.7000,9.7100,9.2300,9.7100,450
INTLJSW32136,20201104,6.1900,6.1900,5.2600,5.9300,2951
INTLJSW32144,20201104,7.8100,8.1900,7.8100,8.1900,3200
INTLJSW32151,20201104,7.7100,7.7100,7.7100,7.7100,400
INTLKGH33936,20201104,28.9500,28.9500,28.9500,28.9500,5
INTLKGH34793,20201104,22.5000,24.2000,22.5000,24.2000,132
INTLLTS34702,20201104,6.9000,8.6700,6.5000,8.1200,8934
INTLNAG31732,20201104,2.9000,2.9000,2.9000,2.9000,400
INTLNAG33076,20201104,2.4800,2.4800,2.4800,2.4800,245
INTLNDX31047,20201104,139.2000,146.8000,139.2000,146.8000,30
INTLNDX32979,20201104,79.6000,86.8000,79.6000,86.8000,103
INTLNDX32987,20201104,91.9000,98.0000,91.9000,98.0000,614
INTLNDX33167,20201104,65.0000,73.9000,65.0000,73.9000,142
INTLNDX33621,20201104,56.0000,60.0000,56.0000,60.0000,1105
INTLNDX34777,20201104,42.6000,52.2000,42.6000,52.2000,113
INTLNOK02501,20201104,5.5200,5.5200,5.5200,5.5200,1000
INTLPEO29439,20201104,11.8600,11.9200,11.8600,11.9200,1514
INTLPGE32037,20201104,1.2800,1.3200,1.1300,1.3200,7931
INTLPKN04101,20201104,11.3600,11.6400,9.7500,10.2400,5631
INTLPKN04119,20201104,13.7400,13.7400,12.4000,12.4000,305
INTLPKN05496,20201104,9.2000,9.2500,7.1600,8.0000,11331
INTLPKO29405,20201104,4.9700,5.2500,4.9700,5.2500,3796
INTLPKO29413,20201104,7.2700,7.2700,6.8800,6.8800,1791
INTLPKO30395,20201104,3.8900,3.9500,3.3100,3.8400,8805
INTLPKO30403,20201104,4.5300,4.5400,4.1700,4.1700,5787
INTLPLA31757,20201104,4.9100,4.9100,4.9100,4.9100,350
INTLPLA33084,20201104,4.0100,4.0100,4.0100,4.0100,777
INTLPZU15610,20201104,3.9500,4.2700,3.2000,3.6700,7573
INTLPZU15800,20201104,4.8700,4.8800,4.4300,4.4300,6671
INTLSLV29314,20201104,58.0000,58.0000,58.0000,58.0000,34
INTLSLV33043,20201104,26.1500,28.0000,26.1500,28.0000,830
INTLSLV33340,20201104,11.3800,13.6400,11.3800,13.6400,400
INTLSLV33357,20201104,15.1000,16.5800,15.0000,16.5800,1200
INTLSLV33365,20201104,17.9000,17.9000,17.9000,17.9000,40
INTLSLV34967,20201104,8.5400,10.6600,8.5400,10.6600,760
INTLSPX32862,20201104,23.0500,25.7500,23.0500,25.7500,74
INTLSPX33894,20201104,20.4500,21.5500,19.9000,21.5500,294
INTLSPX34785,20201104,14.1400,15.9000,14.1400,15.9000,666
INTLSPX34900,20201104,8.4600,12.4600,8.0700,12.4600,2030
INTLTNF34090,20201104,47.7500,47.7500,47.7500,47.7500,5
INTLUSD20602,20201104,38.3500,38.3500,33.2500,36.2000,735
INTLUSD20610,20201104,38.0000,38.0000,38.0000,38.0000,77
INTLUSD20826,20201104,43.5500,43.7500,43.5500,43.7500,42
INTLUSD20842,20201104,55.1000,55.6000,49.3500,51.2000,843
INTLUSD21170,20201104,33.9000,33.9000,28.2000,30.2000,1607
INTLUSD34256,20201104,28.0000,28.5500,22.4000,25.0000,3133
INTLUSD34637,20201104,22.6000,22.7000,16.9600,18.8400,4723
INTLUSD35204,20201104,17.6400,17.6400,11.4600,13.5200,4066
INTLW2028688,20201104,3.1800,3.1800,3.1800,3.1800,100
INTLW2028696,20201104,3.3100,3.3100,3.3100,3.3100,300
INTLW2028829,20201104,5.4600,5.4600,5.4600,5.4600,450
INTLW2029892,20201104,2.3600,2.4100,1.9200,2.3700,50736
INTLW2030585,20201104,1.8000,2.0000,1.5200,1.9700,146069
INTLW2030593,20201104,1.9500,2.1500,1.9100,2.1500,4634
INTROL,20201104,3.2800,3.2800,3.0000,3.1000,15971
INTSALE35212,20201104,57.8000,58.5000,54.3000,54.5000,920
INTSBCO28027,20201104,45.9000,45.9000,45.5000,45.5000,62
INTSBCO28043,20201104,60.7000,60.7000,60.7000,60.7000,9
INTSBCO28050,20201104,68.1000,68.1000,68.1000,68.1000,200
INTSBCO34447,20201104,30.1000,30.5000,25.1500,25.1500,7071
INTSBCO34454,20201104,34.2500,34.2500,32.4000,32.4000,52
INTSCCC27698,20201104,6.6900,6.6900,6.6900,6.6900,50
INTSCCC34207,20201104,4.4200,4.8400,4.4200,4.6500,21064
INTSCDR34124,20201104,19.1400,19.1400,17.5800,17.7800,920
INTSCDR34199,20201104,21.7000,21.7000,21.7000,21.7000,100
INTSCDR34249,20201104,14.8200,15.2000,13.8400,14.1200,10816
INTSCDR34801,20201104,11.2600,11.5400,10.3600,10.3600,5441
INTSDAX25783,20201104,79.2000,79.2000,69.7000,70.1000,376
INTSDAX25825,20201104,100.0000,100.0000,83.0000,83.0000,183
INTSDAX26591,20201104,101.4000,101.4000,101.4000,101.4000,20
INTSDAX26609,20201104,128.6000,128.6000,109.4000,109.4000,99
INTSDAX34330,20201104,78.8000,78.8000,57.6000,57.6000,2719
INTSDAX35022,20201104,66.6000,66.6000,46.0000,46.2500,2215
INTSDAX35113,20201104,41.1500,43.3000,21.5500,21.7500,63320
INTSDAX35121,20201104,50.4000,50.4000,34.3500,34.3500,2195
INTSDNP34074,20201104,6.1300,6.1300,6.1300,6.1300,163
INTSDNP34082,20201104,7.9100,7.9100,7.5300,7.5300,240
INTSDOW24067,20201104,115.2000,115.2000,85.0000,85.0000,2765
INTSDOW33274,20201104,130.0000,130.0000,120.0000,120.0000,20
INTSDOW34355,20201104,348.0000,348.0000,348.0000,348.0000,1
INTSESX28878,20201104,20.7000,21.5000,19.7000,19.7000,583
INTSESX35139,20201104,14.1800,14.1800,11.3000,11.3000,216
INTSEUC21154,20201104,41.0500,41.0500,41.0500,41.0500,25
INTSEUD02683,20201104,33.7000,33.7000,33.7000,33.7000,135
INTSEUD21246,20201104,23.7500,23.7500,22.2500,22.2500,289
INTSEUR29165,20201104,25.1000,27.5000,25.1000,27.5000,640
INTSEUR29173,20201104,31.0000,31.0000,31.0000,31.0000,53
INTSEUR29181,20201104,36.7000,36.7000,36.3500,36.3500,200
INTSEUR34611,20201104,46.6000,46.6000,45.0000,45.0500,112
INTSGBU31831,20201104,29.1000,29.4500,27.0500,29.4500,15
INTSGLD34504,20201104,71.0000,71.0000,63.2000,65.5000,136
INTSHSC27102,20201104,40.9000,40.9000,40.9000,40.9000,20
INTSKGH35154,20201104,31.3500,34.1000,31.2000,32.5000,2638
INTSLTS34058,20201104,33.5500,33.5500,32.4500,32.4500,36
INTSNAG24851,20201104,7.0000,7.0000,7.0000,7.0000,150
INTSNAG27797,20201104,3.9800,3.9800,3.9800,3.9800,220
INTSNDX33225,20201104,59.6000,59.6000,43.0000,45.0500,842
INTSNDX33233,20201104,65.4000,69.2000,57.9000,57.9000,503
INTSNDX33241,20201104,81.5000,81.5000,75.0000,75.2000,187
INTSNDX33258,20201104,93.7000,93.7000,92.0000,92.0000,55
INTSNDX33639,20201104,136.8000,136.8000,126.6000,126.6000,287
INTSNDX33647,20201104,143.0000,143.0000,143.0000,143.0000,50
INTSNDX35147,20201104,46.6500,46.6500,30.7000,32.1500,3137
INTSNKX27086,20201104,75.8000,75.8000,71.4000,71.4000,123
INTSNKX27094,20201104,144.2000,144.2000,132.4000,132.4000,60
INTSPEO32326,20201104,28.2500,28.2500,28.2500,28.2500,16
INTSPGE34157,20201104,3.2900,3.6100,3.2100,3.6100,3907
INTSPKN27300,20201104,56.2000,56.2000,56.2000,56.2000,60
INTSPKN34173,20201104,26.4000,27.9000,26.4000,27.9000,145
INTSPKO32300,20201104,10.1800,10.7000,9.9800,10.4800,1272
INTSPLA34587,20201104,6.0500,6.0500,6.0500,6.0500,2202
INTSPZU34165,20201104,15.9200,15.9200,15.9200,15.9200,26
INTSSLV34553,20201104,17.5000,17.5000,15.1000,15.1000,40
INTSSLV35030,20201104,13.0000,13.0000,10.5600,10.5600,340
INTSSPX34140,20201104,24.4000,24.4000,19.5400,19.9400,1244
INTSSPX34215,20201104,35.4500,35.4500,35.4500,35.4500,15
INTSSPX34413,20201104,18.0800,18.0800,13.5200,13.9000,9008
INTSSPX34421,20201104,43.4000,43.4000,43.1000,43.1000,27
INTSSPX34439,20201104,48.6500,48.6500,45.7500,45.7500,150
INTSTNF34108,20201104,30.7500,30.7500,26.1500,26.1500,150
INTSUSD32243,20201104,32.9500,35.5500,32.9500,35.5500,113
INTSUSD32698,20201104,18.1800,21.0000,18.1800,21.0000,2026
INTSUSJ32714,20201104,27.9500,27.9500,27.9500,27.9500,750
INTSW2005892,20201104,8.3700,8.3700,8.3600,8.3600,1080
INTSW2020727,20201104,8.1500,8.1500,8.1500,8.1500,300
INTSW2020859,20201104,7.1500,7.1500,7.1500,7.1500,150
INTSW2026005,20201104,6.3700,6.6600,6.3300,6.3300,705
INTSW2027391,20201104,5.1300,5.1300,5.0300,5.0300,395
INTSW2028464,20201104,3.3700,3.3700,3.1500,3.1500,10623
INTSW2028480,20201104,4.3500,4.4200,4.3500,4.4200,872
INTSW2034264,20201104,2.2000,2.3900,1.9500,1.9500,12316
INTSW2034272,20201104,2.3500,2.6600,2.1500,2.1600,16515
INTSW2034280,20201104,2.6700,2.9000,2.4300,2.4700,11406
INTSW2034298,20201104,3.1000,3.1000,2.6300,2.6300,18576
INTSW2034306,20201104,2.9900,3.1000,2.8600,2.8600,3400
INTSW2034991,20201104,1.4800,1.6700,1.2500,1.2500,53586
INTSW2035006,20201104,1.7000,2.0100,1.5300,1.5300,49149
INTSW2035014,20201104,1.9700,2.1700,1.8100,1.8100,27424
INTSW2035105,20201104,1.3100,1.5500,1.0000,1.1400,503043
INVGLDFIZ,20201104,1821.0000,1821.0000,1821.0000,1821.0000,3
INVISTA,20201104,0.3300,0.3300,0.3300,0.3300,20
INVPEFIZ,20201104,870.0000,881.9000,870.0000,881.9000,3
IPOPEMA,20201104,3.4200,3.5600,3.4200,3.5400,3265
IZOBLOK,20201104,29.6000,29.6000,29.6000,29.6000,35
IZOLACJA,20201104,1.4150,1.4150,1.4150,1.4150,12
IZOSTAL,20201104,2.0700,2.0700,2.0600,2.0700,11572
JSW,20201104,19.5250,19.6000,17.1000,18.2000,2210184
JWCONSTR,20201104,3.0700,3.0700,3.0700,3.0700,5
K2INTERNT,20201104,16.9000,18.1000,16.9000,17.2000,4625
KCI,20201104,0.6200,0.6200,0.6020,0.6040,20020
KERNEL,20201104,39.0000,39.5500,38.8500,39.0000,10421
KETY,20201104,409.5000,413.0000,405.0000,410.0000,11990
KGHM,20201104,128.0000,128.5500,123.4000,128.4000,696116
KGL,20201104,15.6500,15.6500,15.1500,15.4000,745
KINOPOL,20201104,6.3500,6.3500,6.2000,6.3000,851
KOGENERA,20201104,32.8000,32.8000,32.8000,32.8000,11
KOMPAP,20201104,7.3500,7.6500,7.3500,7.6500,3
KOMPUTRON,20201104,1.9500,2.0400,1.8600,1.9550,47997
KREC,20201104,6.7000,7.1600,6.7000,7.1600,1278
KREDYTIN,20201104,11.5000,11.5000,11.5000,11.5000,7
KRKA,20201104,364.0000,371.0000,364.0000,371.0000,12
KRUK,20201104,127.0000,132.9000,124.1000,130.9000,24928
KRUSZWICA,20201104,52.6000,52.6000,51.0000,52.2000,1509
KRVITAMIN,20201104,21.9000,21.9000,20.1000,21.5000,14911
KSGAGRO,20201104,1.1100,1.1600,1.1000,1.1600,4981
LABOPRINT,20201104,9.9000,9.9000,9.9000,9.9000,11
LARQ,20201104,1.8500,1.8500,1.6800,1.7000,18741
LENA,20201104,3.3600,3.3900,3.3500,3.3500,1498
LENTEX,20201104,9.1600,9.1600,9.0000,9.0600,783
LIBET,20201104,2.0400,2.0400,1.9650,1.9700,30465
LIVECHAT,20201104,99.3000,99.7000,98.4000,99.0000,16625
LOKUM,20201104,11.9000,11.9000,11.6000,11.6000,492
LOTOS,20201104,28.5000,30.4800,27.9000,30.2200,1394523
LPP,20201104,5880.0000,5995.0000,5655.0000,5995.0000,3224
LSISOFT,20201104,11.4000,11.6000,11.2500,11.6000,1009
LUBAWA,20201104,1.4900,1.5400,1.4200,1.4700,855701
MABION,20201104,23.0000,23.0000,22.0500,22.8500,20913
MAKARONPL,20201104,5.5500,5.7500,5.5000,5.7000,9089
MANGATA,20201104,43.6000,47.6000,43.4000,45.8000,214
MARVIPOL,20201104,4.7600,4.7600,4.7500,4.7600,61430
MASTERPHA,20201104,3.8200,3.8200,3.8200,3.8200,15
MAXCOM,20201104,10.3500,10.3500,9.9000,10.2500,1620
MBANK,20201104,131.0000,134.9000,122.2000,125.5000,133976
MBWS,20201104,5.5000,5.5000,5.5000,5.5000,280
MCI,20201104,13.7000,14.5000,13.7000,14.0000,34493
MDIENERGIA,20201104,3.7200,3.8400,3.7000,3.7000,7167
MEDICALG,20201104,20.4500,22.4000,20.0000,22.4000,54930
MENNICA,20201104,19.8000,19.8000,18.6000,18.6000,5196
MERCATOR,20201104,514.0000,538.0000,504.0000,524.0000,67293
MERCOR,20201104,9.4000,9.5000,9.4000,9.5000,2397
MEXPOLSKA,20201104,1.1200,1.1200,1.0100,1.0800,2075
MFO,20201104,18.6000,18.6000,17.6000,17.6000,393
MILKILAND,20201104,0.6400,0.6400,0.6400,0.6400,1
MILLENNIUM,20201104,2.3500,2.4100,2.2500,2.3140,1404024
MIRACULUM,20201104,1.0700,1.0700,1.0200,1.0650,16785
MIRBUD,20201104,1.9200,1.9200,1.8500,1.8900,137147
MLPGROUP,20201104,80.5000,84.0000,80.5000,80.5000,10
MLSYSTEM,20201104,69.2000,69.2000,64.2000,66.0000,17673
MOBRUK,20201104,380.0000,380.0000,342.0000,350.0000,634
MOJ,20201104,1.3100,1.3100,1.2900,1.3000,185152
MOL,20201104,19.9000,20.5600,19.9000,20.3600,2259
MONNARI,20201104,1.4350,1.4500,1.3700,1.3700,52622
MOSTALPLC,20201104,8.0000,8.0000,7.8600,7.9800,1012
MOSTALWAR,20201104,3.9000,3.9300,3.8500,3.9300,721
MOSTALZAB,20201104,0.8400,0.8460,0.8000,0.8400,334524
MWTRADE,20201104,1.5700,1.5700,1.5500,1.5500,2664
NANOGROUP,20201104,9.1000,9.1000,8.2000,8.4000,167331
NETIA,20201104,4.5000,4.5500,4.4800,4.5500,4176
NEUCA,20201104,575.0000,580.0000,567.0000,577.0000,4282
NEWAG,20201104,23.8000,24.0000,22.8000,23.4000,2678
NEXITY,20201104,16.6000,17.0000,15.5000,16.5000,1850
NOVATURAS,20201104,7.7500,8.5000,7.7500,8.5000,52
NOVAVISGR,20201104,1.7000,1.7000,1.6900,1.6900,1277
NOVITA,20201104,126.0000,128.5000,126.0000,128.5000,61
NOWAGALA,20201104,0.8400,0.8400,0.8400,0.8400,11515
NTTSYSTEM,20201104,2.7100,2.7100,2.7100,2.7100,846
OAT,20201104,17.9000,18.4000,16.8000,17.9000,33263
ODLEWNIE,20201104,4.1500,4.2000,4.1000,4.1000,3713
OEX,20201104,15.0000,15.0000,14.6000,15.0000,873
OPERA3GR,20201104,235.1000,235.1000,235.1000,235.1000,19
OPONEO.PL,20201104,31.0000,32.5000,30.5000,32.2000,1912
OPTEAM,20201104,24.8000,25.6000,24.2000,25.6000,1710
ORANGEPL,20201104,6.1900,6.4100,6.1700,6.3900,702034
ORCOGROUP,20201104,1.2100,1.2200,1.2000,1.2200,3429
OTLOG,20201104,4.3000,4.3000,4.3000,4.3000,2
OTMUCHOW,20201104,1.2700,1.2700,1.2500,1.2500,17
PAMAPOL,20201104,1.3000,1.3500,1.2800,1.3100,34221
PANOVA,20201104,9.2400,9.9800,9.2400,9.9800,8
PATENTUS,20201104,0.9320,0.9320,0.9320,0.9320,11
PBKM,20201104,75.8000,75.8000,72.0000,72.0000,123
PCCEXOL,20201104,3.6700,3.7200,3.5200,3.5700,357675
PCCROKITA,20201104,43.7000,43.7000,42.8000,43.4000,2250
PEKABEX,20201104,13.8000,14.0000,13.3500,13.5000,4330
PEKAO,20201104,44.4000,45.6100,43.1800,44.4300,1004374
PEMANAGER,20201104,14.2000,14.4000,14.0500,14.0500,6801
PEP,20201104,49.7000,53.6000,48.5000,50.0000,77674
PEPEES,20201104,1.3500,1.3500,1.3500,1.3500,1002
PGE,20201104,5.0000,5.3100,4.8400,5.1580,3619344
PGNIG,20201104,4.4170,4.5160,4.3280,4.4100,2959356
PGO,20201104,0.9900,1.0000,0.9500,0.9500,4973
PGSSOFT,20201104,11.0000,11.0500,10.8500,10.9000,33658
PHARMENA,20201104,13.6000,14.9500,12.3000,14.9000,35187
PHN,20201104,9.1200,9.2000,8.8600,9.0000,6444
PKNORLEN,20201104,42.6000,42.7200,40.2200,41.0100,1661945
PKOASZEWZ,20201104,95.5000,95.5000,95.3700,95.3700,100
PKOBP,20201104,20.5500,21.0800,20.0200,20.4400,3800354
PKOGS,20201104,89.4000,89.4000,89.3000,89.3000,100
PKPCARGO,20201104,10.5000,10.5000,10.0200,10.3200,57842
PLASTBOX,20201104,1.7600,1.7600,1.7500,1.7600,65900
PLAY,20201104,38.7800,38.8400,38.7800,38.7800,2994630
PLAYWAY,20201104,540.0000,544.0000,530.0000,543.0000,2555
POLICE,20201104,11.4000,11.4000,11.2000,11.2000,1406
POLIMEXMS,20201104,1.8480,1.8520,1.7700,1.8000,129564
POLNORD,20201104,2.9200,2.9900,2.9050,2.9900,10000
POLWAX,20201104,2.6900,2.6900,2.5200,2.6600,30032
POLWAX-PDA,20201104,2.6400,2.6400,2.5400,2.6100,25500
POZBUD,20201104,1.9500,1.9750,1.8350,1.8350,5272
PRAGMAFA,20201104,17.9000,17.9000,16.7000,17.3000,4421
PRAGMAINK,20201104,7.4400,7.4400,6.3000,7.0800,733
PRAIRIE,20201104,0.5700,0.5700,0.5460,0.5640,83983
PRIMETECH,20201104,1.0150,1.0150,1.0150,1.0150,47
PROCHEM,20201104,18.2500,18.2500,18.2500,18.2500,10
PROJPRZEM,20201104,15.0000,15.0000,15.0000,15.0000,299
PROTEKTOR,20201104,4.2600,4.2600,4.0800,4.1800,13205
PROVIDENT,20201104,3.0900,3.0900,3.0400,3.0500,11788
PULAWY,20201104,77.8000,77.8000,75.4000,75.6000,244
PUNKPIRAT,20201104,0.6100,0.6100,0.5900,0.5900,8654
PZU,20201104,22.7500,23.0200,21.8400,22.3000,3327365
PZUAKORD,20201104,119.0000,119.0000,118.8800,118.8800,430
QUERCUS,20201104,2.9100,2.9100,2.9000,2.9000,6495
R22,20201104,30.7000,30.9000,30.4000,30.7000,3237
RADPOL,20201104,2.3000,2.3500,2.3000,2.3500,64444
RAFAKO,20201104,0.6490,0.6600,0.6300,0.6440,403552
RAFAMET,20201104,14.0000,14.0000,14.0000,14.0000,3
RAINBOW,20201104,12.5000,12.9000,12.0000,12.0500,18844
RANKPROGR,20201104,1.3150,1.3150,1.2150,1.2750,27294
RAWLPLUG,20201104,7.5200,7.5200,7.2000,7.2200,722
RCCOFFAOPEN1,20201104,2.6100,2.6100,2.6100,2.6100,500
RCCORAOPEN,20201104,6.4900,6.4900,6.4900,6.4900,10
RCDACAOPEN,20201104,27.7500,27.7500,27.7500,27.7500,37
RCESXPP0823,20201104,983.0000,984.5000,983.0000,984.5000,500
RCFL10GOLD,20201104,14.6600,15.6400,13.9800,15.6400,865
RCFL10GOLD1,20201104,6.9400,6.9400,6.9400,6.9400,1000
RCFL10OIL2,20201104,2.7300,2.8000,2.4800,2.6500,14000
RCFL10SILVE2,20201104,0.4000,0.4400,0.4000,0.4400,4600
RCFL2PKN1,20201104,3.7300,3.7300,3.6600,3.6700,10200
RCFL2PZU1,20201104,5.4200,5.4200,5.4200,5.4200,300
RCFL3ALR,20201104,0.1700,0.1900,0.1700,0.1800,103407
RCFL3ALR1,20201104,4.6900,4.6900,3.9400,4.3300,5751
RCFL3CCC1,20201104,4.4300,4.4300,3.6100,3.9900,5700
RCFL3CDPRO1,20201104,69.3000,75.3000,69.3000,73.6000,563
RCFL3CDPRO2,20201104,6.7900,6.7900,6.7900,6.7900,77
RCFL3COFF,20201104,0.3800,0.3800,0.3800,0.3800,5000
RCFL3COFF3,20201104,5.3500,5.4200,5.3500,5.4200,200
RCFL3CORN2,20201104,12.7200,12.7200,12.7200,12.7200,120
RCFL3EAD,20201104,0.5000,0.5500,0.5000,0.5500,6000
RCFL3ENA,20201104,2.2100,2.2100,2.2100,2.2100,2000
RCFL3EUH,20201104,0.5200,0.5200,0.5200,0.5200,5000
RCFL3GASO2,20201104,5.0800,5.0800,5.0800,5.0800,300
RCFL3GOLD,20201104,68.9000,70.8000,68.9000,70.8000,201
RCFL3JSW,20201104,0.2500,0.2900,0.2000,0.2400,834560
RCFL3JSW1,20201104,8.6400,8.6400,6.9800,8.1600,4169
RCFL3LPP,20201104,46.1000,46.1000,46.1000,46.1000,220
RCFL3LPP1,20201104,5.4300,5.4300,5.4300,5.4300,1
RCFL3LTS1,20201104,0.1200,0.1400,0.1100,0.1400,55703
RCFL3MBK,20201104,0.5800,0.6000,0.5400,0.5700,31642
RCFL3MWIG40,20201104,4.4100,4.4100,4.3900,4.3900,1078
RCFL3PALL3,20201104,1.0800,1.0800,1.0800,1.0800,1500
RCFL3PEO,20201104,0.5000,0.5100,0.4600,0.4900,50638
RCFL3PGE,20201104,0.0900,0.0900,0.0900,0.0900,10
RCFL3PGN1,20201104,1.0700,1.0700,1.0700,1.0700,1000
RCFL3PKN,20201104,4.8600,5.1600,4.8600,5.1200,2196
RCFL3PKO,20201104,2.0600,2.0600,1.9200,1.9200,1700
RCFL3PLAT1,20201104,3.8400,3.8400,3.8400,3.8400,100
RCFL3PLAT2,20201104,7.8900,8.3300,7.8900,8.3300,380
RCFL3PZU,20201104,6.0600,6.2000,5.7900,6.1600,918
RCFL3SILVE,20201104,5.8500,6.3700,5.8500,6.3700,1224
RCFL3TPE,20201104,2.9500,3.2100,2.9500,3.2100,9199
RCFL3W20,20201104,17.8000,17.8000,17.8000,17.8000,25
RCFL4CDPRO,20201104,28.0000,34.0000,27.7000,33.8000,6533
RCFL4CDPRO1,20201104,5.1900,5.7100,5.0000,5.7100,11179
RCFL4FW203,20201104,1.5300,1.6100,1.5100,1.6100,4900
RCFL4GAMES,20201104,70.7000,70.7000,70.7000,70.7000,6
RCFL4JMT,20201104,4.5700,4.5700,4.5700,4.5700,1000
RCFL4KGH,20201104,3.8600,3.9100,3.5600,3.9000,10219
RCFL4KGH1,20201104,56.0000,56.0000,56.0000,56.0000,80
RCFL4OIL4,20201104,7.3800,7.9600,7.2400,7.9600,750
RCFL4PGE,20201104,3.3000,3.3000,3.3000,3.3000,600
RCFL4PKN1,20201104,0.9300,0.9300,0.8600,0.8900,3408
RCFL4PKO1,20201104,4.3500,4.3500,3.7600,3.8500,2630
RCFL4PZU,20201104,0.2200,0.2400,0.2200,0.2400,23943
RCFL4PZU1,20201104,3.6600,3.6600,3.6600,3.6600,500
RCFL4SILVE1,20201104,6.4000,6.4000,6.4000,6.4000,300
RCFL4SILVE2,20201104,8.3500,9.2300,8.3500,9.0100,2030
RCFL4SILVE3,20201104,18.5200,18.5200,18.5200,18.5200,30
RCFL5ALE,20201104,27.9000,35.0000,27.6500,35.0000,1858
RCFL5FW20,20201104,0.3300,0.3500,0.3300,0.3500,4000
RCFL5SILVE,20201104,1.3700,1.3700,1.3700,1.3700,5000
RCFL5SUGA1,20201104,1.3600,1.3600,1.3600,1.3600,1000
RCFL5W20,20201104,7.4000,7.4000,7.4000,7.4000,100
RCFL6PLAT2,20201104,2.8200,2.9500,2.8200,2.9500,5800
RCFL6SILVE,20201104,1.5900,1.7400,1.5900,1.7400,12948
RCFL6SILVE2,20201104,10.6000,10.6000,10.6000,10.6000,468
RCFL6W201,20201104,0.2100,0.2100,0.2100,0.2100,10000
RCFS10OIL2,20201104,6.2500,6.2500,4.9000,5.8600,2884
RCFS10SILVE2,20201104,11.0200,11.0200,9.3500,10.6800,255
RCFS2KGH,20201104,4.0700,4.0700,4.0700,4.0700,788
RCFS2PKN,20201104,6.4000,6.4000,6.4000,6.4000,500
RCFS3ALR,20201104,41.4500,53.8000,41.4500,53.8000,205
RCFS3ALR1,20201104,6.5400,6.7900,6.5400,6.7900,246
RCFS3CDPRO,20201104,3.6700,3.6700,3.0900,3.0900,16231
RCFS3EAD,20201104,0.6100,0.6100,0.6100,0.6100,700
RCFS3FDX,20201104,6.2500,6.3100,5.7200,5.7200,86078
RCFS3KGH,20201104,0.1900,0.2000,0.1900,0.1900,722681
RCFS3LPP,20201104,0.6700,0.7200,0.6700,0.7200,600
RCFS3LPP1,20201104,11.0000,11.3800,10.4000,10.4000,938
RCFS3PALL4,20201104,1.4200,1.4200,1.3000,1.3000,21201
RCFS3PGE,20201104,1.9800,2.3500,1.9500,2.3000,3001
RCFS3SILVE3,20201104,12.7400,12.7400,12.7400,12.7400,1500
RCFS3TPE,20201104,1.4500,1.6000,1.3400,1.3400,6300
RCFS3W20,20201104,37.9000,38.7500,36.3000,36.3000,10376
RCFS4CDPRO1,20201104,2.0900,2.0900,1.6500,1.7000,12800
RCFS4ESX,20201104,0.5100,0.5100,0.5000,0.5000,10000
RCFS4KGH,20201104,0.0800,0.0900,0.0800,0.0900,8500
RCFS4LPP,20201104,9.2200,9.5200,8.9800,8.9800,2354
RCFS4OIL4,20201104,10.8200,10.8200,9.6700,9.6700,600
RCFS4PEO,20201104,25.6500,29.8000,25.6500,29.8000,96
RCFS4PGE,20201104,2.8200,3.0100,2.4300,2.6000,6506
RCFS4PKN,20201104,28.6500,32.9000,28.6500,32.9000,156
RCFS4PKO,20201104,12.3200,14.3000,12.3200,14.3000,6125
RCFS4PZU,20201104,23.1500,23.1500,22.2000,22.2000,200
RCFS5COPP,20201104,2.0300,2.0300,2.0300,2.0300,907
RCFS5FW20,20201104,5.7400,6.1400,5.6700,5.9400,10199
RCFS6FW201,20201104,5.2600,5.2600,5.2600,5.2600,425
RCFS6NAG2,20201104,4.6200,4.6300,4.6100,4.6300,1470
RCFS6OIL3,20201104,9.6200,9.6200,9.6200,9.6200,65
RCFS6W201,20201104,5.0500,5.4100,4.6300,4.6600,36191
RCGLDAOPEN,20201104,750.0000,750.0000,750.0000,750.0000,4
RCGSX7E0122,20201104,983.0000,983.0000,983.0000,983.0000,3
RCGSXLV1220,20201104,1028.0000,1028.0000,1028.0000,1028.0000,20
RCGTECBSK0221,20201104,1032.0000,1032.0000,1032.0000,1032.0000,37
RCLMSFINAOPEN,20201104,54.1000,54.1000,54.1000,54.1000,59
RCLNAGOPEN,20201104,1.7400,1.7400,1.7400,1.7400,1200
RCLOILAOPEN,20201104,13.6000,13.6000,13.6000,13.6000,1116
RCLOILAOPEN1,20201104,152.2000,152.2000,152.2000,152.2000,7
RCRBSPX0522,20201104,540.5000,540.5000,540.5000,540.5000,200
RCRBSPX1122,20201104,693.5000,693.5000,693.5000,693.5000,350
RCSDAXOPEN,20201104,93.7000,93.7000,93.7000,93.7000,1000
RCSILAOPEN,20201104,95.0000,96.0000,95.0000,96.0000,60
RCSOJAOPEN,20201104,56.5000,56.5000,56.5000,56.5000,1
RCSP5AOPEN,20201104,133.0000,133.0000,133.0000,133.0000,16
RCSUGAOPEN,20201104,2.5300,2.5300,2.5300,2.5300,20
RCTLPGE,20201104,1.6700,1.6700,1.6500,1.6500,5000
RCTSJSW2,20201104,1.9100,1.9100,1.9100,1.9100,400
RCTSPEO,20201104,1.7200,1.7200,1.7200,1.7200,600
RCTSPKN,20201104,1.8100,1.8100,1.8100,1.8100,1369
RCWHTAOPEN,20201104,5.5400,5.5400,5.5400,5.5400,10
REDAN,20201104,0.1740,0.1760,0.1700,0.1750,9816
REINO,20201104,1.4700,1.4700,1.4700,1.4700,2
RELPOL,20201104,4.8200,4.9000,4.8200,4.8300,3281
REMAK,20201104,10.6000,10.7500,10.2500,10.3000,1026
RONSON,20201104,1.3500,1.3500,1.2850,1.3400,4689
ROPCZYCE,20201104,20.7000,22.0000,20.7000,21.8000,3072
RYVU,20201104,50.4000,51.4000,50.0000,51.2000,1739
SANOK,20201104,12.0500,12.3500,11.9000,11.9000,1282
SANPL,20201104,141.0000,144.2000,135.7000,142.6000,78585
SANTANDER,20201104,8.4400,8.4400,8.0200,8.0200,41265
SANWIL,20201104,4.3200,4.5200,4.2000,4.2800,60666
SECOGROUP,20201104,14.0000,14.0000,14.0000,14.0000,570
SELENAFM,20201104,14.8500,14.8500,14.8500,14.8500,2
SELVITA,20201104,42.5000,43.5000,41.6000,43.5000,2688
SERINUS,20201104,0.3440,0.3500,0.3200,0.3500,127814
SESCOM,20201104,26.2000,26.2000,25.0000,25.0000,301
SFINKS,20201104,0.2500,0.2500,0.2370,0.2490,6603
SILVAIR-REGS,20201104,8.3900,8.3900,8.3900,8.3900,48
SIMPLE,20201104,11.1000,11.1000,10.8000,10.8000,2980
SKARBIEC,20201104,23.1000,23.3000,23.0000,23.0000,1098
SKOTAN,20201104,1.7600,1.7600,1.7100,1.7500,1770
SNIEZKA,20201104,85.0000,86.4000,85.0000,86.4000,16
SOLAR,20201104,2.9500,3.0900,2.6600,2.7200,7391
SONEL,20201104,9.3500,9.4000,9.0000,9.4000,1204
SOPHARMA,20201104,13.0000,13.0000,13.0000,13.0000,90
STALEXP,20201104,2.6700,2.7000,2.6000,2.6400,77999
STALPROD,20201104,173.0000,175.0000,171.0000,175.0000,548
STALPROFI,20201104,4.7500,4.7500,4.6000,4.6400,30918
STAPORKOW,20201104,2.2400,2.2400,2.2400,2.2400,1000
STARHEDGE,20201104,0.3900,0.4400,0.3900,0.3900,2101
SUNEX,20201104,4.1800,4.1800,3.7800,4.0000,34057
SUWARY,20201104,16.7000,16.7000,15.7000,15.7000,216
SWISSMED,20201104,3.4400,3.4400,3.3800,3.4200,1314
SYGNITY,20201104,7.3000,7.3000,6.9600,7.2200,5812
SYNEKTIK,20201104,24.9000,24.9000,23.9000,24.2000,6751
TALEX,20201104,11.6000,11.6000,11.6000,11.6000,110
TAURONPE,20201104,1.7500,1.8590,1.7390,1.8580,3676876
TBULL,20201104,20.4000,21.8000,20.1000,21.3000,6796
TERMOREX,20201104,0.9600,0.9600,0.9600,0.9600,72
TESGAS,20201104,3.6600,3.7000,3.5400,3.5400,3746
TIM,20201104,14.0000,14.3500,13.8500,13.9000,16014
TORPOL,20201104,10.1000,10.3500,9.9000,10.0000,15900
TOYA,20201104,7.3000,7.4400,7.0400,7.4000,31735
TRAKCJA,20201104,1.3880,1.4380,1.3680,1.3820,195946
TRANSPOL,20201104,2.8100,2.8800,2.7900,2.8800,8760
TRITON,20201104,2.1000,2.1000,2.1000,2.1000,9
TSGAMES,20201104,632.0000,644.0000,632.0000,640.0000,6660
ULMA,20201104,45.8000,49.0000,45.8000,48.8000,844
ULTGAMES,20201104,26.9000,27.6500,26.2000,27.3500,14049
UNIBEP,20201104,7.4000,7.5000,7.2000,7.5000,2761
UNICREDIT,20201104,30.8000,31.4950,30.8000,31.4950,108
UNIMA,20201104,2.8800,2.8800,2.8800,2.8800,78
UNIMOT,20201104,26.3500,26.8000,25.0000,25.6000,18280
URSUS,20201104,0.6600,0.6780,0.6060,0.6200,785653
VENTUREIN,20201104,1.5100,1.5100,1.5100,1.5100,25
VIGOSYS,20201104,520.0000,520.0000,510.0000,515.0000,57
VINDEXUS,20201104,4.3200,4.3700,4.3200,4.3700,2500
VISTAL,20201104,2.4000,2.4800,2.2100,2.4100,204835
VIVID,20201104,1.7760,1.7800,1.7400,1.7800,16534
VOTUM,20201104,11.3000,11.4000,11.1500,11.1500,1319
VOXEL,20201104,44.9000,45.9000,44.4000,45.9000,13758
VRG,20201104,2.0500,2.0500,1.9500,1.9900,214585
WASKO,20201104,1.1800,1.1950,1.1700,1.1950,8711
WAWEL,20201104,546.0000,548.0000,546.0000,546.0000,18
WIELTON,20201104,3.9200,4.0800,3.7300,3.9000,67671
WIKANA,20201104,2.1600,2.1600,2.1600,2.1600,46
WIRTUALNA,20201104,72.6000,73.8000,72.2000,73.2000,1918
WITTCHEN,20201104,7.0000,7.0000,6.3000,6.6800,3963
WOJAS,20201104,3.9000,4.0600,3.8200,4.0600,459
WORKSERV,20201104,0.7610,0.7610,0.7300,0.7370,106237
XTB,20201104,16.0000,16.8500,15.8500,16.4000,966442
XTPL,20201104,68.8000,69.8000,65.0000,67.8000,1309
ZAMET,20201104,0.8550,0.8650,0.8300,0.8600,83950
ZASTAL,20201104,28.8000,29.8000,26.8000,27.2000,10738
ZEPAK,20201104,10.0000,10.0000,9.7600,10.0000,17897
ZPUE,20201104,133.0000,133.0000,132.0000,132.0000,132
ZREMB,20201104,0.7700,0.7700,0.7600,0.7700,4014
ZUE,20201104,3.1400,3.1400,3.0200,3.1000,5565
ZYWIEC,20201104,470.0000,470.0000,470.0000,470.0000,41
INVESTORMS,20201104,3670.7700,3709.1900,3670.7700,3709.1900,242289.476
MWIG40,20201104,3373.0600,3378.9800,3335.5700,3375.3900,143575.311
MWIG40DVP,20201104,63.1100,63.1100,63.1100,63.1100,143575.311
MWIG40TR,20201104,4467.4300,4470.5300,4419.6400,4470.5300,143575.311
SWIG80,20201104,13542.4400,13573.2100,13409.2200,13517.5200,28464.248
SWIG80DVP,20201104,270.7600,270.7600,270.7600,270.7600,28464.248
SWIG80TR,20201104,17494.8600,17500.2600,17322.7600,17462.6600,28464.248
WIG,20201104,46772.9700,47294.2000,46170.9600,47294.2000,1326497.191
WIG-BANKI,20201104,3440.0600,3511.4200,3357.4600,3436.1200,167725.246
WIG-BUDOW,20201104,2874.8500,2918.7000,2868.9000,2918.7000,3321.218
WIG-CEE,20201104,1061.1300,1072.4800,1061.1300,1072.4800,1063.800
WIG-CHEMIA,20201104,6367.6400,6457.8500,6276.3900,6431.7500,5084.040
WIG-ENERG,20201104,1560.3900,1626.6600,1544.4200,1611.4200,36121.626
WIG-ESG,20201104,7520.9500,7605.7400,7411.8600,7587.3400,1102109.850
WIG-GORNIC,20201104,3954.4400,3957.2600,3804.2700,3956.0000,129087.108
WIG-INFO,20201104,3673.9500,3673.9500,3624.1500,3646.6800,6924.419
WIG-LEKI,20201104,5595.8600,5595.8600,5420.0600,5560.9300,21142.322
WIG-MEDIA,20201104,4746.6000,4840.4100,4746.3600,4767.7300,299.694
WIG-MOTO,20201104,3512.3400,3512.3400,3386.9600,3390.3900,2901.725
WIG-NRCHOM,20201104,2060.4500,2063.5500,2035.8500,2044.6900,2079.016
WIG-ODZIEZ,20201104,3437.3700,3477.5400,3288.8300,3477.5400,51460.852
WIG-PALIWA,20201104,3710.1700,3745.5400,3580.8200,3665.0500,123199.984
WIG-POLAND,20201104,47256.3300,48315.0000,47256.3300,48315.0000,1322534.160
WIG-SPOZYW,20201104,2953.4100,2980.4500,2949.2800,2961.4600,1192.315
WIG-TELKOM,20201104,867.3000,887.6100,867.1600,883.8200,129014.239
WIG-UKRAIN,20201104,349.9700,350.4700,348.6100,350.4700,668.006
WIG.GAMES,20201104,32758.9800,33326.0100,32607.2900,33315.4700,290993.904
WIG.MS-BAS,20201104,8082.5000,8317.9000,7909.0600,8279.6600,155897.327
WIG.MS-FIN,20201104,5302.8000,5423.6800,5157.5500,5282.7300,218936.315
WIG.MS-PET,20201104,5017.2100,5086.3900,4864.0200,4991.6800,127528.061
WIG20,20201104,1622.2900,1641.7800,1590.7200,1640.9400,1144208.694
WIG20DVP,20201104,10.3700,10.3700,10.3700,10.3700,1144208.694
WIG20LEV,20201104,288.8300,295.8300,277.4900,295.5300,1144208.694
WIG20SHORT,20201104,4427.1000,4511.8000,4374.8200,4377.0700,1144208.694
WIG20TR,20201104,2956.0400,3005.4700,2914.9800,3005.4700,1144208.694
WIG30,20201104,1852.7500,1873.1800,1817.7700,1871.6800,1184948.965
WIG30TR,20201104,3294.4300,3382.9100,3294.4300,3382.9100,1184948.965
WIGDIV,20201104,930.0200,934.2500,923.6800,931.0300,100985.663
WIGTECH,20201104,14166.3200,14304.7200,14133.4500,14291.5100,0.000
