06MAGNA,20201203,1.4800,1.5400,1.4600,1.5000,70106
11BIT,20201203,468.0000,473.0000,461.0000,462.0000,4746
4FUNMEDIA,20201203,4.8700,4.8700,4.6500,4.8300,15
ABPL,20201203,31.2000,33.8000,31.2000,33.5000,5513
ACAUTOGAZ,20201203,36.7000,36.9000,36.7000,36.9000,1775
ACTION,20201203,5.4200,5.6000,5.2800,5.3000,80842
ADIUVO,20201203,5.4800,5.4800,5.0200,5.3600,3758
AGORA,20201203,6.9000,7.0600,6.9000,6.9400,3816
AGROTON,20201203,4.8000,4.8200,4.4700,4.4700,8689
AIGAMES,20201203,15.9000,16.0000,14.6000,15.0500,43131
AILLERON,20201203,8.2000,8.2000,7.8000,8.0600,22473
AIRWAY,20201203,1.8550,1.9800,1.7650,1.8600,445225
ALIOR,20201203,17.2000,17.3000,16.9000,16.9950,241505
ALLEGRO,20201203,75.6000,76.4000,74.8000,74.8000,1437814
ALTA,20201203,1.2300,1.2400,1.2300,1.2400,66022
ALTUSTFI,20201203,0.8020,0.8300,0.8020,0.8200,10122
ALUMETAL,20201203,43.8000,44.0000,43.0000,43.1000,1237
AMBRA,20201203,19.0000,19.0000,18.8000,18.9000,11274
AMICA,20201203,147.0000,147.0000,144.4000,145.0000,36230
AMREST,20201203,25.6500,26.1000,25.0000,26.0000,109458
APATOR,20201203,22.3000,22.4000,22.2000,22.4000,2061
APLISENS,20201203,11.1000,11.1000,11.1000,11.1000,2
APSENERGY,20201203,1.7000,1.7000,1.6400,1.6750,9750
ARCHICOM,20201203,20.0000,20.2000,19.8000,20.1000,943
ARCTIC,20201203,5.2000,5.2000,5.0400,5.1600,23632
ARTERIA,20201203,4.0600,4.0600,4.0600,4.0600,10
ARTIFEX,20201203,8.4000,8.4800,8.2800,8.4600,13769
ASBIS,20201203,7.0200,7.0900,6.8500,7.0000,141110
ASSECOBS,20201203,35.0000,35.0000,34.6000,34.6000,183
ASSECOPOL,20201203,67.6000,67.7000,66.7000,66.7000,52453
ASSECOSEE,20201203,39.8000,40.4000,39.6000,40.4000,1622
ASTARTA,20201203,23.5000,24.0000,22.7000,23.4000,14049
ATAL,20201203,32.0000,32.0000,31.0000,31.0000,2918
ATENDE,20201203,3.2400,3.4800,3.2000,3.4200,23849
ATLANTAPL,20201203,6.1200,6.1200,6.1200,6.1200,15
ATLANTIS,20201203,0.7500,0.7500,0.7500,0.7500,735
ATLASEST,20201203,1.3500,1.3500,1.3500,1.3500,1000
ATMGRUPA,20201203,3.9600,3.9600,3.9600,3.9600,2
ATREM,20201203,2.1900,2.1900,2.0800,2.0900,56609
AUTOPARTN,20201203,7.7000,7.7000,7.4400,7.4800,41855
BAHOLDING,20201203,0.7310,0.7560,0.6800,0.7340,343011
BBIDEV,20201203,3.6700,3.8500,3.6700,3.8500,16971
BEDZIN,20201203,9.9500,9.9500,9.9500,9.9500,1000
BENEFIT,20201203,720.0000,753.0000,720.0000,753.0000,283
BETACOM,20201203,10.9000,10.9000,10.7000,10.7000,88
BETAM40TR,20201203,52.2700,52.5400,51.7100,52.5400,1187
BETAW20LV,20201203,36.3900,36.6500,36.0300,36.1500,6805
BETAW20ST,20201203,385.1000,389.0500,385.1000,388.3000,1220
BETAW20TR,20201203,32.2900,32.3200,32.0300,32.3000,4774
BIK,20201203,11.9000,11.9000,11.9000,11.9000,5
BIOMEDLUB,20201203,12.9000,13.1000,11.6500,11.9000,1417184
BIOTON,20201203,4.4000,4.5500,4.4000,4.4500,47540
BNPPBSK0525,20201203,984.0000,984.0000,984.0000,984.0000,48
BNPPBSK0724,20201203,990.0000,990.0000,990.0000,990.0000,42
BNPPBSK0825,20201203,968.0000,968.0000,968.0000,968.0000,30
BNPPBSK1024,20201203,1004.5000,1004.5000,1004.5000,1004.5000,11
BNPPBSK1124,20201203,1042.0000,1042.0000,1042.0000,1042.0000,223
BNPPENDL1023,20201203,1047.5000,1047.5000,1047.5000,1047.5000,52
BNPPPL,20201203,56.2000,57.8000,56.2000,57.8000,1968
BNPPSPX1022,20201203,995.0000,995.0000,995.0000,995.0000,156
BNPPSX5E0922,20201203,986.0000,986.0000,986.0000,986.0000,140
BNPPSXPP0221,20201203,1008.0000,1012.5000,1008.0000,1012.5000,380
BNPPSXPP0421,20201203,1023.0000,1031.0000,1023.0000,1031.0000,469
BNPPSXPP0624,20201203,110.4000,110.4000,110.4000,110.4000,1500
BOGDANKA,20201203,18.6800,18.7600,18.3000,18.6200,16956
BOOMBIT,20201203,17.4600,18.0000,17.4600,17.9000,6654
BORYSZEW,20201203,2.8850,2.8900,2.8600,2.8750,44175
BOS,20201203,5.7600,5.8400,5.7000,5.8000,16616
BOWIM,20201203,2.2800,2.2800,2.2800,2.2800,4900
BPHFIZMLI,20201203,94.9900,95.0000,94.9900,95.0000,321
BRASTER,20201203,0.4600,0.4695,0.4500,0.4670,85902
BUDIMEX,20201203,270.0000,270.0000,258.5000,268.0000,4706
BUMECH,20201203,1.9800,2.0500,1.9600,2.0000,8857
CCC,20201203,63.4400,65.6600,62.8400,65.5200,277386
CDPROJEKT,20201203,426.0000,428.0000,418.0000,421.0000,482448
CDRL,20201203,18.0000,18.7000,18.0000,18.5000,1570
CEZ,20201203,79.4000,79.4000,77.7000,78.1000,1118
CFI,20201203,0.2260,0.2280,0.2160,0.2280,36990
CIECH,20201203,30.4500,30.9000,29.7000,30.0000,112230
CIGAMES,20201203,1.1900,1.2280,1.1800,1.2060,540208
CITYSERV,20201203,7.4000,7.4500,7.4000,7.4500,406
CLNPHARMA,20201203,41.0000,42.9000,41.0000,41.2000,13471
CNT,20201203,13.1000,13.5000,13.0000,13.4000,288
COALENERG,20201203,0.5100,0.5100,0.5000,0.5000,4899
COGNOR,20201203,1.2400,1.2500,1.2000,1.2300,71020
COMARCH,20201203,198.0000,199.0000,195.0000,199.0000,377
COMP,20201203,51.2000,52.0000,51.2000,52.0000,574
COMPERIA,20201203,3.0000,3.0600,3.0000,3.0000,15548
CORMAY,20201203,1.4200,1.4300,1.3600,1.4300,445408
CPGROUP,20201203,6.5000,6.5000,6.3600,6.3600,310
CYFRPLSAT,20201203,27.3000,27.7800,27.0800,27.4800,459675
CZTOREBKA,20201203,0.8200,0.8200,0.7900,0.8000,6974
DATAWALK,20201203,197.0000,199.5000,182.5000,187.0000,4736
DEBICA,20201203,76.8000,77.2000,76.8000,76.8000,343
DECORA,20201203,31.1000,31.4000,30.3000,31.2000,897
DEKPOL,20201203,27.8000,27.8000,27.0000,27.0000,442
DELKO,20201203,16.3000,16.3000,15.5000,16.0000,7685
DEVELIA,20201203,1.8480,1.8480,1.8300,1.8480,42397
DGA,20201203,5.3800,5.3800,5.3400,5.3400,202
DIGITREE,20201203,5.4500,5.4500,5.4500,5.4500,250
DINOPL,20201203,254.8000,256.0000,248.0000,249.0000,115980
DOMDEV,20201203,98.0000,101.5000,96.2000,101.5000,3099
DROZAPOL,20201203,1.8000,1.8000,1.8000,1.8000,96
ECHO,20201203,4.0100,4.0500,3.9800,4.0500,16231
EDINVEST,20201203,3.8000,3.8000,3.6000,3.8000,4542
EFEKT,20201203,5.0000,5.1000,5.0000,5.1000,3640
EKOEXPORT,20201203,3.2000,3.2600,3.1750,3.1850,12913
ELBUDOWA,20201203,0.8400,0.8400,0.8200,0.8400,13706
ELEKTROTI,20201203,5.5800,5.7400,5.4800,5.7000,15605
ELEMENTAL,20201203,2.4150,2.4150,2.4100,2.4100,5282
ELKOP,20201203,0.2550,0.2590,0.2500,0.2580,51191
ELZAB,20201203,4.4400,4.4400,4.3000,4.3800,1874
EMCINSMED,20201203,13.0000,13.0000,12.3000,12.8000,326
ENAP,20201203,1.3500,1.3500,1.3500,1.3500,2
ENEA,20201203,5.4700,5.5200,5.3100,5.3600,350307
ENELMED,20201203,19.8000,19.8000,19.8000,19.8000,25
ENERGA,20201203,7.8600,7.9500,7.6950,7.6950,137179
ENERGOINS,20201203,0.7380,0.7380,0.7340,0.7340,3738
ENTER,20201203,31.0000,33.0000,30.8000,32.1000,29259
ERBUD,20201203,21.0000,21.3000,20.5000,21.3000,2278
ERG,20201203,42.4000,42.4000,42.4000,42.4000,1
ESOTIQ,20201203,14.5000,14.5000,14.0500,14.5000,301
ETFDAX,20201203,559.9000,560.3000,556.6000,557.7000,157
ETFSP500,20201203,139.2200,139.3400,138.5000,138.8600,1365
ETFW20L,20201203,234.0000,234.5000,232.7000,233.0000,875
EUCO,20201203,4.3700,4.3700,4.0000,4.1000,22752
EUROCASH,20201203,13.8800,13.9500,13.6000,13.9500,137935
EUROTEL,20201203,24.9000,24.9000,24.4000,24.5000,628
FAMUR,20201203,1.7020,1.8000,1.7000,1.7880,555998
FASING,20201203,10.5500,10.5500,10.5500,10.5500,100
FEERUM,20201203,11.2000,11.2000,10.4500,10.9500,791
FERRO,20201203,24.5000,24.5000,24.0000,24.0000,9076
FERRUM,20201203,3.3200,3.4000,3.0000,3.2000,49206
FON,20201203,0.1090,0.1120,0.1080,0.1110,76014
FORTE,20201203,39.0000,39.0000,38.3000,38.3000,1825
GAMEOPS,20201203,23.8000,23.8000,22.4200,22.4200,1537
GAMFACTOR,20201203,15.2000,15.2000,14.9000,15.1960,1337
GAMFACTOR-PDA,20201203,13.9500,13.9980,13.7020,13.9000,2471
GETIN,20201203,0.9080,0.9080,0.8805,0.9050,70133
GETINOBLE,20201203,0.2080,0.2095,0.2020,0.2090,1175186
GLCOSMED,20201203,4.3800,4.3800,4.1600,4.1800,62493
GPW,20201203,44.1000,44.1500,43.6000,43.7500,34633
GROCLIN,20201203,1.0000,1.0200,1.0000,1.0200,4522
GRODNO,20201203,12.3000,12.3000,11.8500,12.0500,40285
GRUPAAZOTY,20201203,25.4000,25.4500,25.0500,25.2500,30972
GTC,20201203,6.7400,6.8800,6.6600,6.8800,19207
HANDLOWY,20201203,35.0000,35.1000,34.7500,35.0000,6942
HARPER,20201203,12.6000,12.8000,11.7500,11.9500,34637
HELIO,20201203,10.5000,10.5000,10.1000,10.2000,641
HERKULES,20201203,1.2450,1.3600,1.2450,1.3400,41681
HMINWEST,20201203,12.1000,12.1000,12.1000,12.1000,25
HUBSTYLE,20201203,1.2000,1.2000,1.0700,1.1300,4625
HYDROTOR,20201203,29.4000,29.4000,29.0000,29.0000,128
IALBGR,20201203,0.2640,0.2640,0.2640,0.2640,600
IDEABANK,20201203,1.6200,1.6200,1.5800,1.6100,10661
IDMSA,20201203,0.9300,0.9500,0.8900,0.9400,182732
IFIRMA,20201203,5.1000,5.6000,5.0400,5.0400,15946
IIAAV,20201203,72.0000,73.4000,72.0000,73.4000,190
IMCOMPANY,20201203,15.2000,15.5500,15.0000,15.5000,4500
IMMOBILE,20201203,2.4200,2.4500,2.3600,2.4500,13534
IMPEL,20201203,12.3000,12.3000,12.3000,12.3000,160
IMPERA,20201203,1.7300,2.1200,1.7300,1.9100,241524
IMS,20201203,2.6000,2.6700,2.5900,2.6700,972
INC,20201203,7.3800,7.3800,6.9200,7.0600,46472
INGBSK,20201203,159.4000,164.8000,155.2000,164.8000,11293
INPRO,20201203,4.7600,4.7600,4.6200,4.6200,202
INSTALKRK,20201203,19.7500,19.7500,19.5500,19.5500,451
INTERAOLT,20201203,15.1000,15.3000,14.8500,15.0000,16886
INTERCARS,20201203,242.0000,244.0000,238.0000,244.0000,2329
INTERFERI,20201203,4.7000,4.7000,4.7000,4.7000,1097
INTERSPPL,20201203,1.2000,1.2000,1.2000,1.2000,2100
INTLALE35055,20201203,18.3000,18.6000,18.3000,18.4200,361
INTLALE36046,20201203,14.7000,14.7000,13.6800,13.8000,750
INTLBCO31633,20201203,55.9000,55.9000,55.9000,55.9000,20
INTLBCO31641,20201203,57.7000,57.7000,57.7000,57.7000,15
INTLBCO35733,20201203,40.1000,40.1000,40.1000,40.1000,20
INTLBCO36152,20201203,27.1500,27.1500,26.8000,26.8000,1116
INTLCCC28977,20201203,4.5200,4.5200,4.5200,4.5200,131
INTLCCC30999,20201203,3.5600,3.5600,3.5600,3.5600,615
INTLCDR23192,20201203,24.7000,24.7000,24.7000,24.7000,15
INTLCDR30478,20201203,17.5200,17.5200,17.1800,17.1800,220
INTLCDR30726,20201203,15.9800,15.9800,15.9800,15.9800,1044
INTLCDR35345,20201203,12.0000,12.3800,11.5000,11.8800,17490
INTLCDR35352,20201203,13.2000,13.2000,13.1800,13.1800,907
INTLCDR36277,20201203,10.4000,10.4000,10.4000,10.4000,200
INTLDAX32193,20201203,94.0000,94.0000,94.0000,94.0000,554
INTLDAX35923,20201203,31.6000,31.7000,29.5500,30.8000,1006
INTLDAX36186,20201203,19.5000,19.7000,19.0000,19.7000,10776
INTLDNP32789,20201203,8.2400,8.2400,8.2400,8.2400,40
INTLDNP35493,20201203,4.6000,4.6800,4.6000,4.6800,511
INTLEUD33860,20201203,27.0500,27.5500,27.0500,27.5500,52
INTLGLD09746,20201203,227.0000,227.0000,227.0000,227.0000,10
INTLGLD24166,20201203,150.2000,150.2000,149.8000,149.8000,125
INTLGLD30148,20201203,282.5000,282.5000,282.5000,282.5000,15
INTLGLD30866,20201203,107.0000,107.2000,107.0000,107.2000,20
INTLGLD31310,20201203,84.3000,84.3000,83.2000,83.2000,616
INTLGLD33092,20201203,61.4000,62.0000,58.6000,59.6000,214
INTLGLD33100,20201203,50.3000,50.6000,46.4000,47.2000,1123
INTLHSC15289,20201203,37.9500,37.9500,37.9500,37.9500,28
INTLJSW32136,20201203,12.5800,13.5600,12.5800,13.5600,107
INTLJSW35386,20201203,10.6600,11.6000,10.6600,11.5000,4450
INTLJSW36020,20201203,8.5300,8.6400,8.4900,8.4900,1638
INTLKGH35782,20201203,43.2500,45.5000,42.9000,45.5000,162
INTLLTS34702,20201203,11.8800,11.8800,11.8800,11.8800,103
INTLNAG31740,20201203,1.4700,1.4700,1.0700,1.0700,4996
INTLNAG33779,20201203,1.7000,1.7000,1.4000,1.4600,4130
INTLNDX35659,20201203,51.7000,53.0000,51.7000,52.4000,551
INTLPEO35824,20201203,15.7400,15.8400,15.7400,15.8400,400
INTLPGE35329,20201203,1.3800,1.3800,1.3600,1.3600,3000
INTLPGE35741,20201203,0.9500,0.9500,0.9500,0.9500,2500
INTLPKN35840,20201203,15.9000,15.9000,15.9000,15.9000,200
INTLPKN35857,20201203,17.6400,17.6400,17.6400,17.6400,100
INTLPKO30395,20201203,10.8000,10.8000,10.8000,10.8000,100
INTLPLA30270,20201203,14.0400,14.0400,13.9600,13.9600,2850
INTLPLA30288,20201203,16.4000,16.4000,16.4000,16.4000,90
INTLPLA35709,20201203,7.4200,7.6100,7.4200,7.6100,150
INTLPLA35717,20201203,8.5000,8.5000,8.5000,8.5000,117
INTLPLA36178,20201203,6.3700,6.3700,6.3700,6.3700,100
INTLPZU15610,20201203,6.9200,6.9200,6.9200,6.9200,120
INTLPZU35766,20201203,5.2300,5.2300,5.2300,5.2300,416
INTLPZU35980,20201203,2.7500,2.7500,2.7500,2.7500,180
INTLPZU35998,20201203,4.5000,4.6300,4.0200,4.3000,1500
INTLSLV30890,20201203,38.2500,38.2500,38.2500,38.2500,260
INTLSLV33340,20201203,13.0000,13.0000,11.9600,11.9600,1263
INTLSLV33357,20201203,16.0000,16.0000,14.8000,14.8000,40
INTLSLV33373,20201203,21.3000,21.3000,21.2000,21.2000,100
INTLUSD20602,20201203,14.4000,14.4000,13.7800,13.7800,123
INTLUSD20826,20201203,26.2500,26.3000,26.2500,26.3000,200
INTLUSD20842,20201203,33.0000,33.0000,29.8500,29.8500,4820
INTLUSD21170,20201203,10.1000,11.2600,8.3700,8.3700,3037
INTLW2029900,20201203,5.1600,5.1600,5.1600,5.1600,1000
INTLW2030585,20201203,4.4400,4.4400,4.4400,4.4400,80
INTLW2035261,20201203,3.9000,3.9000,3.9000,3.9000,8030
INTLW2035899,20201203,2.4200,2.4200,2.3300,2.3900,34711
INTLW2036079,20201203,1.5100,1.5100,1.5100,1.5100,1100
INTLW2036087,20201203,1.7700,1.7700,1.7700,1.7700,547
INTROL,20201203,3.8000,3.8200,3.7200,3.8200,4431
INTSALE35212,20201203,66.0000,66.0000,66.0000,66.0000,30
INTSBCO27573,20201203,78.0000,78.0000,78.0000,78.0000,17
INTSBCO28027,20201203,15.3800,15.7800,15.3800,15.7800,2290
INTSBCO28043,20201203,31.1000,31.1000,31.1000,31.1000,600
INTSBCO28068,20201203,44.3000,44.3000,44.3000,44.3000,21
INTSCDR34124,20201203,13.4800,13.7200,13.3800,13.7200,300
INTSCDR34199,20201203,17.3800,17.3800,17.1800,17.1800,179
INTSCDR34249,20201203,9.8600,9.9600,9.2500,9.2500,1207
INTSDAX25783,20201203,23.9500,25.7500,23.0000,24.5000,3157
INTSDAX25825,20201203,36.2000,38.2000,36.2000,38.2000,973
INTSDAX26609,20201203,61.6000,63.6000,61.6000,62.9000,1125
INTSDOW27128,20201203,61.5000,61.5000,61.5000,61.5000,6
INTSDOW33605,20201203,149.0000,149.2000,142.0000,142.0000,250
INTSEUD02683,20201203,15.2600,15.2600,13.7800,13.7800,200
INTSEUD05033,20201203,39.1000,39.1000,37.4000,37.4000,133
INTSGBU20107,20201203,41.3000,41.3000,40.9000,40.9000,43
INTSGLD36368,20201203,28.1000,29.2500,26.1000,29.2500,315
INTSNAG24851,20201203,8.8500,8.8500,8.8500,8.8500,201
INTSNDX33233,20201203,28.8000,29.0500,26.5500,27.6500,134
INTSNDX33241,20201203,42.9000,42.9500,42.0000,42.0000,999
INTSNDX33258,20201203,58.0000,58.0000,58.0000,58.0000,430
INTSNDX33647,20201203,106.0000,106.0000,106.0000,106.0000,12
INTSNKX36137,20201203,160.0000,160.0000,160.0000,160.0000,125
INTSOPL09423,20201203,2.0500,2.2400,2.0500,2.2400,200
INTSPEO24687,20201203,63.0000,63.0000,63.0000,63.0000,40
INTSPKN27300,20201203,41.8000,41.8000,41.8000,41.8000,55
INTSPKN34173,20201203,12.6400,12.6400,12.6400,12.6400,19
INTSPKO23630,20201203,20.3000,20.3000,20.3000,20.3000,130
INTSPLA25551,20201203,6.3800,6.3800,6.3800,6.3800,150
INTSPZU34165,20201203,12.2400,12.2400,12.2400,12.2400,200
INTSSLV36343,20201203,8.6700,8.6700,7.4000,7.4000,790
INTSSPX34140,20201203,10.8000,10.8000,10.0000,10.0000,1760
INTSSPX34215,20201203,22.5500,22.8000,22.4500,22.4500,1100
INTSSPX34413,20201203,4.7500,4.8700,4.4000,4.4000,1564
INTSSPX34439,20201203,35.0000,35.0000,35.0000,35.0000,150
INTSUSD36061,20201203,23.7500,23.7500,23.7500,23.7500,109
INTSW2027391,20201203,2.2300,2.2300,2.1500,2.1500,400
INTSW2028472,20201203,1.0500,1.1600,1.0500,1.0800,74340
INTSW2028480,20201203,1.7100,1.7100,1.6800,1.6800,3200
INVGLDFIZ,20201203,1741.0000,1750.0000,1740.1000,1740.1000,7
INVISTA,20201203,0.3200,0.3200,0.3200,0.3200,20
IPOPEMA,20201203,3.9600,3.9600,3.8400,3.8400,3501
ITMTRADE,20201203,0.1535,0.1565,0.1535,0.1565,4200
IZOBLOK,20201203,38.0000,38.0000,38.0000,38.0000,307
IZOLACJA,20201203,1.8900,1.8900,1.8900,1.8900,2712
IZOSTAL,20201203,2.2600,2.2900,2.2600,2.2900,27641
JSW,20201203,24.5500,25.7200,24.2800,25.5900,1376984
JWCONSTR,20201203,3.1000,3.1000,3.0200,3.0800,3192
JWWINVEST,20201203,2.4800,2.4800,2.4800,2.4800,35
K2INTERNT,20201203,22.0000,23.2000,22.0000,22.8000,12881
KCI,20201203,0.6420,0.6640,0.6420,0.6640,815
KERNEL,20201203,47.5000,47.7000,45.3000,46.0000,65323
KETY,20201203,452.0000,452.0000,448.0000,452.0000,2554
KGHM,20201203,164.5000,167.4500,161.1000,166.8000,545165
KGL,20201203,15.5000,15.5000,15.5000,15.5000,559
KINOPOL,20201203,8.5000,8.5000,8.2000,8.5000,10173
KOGENERA,20201203,32.9000,33.0000,32.3000,32.8000,644
KOMPUTRON,20201203,2.1100,2.1500,2.1000,2.1300,8595
KREC,20201203,7.8400,7.8400,7.6000,7.8000,3421
KREDYTIN,20201203,11.2000,11.2000,11.2000,11.2000,6
KRKA,20201203,395.0000,399.0000,393.0000,399.0000,39
KRUK,20201203,141.5000,144.5000,140.7000,144.5000,16897
KRUSZWICA,20201203,56.0000,56.0000,55.2000,55.4000,300
KRVITAMIN,20201203,16.5000,18.2000,16.5000,18.0000,18398
KSGAGRO,20201203,2.3800,2.4800,2.2600,2.3800,68521
LABOPRINT,20201203,11.3000,11.3000,11.1000,11.3000,17
LARQ,20201203,1.8500,1.8500,1.7200,1.7200,210
LENA,20201203,3.6000,3.6500,3.6000,3.6400,1300
LENTEX,20201203,9.9000,10.1000,9.9000,10.1000,598
LIBET,20201203,2.0300,2.0800,1.9850,2.0800,48598
LIVECHAT,20201203,96.0000,98.0000,96.0000,97.0000,23269
LMESFIZ,20201203,1147.2000,1147.2000,1147.2000,1147.2000,6
LOKUM,20201203,12.3000,12.3000,12.0000,12.0000,585
LOTOS,20201203,33.9600,34.3700,33.1200,33.1200,996928
LPP,20201203,7120.0000,7145.0000,6960.0000,7100.0000,1251
LSISOFT,20201203,12.4500,12.5000,12.4500,12.4500,329
LUBAWA,20201203,1.5350,1.5550,1.5050,1.5350,171438
MABION,20201203,22.1000,22.3000,21.5500,21.9000,5794
MAKARONPL,20201203,5.6000,5.6500,5.6000,5.6500,1094
MANGATA,20201203,51.0000,55.0000,51.0000,55.0000,112
MARVIPOL,20201203,5.2200,5.2200,5.1200,5.1400,3040
MASTERPHA,20201203,4.0000,4.0000,4.0000,4.0000,550
MAXCOM,20201203,11.9500,11.9500,11.5000,11.7000,651
MBANK,20201203,154.6000,158.4000,154.0000,156.3000,93437
MBWS,20201203,6.1000,6.1000,5.8200,5.8200,430
MCI,20201203,15.2000,15.2000,14.9500,15.1500,648
MDIENERGIA,20201203,3.6800,3.6800,3.4200,3.5400,7325
MEDIACAP,20201203,1.8050,1.8050,1.8050,1.8050,25
MEDICALG,20201203,21.9500,22.2000,21.5000,22.2000,1929
MENNICA,20201203,19.4000,19.8000,19.4000,19.8000,1545
MERCATOR,20201203,465.0000,476.0000,441.0000,471.0000,50583
MERCOR,20201203,10.4500,10.4500,10.4500,10.4500,500
MEXPOLSKA,20201203,1.3900,1.4000,1.3500,1.4000,6259
MFO,20201203,22.8000,22.8000,22.4000,22.4000,1412
MILKILAND,20201203,0.7420,0.7420,0.6800,0.6800,22679
MILLENNIUM,20201203,2.8200,2.8960,2.7800,2.8900,917125
MIRACULUM,20201203,1.1800,1.1800,1.1500,1.1800,24379
MIRBUD,20201203,2.8100,3.0000,2.8100,2.9300,1272857
MLPGROUP,20201203,80.5000,83.0000,80.5000,83.0000,363
MLSYSTEM,20201203,77.8000,81.6000,76.8000,80.6000,16541
MOBRUK,20201203,218.0000,220.0000,210.0000,212.0000,6977
MOJ,20201203,1.1600,1.1600,1.1600,1.1600,3000
MONNARI,20201203,1.8850,2.0000,1.8600,1.9200,83653
MOSTALPLC,20201203,8.7800,8.7800,8.7800,8.7800,2
MOSTALWAR,20201203,4.3000,4.4000,4.3000,4.4000,954
MOSTALZAB,20201203,1.0500,1.0900,1.0100,1.0200,232783
MWTRADE,20201203,1.7500,1.8200,1.7500,1.8200,7961
NANOGROUP,20201203,4.9000,4.9200,4.5000,4.6800,29289
NANOGROUP-PDA,20201203,4.3200,4.4000,4.2000,4.2000,27102
NETIA,20201203,4.5200,4.5300,4.4900,4.5000,5063
NEUCA,20201203,615.0000,626.0000,610.0000,626.0000,2144
NEWAG,20201203,26.0000,26.0000,25.6000,25.6000,722
NEXITY,20201203,18.6000,21.4000,18.6000,21.2000,1535
NOVATURAS,20201203,10.8000,11.2000,10.7000,11.2000,1670
NOVAVISGR,20201203,1.7200,1.7200,1.6300,1.6300,12372
NOVITA,20201203,130.5000,135.0000,125.5000,127.0000,454
NOWAGALA,20201203,0.9700,0.9700,0.9700,0.9700,400
NTTSYSTEM,20201203,3.3900,3.3900,3.3300,3.3900,1545
OAT,20201203,49.2000,49.4000,47.3000,48.1000,40166
ODLEWNIE,20201203,4.9400,4.9400,4.8700,4.8700,548
OEX,20201203,15.5000,15.5000,15.3000,15.3000,652
OPENFIN,20201203,0.9500,1.0250,0.9500,1.0250,9437
OPONEO.PL,20201203,33.5000,33.5000,33.0000,33.5000,1485
OPTEAM,20201203,30.6000,32.8000,30.6000,32.0000,57250
ORANGEPL,20201203,6.6350,7.1100,6.5100,6.5800,6141463
ORZBIALY,20201203,11.0000,11.2000,10.9000,11.2000,231
OTLOG,20201203,4.2000,4.2000,4.2000,4.2000,452
OTMUCHOW,20201203,1.6000,1.6000,1.4100,1.4600,8501
OVOSTAR,20201203,85.0000,85.0000,79.5000,79.5000,3
PATENTUS,20201203,1.0450,1.0500,1.0450,1.0450,1830
PBKM,20201203,75.4000,81.0000,74.4000,81.0000,6654
PCCEXOL,20201203,3.3000,3.3100,3.2500,3.3100,110104
PCCROKITA,20201203,47.1000,47.3000,46.7000,47.3000,1734
PEKABEX,20201203,16.5500,16.6500,16.0000,16.0000,55017
PEKAO,20201203,59.1400,59.1600,57.7000,57.9800,818401
PEMANAGER,20201203,14.9000,15.0000,14.9000,15.0000,8202
PEP,20201203,51.8000,51.8000,50.2000,50.2000,7230
PEPEES,20201203,1.3000,1.3000,1.2900,1.2900,4250
PGE,20201203,5.6760,5.7500,5.5000,5.5020,3117563
PGNIG,20201203,5.0500,5.0500,4.9380,4.9980,3405239
PGO,20201203,1.1000,1.1500,1.1000,1.1500,6500
PGSSOFT,20201203,13.0000,13.0000,12.8500,13.0000,4055
PHARMENA,20201203,10.8000,10.8000,10.1000,10.1000,7813
PHN,20201203,10.3500,10.4500,10.2000,10.2000,1922
PKNORLEN,20201203,56.5000,56.7800,55.4800,55.4800,1464581
PKOBP,20201203,27.3000,27.6800,26.8500,27.5000,2822985
PKOGS,20201203,92.0000,92.0000,92.0000,92.0000,8
PKPCARGO,20201203,12.1200,12.8000,12.1200,12.7000,141807
PLASTBOX,20201203,1.8500,1.8500,1.8200,1.8500,5010
PLAY,20201203,38.5000,38.5400,38.3600,38.4600,672281
PLAYWAY,20201203,589.0000,599.0000,573.0000,599.0000,7668
PLAZACNTR,20201203,1.6800,1.6800,1.6500,1.6500,1250
PMPG,20201203,1.8000,1.8000,1.8000,1.8000,1264
POLICE,20201203,12.0000,12.2000,11.9000,11.9000,7270
POLIMEXMS,20201203,2.2700,2.2700,2.2100,2.2400,76101
POLNORD,20201203,3.4850,3.5000,3.4850,3.4900,55811
POLWAX,20201203,3.4200,3.4500,3.3600,3.4200,67298
POZBUD,20201203,1.8500,1.9550,1.8200,1.9300,80037
PRAGMAFA,20201203,23.8000,24.0000,23.8000,24.0000,7401
PRAGMAINK,20201203,6.2000,6.2000,6.2000,6.2000,10
PRAIRIE,20201203,0.5500,0.5830,0.5330,0.5670,566399
PRIMETECH,20201203,1.2500,1.3000,1.2500,1.3000,777
PROCHEM,20201203,18.2500,18.7500,18.2500,18.7500,510
PROJPRZEM,20201203,15.5500,16.2000,15.5500,16.2000,892
PROTEKTOR,20201203,4.1400,4.2400,4.1000,4.1200,21239
PROVIDENT,20201203,4.7700,4.7700,4.5000,4.5800,31683
PULAWY,20201203,85.4000,86.6000,84.0000,85.0000,435
PUNKPIRAT,20201203,0.6900,0.7050,0.6500,0.6900,8513
PZU,20201203,26.4500,26.5000,25.5500,26.0900,2899246
PZUAKORD,20201203,120.9000,120.9800,120.8000,120.9800,351
QMULTIFIZ,20201203,1230.0000,1230.0000,1220.0000,1220.0000,46
QUERCUS,20201203,3.1400,3.1900,3.1300,3.1400,1556
R22,20201203,32.9000,32.9000,32.0000,32.0000,5422
RADPOL,20201203,2.4500,2.4500,2.4000,2.4400,10012
RAFAKO,20201203,0.9450,0.9780,0.9400,0.9500,246133
RAFAMET,20201203,13.9000,13.9000,13.9000,13.9000,3
RAINBOW,20201203,20.5000,20.9000,19.4000,20.0000,37762
RANKPROGR,20201203,1.7150,1.7200,1.6500,1.7200,6963
RAWLPLUG,20201203,8.7600,8.8200,8.7600,8.8200,345
RCBSX7E1221,20201203,899.5000,899.5000,899.5000,899.5000,2
RCCOFFAOPEN1,20201203,2.8000,2.8000,2.7700,2.7700,50500
RCEW200325,20201203,1021.5000,1021.5000,1021.5000,1021.5000,300
RCFL10GOLD,20201203,7.6500,7.6600,7.3100,7.3100,5973
RCFL10GOLD1,20201203,3.4800,3.5000,3.3900,3.3900,15800
RCFL10OIL2,20201203,8.6900,8.6900,8.6900,8.6900,789
RCFL2GOLD2,20201203,17.7200,17.7200,17.7200,17.7200,97
RCFL2NAG,20201203,0.6900,0.6900,0.6900,0.6900,500
RCFL2NAG2,20201203,3.9000,3.9000,3.9000,3.9000,400
RCFL2OIL,20201203,2.7000,2.7000,2.7000,2.7000,153
RCFL2OPL1,20201203,8.3600,8.3600,8.3600,8.3600,3
RCFL2PKN1,20201203,6.5100,6.5600,6.5100,6.5600,6000
RCFL2PLAT1,20201203,9.1500,9.2300,9.1500,9.2300,8000
RCFL2PZU1,20201203,7.2000,7.2000,7.2000,7.2000,210
RCFL2TEN,20201203,7.9200,7.9200,7.9200,7.9200,54
RCFL3CCC,20201203,0.0600,0.0700,0.0600,0.0700,8003
RCFL3CDPRO1,20201203,99.7000,99.7000,99.5000,99.5000,751
RCFL3CDPRO2,20201203,9.2100,9.2100,9.1000,9.1000,240
RCFL3DBK,20201203,0.1200,0.1200,0.1200,0.1200,4000
RCFL3EUH,20201203,0.7600,0.7600,0.7600,0.7600,10
RCFL3GOLD,20201203,59.5000,59.7000,59.0000,59.0000,68
RCFL3GOLD2,20201203,22.1000,22.1500,21.8500,21.8500,1200
RCFL3JSW,20201203,0.4800,0.5600,0.4800,0.5600,703857
RCFL3JSW1,20201203,16.8400,18.7000,16.2400,18.5600,1443
RCFL3KGH,20201203,7.9000,7.9000,7.9000,7.9000,6000
RCFL3LTS1,20201203,0.1700,0.1700,0.1700,0.1700,147200
RCFL3MBK,20201203,0.9400,0.9400,0.9200,0.9400,33539
RCFL3MSFIN,20201203,1.6600,1.6600,1.6600,1.6600,3500
RCFL3NAG2,20201203,2.2900,2.2900,1.8600,1.9700,4430
RCFL3PGN1,20201203,1.3400,1.3400,1.3400,1.3400,650
RCFL3PKN,20201203,11.5000,11.7000,11.3800,11.6200,4343
RCFL3PKO,20201203,4.1500,4.1500,4.1500,4.1500,300
RCFL3PLAT2,20201203,12.4600,12.4600,12.4600,12.4600,200
RCFL3PLW,20201203,10.4400,10.4400,10.4400,10.4400,90
RCFL3PZU,20201203,8.9600,9.0600,8.6400,8.9000,2340
RCFL3SILVE,20201203,5.6400,5.6400,5.6400,5.6400,2000
RCFL3TOTF,20201203,2.7200,2.7200,2.7200,2.7200,10
RCFL3W20,20201203,27.1000,27.3500,26.5000,26.5000,2134
RCFL4ALE,20201203,13.0000,13.0000,11.9800,11.9800,600
RCFL4CDPRO,20201203,45.3000,48.3500,44.2000,46.5000,3603
RCFL4CDPRO1,20201203,7.7900,8.0500,7.6100,7.7700,5171
RCFL4DNP,20201203,23.4500,23.4500,23.4500,23.4500,32
RCFL4GAMES,20201203,65.0000,67.2000,64.9000,67.2000,720
RCFL4KGH,20201203,9.4800,9.5400,8.7100,9.5400,561
RCFL4PGE,20201203,3.9900,3.9900,3.9900,3.9900,500
RCFL4PGN2,20201203,6.3600,6.3600,6.3600,6.3600,235
RCFL4PKN1,20201203,2.5700,2.5700,2.4900,2.5300,34251
RCFL4PKO,20201203,0.4500,0.4800,0.4400,0.4700,280738
RCFL4PZU,20201203,0.4000,0.4000,0.3700,0.3900,156762
RCFL4PZU1,20201203,5.7200,6.0700,5.7200,6.0700,3701
RCFL4SILVE2,20201203,7.6800,7.6800,7.3600,7.3600,500
RCFL4TOTF,20201203,0.8500,0.8500,0.8500,0.8500,20
RCFL5ALE,20201203,11.2600,11.3200,10.8400,10.8400,400
RCFL5COPP,20201203,10.6800,11.1600,10.5600,10.7200,486
RCFL5FW20,20201203,0.6800,0.6800,0.6800,0.6800,800
RCFL5GOLD,20201203,19.6800,19.7400,19.6800,19.7400,2
RCFL5MWIG40,20201203,1.9900,2.0300,1.9100,2.0300,1145
RCFL5SBO1,20201203,13.0600,13.0600,13.0600,13.0600,70
RCFL5SILVE,20201203,1.1200,1.1200,1.1200,1.1200,1000
RCFL5SUGA1,20201203,1.2300,1.3200,1.2300,1.3200,6000
RCFL6COFF1,20201203,0.8200,0.8200,0.8200,0.8200,2000
RCFL6COFF3,20201203,5.6500,5.6500,5.6500,5.6500,180
RCFL6COPP1,20201203,13.4200,13.4400,13.4200,13.4400,222
RCFL6GOLD,20201203,24.7500,24.7500,24.7500,24.7500,100
RCFL6GOLD1,20201203,9.2800,9.4000,9.2300,9.2600,600
RCFL6NAG2,20201203,0.1500,0.1500,0.1500,0.1500,460
RCFL6NAG3,20201203,1.1800,1.1800,0.9000,0.9000,19878
RCFL6PLAT2,20201203,7.3700,7.4800,7.3700,7.4800,1400
RCFL6SILVE,20201203,1.2400,1.2400,1.2400,1.2400,3434
RCFL6SILVE2,20201203,8.5600,8.5600,7.6300,7.6300,1858
RCFL6SUGA,20201203,2.0000,2.0900,1.9700,2.0400,23921
RCFL6W20,20201203,13.4600,13.4600,13.2600,13.2600,343
RCFL6WHT2,20201203,5.5700,5.5700,5.5700,5.5700,3
RCFL7NAG,20201203,0.6500,0.6500,0.3300,0.3300,21869
RCFL8COFF,20201203,0.1300,0.1300,0.1300,0.1300,5000
RCFL8COFF1,20201203,0.3600,0.3600,0.3600,0.3600,23000
RCFS2GAMES,20201203,2.8400,2.8400,2.8400,2.8400,1500
RCFS2KGH,20201203,2.3100,2.3100,2.3100,2.3100,15000
RCFS2SILVE3,20201203,11.2800,11.2800,11.2800,11.2800,2000
RCFS2W20,20201203,50.6000,50.6000,50.6000,50.6000,50
RCFS3ALR,20201203,20.1000,20.1000,20.1000,20.1000,35
RCFS3COCO2,20201203,9.4500,9.4500,9.4500,9.4500,1000
RCFS3COPP,20201203,1.2000,1.2000,1.1800,1.1800,22111
RCFS3ENG,20201203,3.5200,3.7000,3.5200,3.7000,800
RCFS3FDX,20201203,4.3200,4.3200,4.2900,4.2900,718
RCFS3GAMES,20201203,1.1400,1.1400,1.1100,1.1100,4260
RCFS3KGH1,20201203,3.9000,3.9900,3.9000,3.9900,599
RCFS3PGE,20201203,1.3300,1.3300,1.3300,1.3300,1500
RCFS3PKO,20201203,3.0700,3.0700,2.8600,2.9400,3450
RCFS3PLAT2,20201203,2.7100,2.7100,2.7100,2.7100,1700
RCFS3TPE,20201203,0.7700,0.7700,0.7700,0.7700,3000
RCFS3W20,20201203,23.0000,23.0000,22.7000,22.7000,250
RCFS4CDPRO1,20201203,0.9500,0.9700,0.9100,0.9600,16632
RCFS4ESX,20201203,0.2600,0.2700,0.2600,0.2700,2420
RCFS4KGH1,20201203,2.7600,2.8900,2.5200,2.5200,16114
RCFS4PEO,20201203,6.9900,6.9900,6.9900,6.9900,280
RCFS4PKO,20201203,3.3900,3.3900,3.2000,3.2600,1750
RCFS4PZU,20201203,9.9600,9.9600,9.9600,9.9600,170
RCFS5FW20,20201203,2.4000,2.4300,2.4000,2.4300,1500
RCFS5GOLD,20201203,0.9100,0.9100,0.9100,0.9100,1200
RCFS5SOY,20201203,1.7300,1.7800,1.6900,1.6900,1238
RCFS5SUGA,20201203,1.7500,1.8000,1.7300,1.8000,12440
RCFS5SUGA1,20201203,1.0600,1.0600,0.9800,0.9800,9000
RCFS6COPP1,20201203,1.0800,1.0800,1.0700,1.0700,950
RCFS6FW201,20201203,1.9500,1.9500,1.9500,1.9500,1000
RCFS6NAG,20201203,0.4200,0.4200,0.4200,0.4200,895
RCFS6W201,20201203,1.7200,1.7800,1.7200,1.7700,5000
RCFS7NAG1,20201203,3.4700,3.4700,3.4700,3.4700,70
RCFS8GOLD1,20201203,0.7300,0.7300,0.7300,0.7300,4000
RCGKOMP1222,20201203,1126.0000,1126.0000,1126.0000,1126.0000,63
RCGSX5E1221,20201203,1041.5000,1041.5000,1041.5000,1041.5000,37
RCGSXHC0122,20201203,1153.5000,1153.5000,1153.5000,1153.5000,30
RCGSXHC0222,20201203,1149.5000,1149.5000,1148.5000,1148.5000,226
RCGTECBSK0621,20201203,1083.0000,1083.0000,1083.0000,1083.0000,122
RCLNAGOPEN,20201203,1.3800,1.3800,1.3100,1.3100,3459
RCRPGN1021,20201203,960.0000,960.0000,960.0000,960.0000,50
RCRPZU0922,20201203,946.5000,946.5000,946.5000,946.5000,10
RCSILAOPEN,20201203,89.1000,91.0000,89.1000,91.0000,83
RCTSJSW2,20201203,1.1000,1.1200,1.0800,1.0900,10999
RCTSKGH2,20201203,2.7100,2.7500,2.7100,2.7500,5056
RCTSKRU1,20201203,4.3000,4.3000,3.9700,4.0100,1000
RCWHTAOPEN1,20201203,14.3200,14.3800,14.3200,14.3800,9000
REDAN,20201203,0.1960,0.1970,0.1940,0.1940,6409
REINO,20201203,1.3700,1.4600,1.3700,1.4600,127
RELPOL,20201203,5.4200,5.4600,5.3400,5.4600,5167
REMAK,20201203,10.1000,10.1000,10.0500,10.1000,304
RONSON,20201203,1.3350,1.3350,1.3300,1.3300,6997
ROPCZYCE,20201203,23.3000,23.3000,23.2000,23.2000,1075
RYVU,20201203,51.6000,51.6000,49.1000,50.0000,11166
SANOK,20201203,16.7500,17.2000,16.7000,17.2000,15098
SANPL,20201203,179.4000,179.4000,173.0000,175.9000,77128
SANTANDER,20201203,12.0000,12.1000,11.8000,12.1000,22002
SANWIL,20201203,3.3600,3.5600,3.3200,3.3400,44666
SEKO,20201203,9.3500,9.3500,9.3500,9.3500,2405
SELENAFM,20201203,17.9000,17.9000,16.7000,17.2000,9711
SELVITA,20201203,48.0000,48.9000,47.8000,48.8000,2353
SERINUS,20201203,0.2400,0.2440,0.2340,0.2360,310702
SESCOM,20201203,27.6000,29.8000,27.6000,29.4000,459
SFINKS,20201203,0.3310,0.3500,0.3300,0.3400,39478
SIMPLE,20201203,12.2000,12.8000,12.2000,12.8000,1965
SKARBIEC,20201203,25.2000,25.4000,24.4000,25.3000,1292
SKOTAN,20201203,1.8000,1.8000,1.7050,1.7700,13812
SKYLINE,20201203,0.6200,0.6200,0.6200,0.6200,20
SNIEZKA,20201203,87.6000,87.6000,87.6000,87.6000,5
SOLAR,20201203,3.9200,3.9200,3.9200,3.9200,25
SONEL,20201203,9.3500,9.3500,9.3000,9.3000,1105
SOPHARMA,20201203,10.0000,11.0000,8.5000,9.7500,2863
STALEXP,20201203,3.2000,3.2400,3.1900,3.2400,50569
STALPROD,20201203,210.5000,215.0000,210.0000,213.5000,420
STALPROFI,20201203,6.0800,6.0800,6.0000,6.0400,1850
STAPORKOW,20201203,2.5000,2.5400,2.4800,2.4800,5695
STARHEDGE,20201203,0.4260,0.4400,0.4220,0.4220,8715
SUNEX,20201203,4.4000,4.5200,4.4000,4.5200,12096
SUWARY,20201203,16.0000,16.0000,16.0000,16.0000,5
SWISSMED,20201203,6.3000,7.4800,5.3400,6.9400,241260
SYGNITY,20201203,8.1800,8.2400,8.1000,8.2000,4821
SYNEKTIK,20201203,28.6000,28.6000,28.0000,28.4000,6872
TALEX,20201203,11.6000,11.6000,11.6000,11.6000,2
TAURONPE,20201203,2.1400,2.1780,2.0920,2.1220,3064625
TBULL,20201203,26.3000,27.4000,26.3000,26.4000,937
TESGAS,20201203,4.2600,4.6000,4.2600,4.5200,37297
TIM,20201203,17.9500,18.6000,17.7500,17.9500,124347
TORPOL,20201203,12.0000,12.4500,12.0000,12.4000,77318
TOWERINVT,20201203,12.8000,12.8000,12.8000,12.8000,29
TOYA,20201203,6.1000,6.1000,6.0000,6.0200,19997
TRAKCJA,20201203,1.8240,1.8560,1.8160,1.8400,133502
TRANSPOL,20201203,2.8000,2.8200,2.7600,2.8200,7630
TRIGONPP,20201203,46.0000,46.0000,46.0000,46.0000,249
TRITON,20201203,2.1500,2.2400,2.1500,2.1500,1649
TSGAMES,20201203,530.0000,549.0000,521.0000,540.0000,29324
UCEXDTEGN0423,20201203,1058.0000,1058.5000,1058.0000,1058.5000,309
ULMA,20201203,47.6000,47.6000,47.6000,47.6000,1
ULTGAMES,20201203,30.5000,30.5000,29.0000,30.4000,11752
UNIBEP,20201203,7.9600,8.0000,7.5600,8.0000,7749
UNIMA,20201203,2.9200,2.9200,2.9200,2.9200,370
UNIMOT,20201203,30.9000,31.5000,30.3500,30.9500,14419
URSUS,20201203,0.7500,0.7600,0.7200,0.7600,148820
VENTUREIN,20201203,1.9400,1.9600,1.9400,1.9600,2795
VIGOSYS,20201203,565.0000,565.0000,545.0000,560.0000,80
VINDEXUS,20201203,4.7000,4.7500,4.6900,4.7500,2766
VISTAL,20201203,2.8150,2.9800,2.5500,2.8000,80689
VIVID,20201203,1.7600,1.7900,1.7480,1.7620,29578
VOTUM,20201203,12.3000,12.9000,12.2500,12.7000,13474
VOXEL,20201203,39.9000,40.0000,39.8000,40.0000,2974
VRG,20201203,2.4100,2.4800,2.3900,2.4800,37910
WARIMPEX,20201203,5.1400,5.1400,5.1400,5.1400,1000
WASKO,20201203,1.1750,1.2000,1.1700,1.2000,23070
WAWEL,20201203,570.0000,570.0000,562.0000,570.0000,63
WIELTON,20201203,5.7500,5.8000,5.7100,5.8000,35169
WIKANA,20201203,2.2000,2.2000,2.2000,2.2000,600
WIRTUALNA,20201203,80.0000,82.8000,79.8000,80.0000,1133
WITTCHEN,20201203,8.4800,8.5000,8.3200,8.3200,2081
WOJAS,20201203,5.1000,5.1500,5.0500,5.1500,1864
WORKSERV,20201203,1.2100,1.3200,1.1600,1.2740,1023454
XTB,20201203,16.5000,16.5000,16.3000,16.4000,151508
XTPL,20201203,78.6000,78.6000,76.2000,78.4000,553
ZAMET,20201203,0.8200,0.8200,0.8100,0.8100,3600
ZASTAL,20201203,31.6000,31.6000,29.8000,31.2000,2476
ZEPAK,20201203,9.8800,9.8800,9.6200,9.6400,1597
ZPUE,20201203,149.0000,149.0000,145.0000,148.0000,101
ZREMB,20201203,0.6900,0.6900,0.6750,0.6800,10001
ZUE,20201203,3.6000,3.6600,3.5000,3.6600,2990
ZYWIEC,20201203,496.0000,496.0000,494.0000,494.0000,36
INVESTORMS,20201203,4055.6800,4082.2100,4055.6800,4082.2100,200179.061
MWIG40,20201203,3725.5500,3753.8000,3695.6000,3753.8000,121364.056
MWIG40DVP,20201203,63.1100,63.1100,63.1100,63.1100,121364.056
MWIG40TR,20201203,4934.3000,4971.7000,4897.1700,4971.7000,121364.056
SWIG80,20201203,15135.3200,15139.3000,15059.4000,15109.8600,26833.402
SWIG80DVP,20201203,300.6900,300.6900,300.6900,300.6900,26833.402
SWIG80TR,20201203,19592.0800,19592.0800,19497.9400,19559.1200,26833.402
WIG,20201203,54164.0500,54164.1800,53637.8900,53967.8200,1082188.272
WIG-BANKI,20201203,4527.2000,4548.1500,4456.3700,4538.1600,162203.175
WIG-BUDOW,20201203,3275.2200,3276.3600,3197.2700,3262.1800,9066.030
WIG-CEE,20201203,1186.6200,1186.6200,1183.7200,1184.4400,4083.989
WIG-CHEMIA,20201203,7212.1900,7212.1900,7105.8400,7140.1300,4563.413
WIG-ENERG,20201203,1750.4400,1763.8900,1710.6100,1713.6200,28850.078
WIG-ESG,20201203,8901.7500,8904.6100,8818.3400,8883.5800,935348.087
WIG-GORNIC,20201203,5071.8800,5166.8600,4986.0100,5152.1800,125053.221
WIG-INFO,20201203,3735.2700,3748.9800,3712.2200,3716.8300,9166.763
WIG-LEKI,20201203,5261.7300,5336.5900,5138.5900,5165.3400,18940.774
WIG-MEDIA,20201203,5390.5600,5535.3700,5384.2300,5396.4900,209.355
WIG-MOTO,20201203,3946.0000,3967.4800,3900.5700,3967.4800,1475.480
WIG-NRCHOM,20201203,2228.7500,2256.9000,2221.4500,2256.9000,989.039
WIG-ODZIEZ,20201203,4289.9300,4331.2200,4217.2500,4311.7400,28238.997
WIG-PALIWA,20201203,4630.2600,4632.6000,4567.3700,4572.7600,132677.271
WIG-POLAND,20201203,54811.3300,55118.6200,54811.3300,55118.6200,1076380.359
WIG-SPOZYW,20201203,3463.1900,3470.8500,3364.9300,3399.7900,4249.063
WIG-TELKOM,20201203,914.3300,940.6100,910.1300,914.9900,53981.152
WIG-UKRAIN,20201203,417.5500,420.5300,417.5500,420.5300,3607.909
WIG.GAMES,20201203,32824.4800,33016.0200,32271.4900,32798.7500,227075.596
WIG.MS-BAS,20201203,9938.5600,9971.2500,9777.6700,9936.2800,150130.196
WIG.MS-FIN,20201203,6754.9700,6754.9700,6626.3400,6727.6000,217373.332
WIG.MS-PET,20201203,6138.5500,6138.5500,6042.8500,6055.8700,136296.615
WIG20,20201203,1900.9400,1903.3200,1880.2200,1890.1100,922950.942
WIG20DVP,20201203,10.3700,10.3700,10.3700,10.3700,922950.942
WIG20LEV,20201203,394.6900,395.6800,386.1000,390.2000,922950.942
WIG20SHORT,20201203,3760.3200,3801.4300,3755.5900,3781.8100,922950.942
WIG20TR,20201203,3481.7400,3481.7400,3445.2000,3461.8400,922950.942
WIG30,20201203,2181.1700,2181.1700,2155.6000,2170.0200,955915.014
WIG30TR,20201203,3901.0400,3922.1400,3901.0400,3922.1400,955915.014
WIGDIV,20201203,1032.0300,1032.0300,1020.0500,1025.7100,120832.981
WIGTECH,20201203,14650.8900,14650.8900,14628.2300,14628.2300,0.000
WIGTECHTR,20201203,15035.7900,15120.2100,14969.6300,15014.0300,0.000
