06MAGNA,20201109,1.3600,1.4400,1.2900,1.3500,329421
11BIT,20201109,503.0000,519.0000,495.0000,501.0000,7888
4FUNMEDIA,20201109,5.0800,5.0800,4.7300,5.0800,7317
ABPL,20201109,29.6000,30.9000,29.6000,30.0000,13766
ACAUTOGAZ,20201109,38.5000,39.4000,35.1000,37.9000,5142
ACTION,20201109,3.9100,4.1400,3.8900,4.0900,30619
ADIUVO,20201109,5.7000,5.8000,5.2200,5.3000,10675
AGORA,20201109,4.8300,6.1200,4.8300,6.1200,89689
AGROTON,20201109,4.0000,4.0500,3.8800,4.0000,18995
AIGAMES,20201109,17.1500,17.1500,16.5000,17.1000,22949
AILLERON,20201109,7.3000,7.6000,7.0400,7.3600,17186
AIRWAY,20201109,2.3500,2.4900,1.9100,2.0400,2745906
ALIOR,20201109,14.2900,15.4500,13.8100,15.3000,1354388
ALLEGRO,20201109,94.0000,95.3000,84.6000,90.6100,4577919
ALTA,20201109,1.1800,1.1900,1.0700,1.1600,11107
ALTUSTFI,20201109,0.7500,0.8180,0.7500,0.8100,68339
ALUMETAL,20201109,37.8000,38.4000,37.8000,38.3000,1169
AMBRA,20201109,17.2000,17.6000,17.1500,17.6000,3273
AMICA,20201109,149.8000,151.0000,148.8000,149.8000,1777
AMREST,20201109,16.6000,21.0000,15.8400,21.0000,356912
APATOR,20201109,21.1000,21.8000,20.1000,20.9000,14726
APLISENS,20201109,10.8000,10.8000,10.8000,10.8000,22
APSENERGY,20201109,1.7350,1.7350,1.6500,1.7000,8003
ARCHICOM,20201109,19.0500,20.8000,19.0500,20.1000,15933
ARCTIC,20201109,3.9200,4.0000,3.8000,3.8900,190849
ARTERIA,20201109,3.9000,3.9200,3.7800,3.9200,251
ARTIFEX,20201109,9.4000,9.4000,8.6200,8.7400,27618
ASBIS,20201109,7.1200,7.2800,6.6400,6.9200,504007
ASMGROUP,20201109,1.9200,1.9200,1.9200,1.9200,4000
ASSECOBS,20201109,33.0000,33.0000,32.4000,33.0000,1873
ASSECOPOL,20201109,66.8000,67.7000,66.1000,66.1000,40784
ASSECOSEE,20201109,41.5000,43.5000,41.5000,43.0000,5586
ASTARTA,20201109,23.4000,24.8000,22.5000,23.0000,26768
ATAL,20201109,31.8000,31.8000,30.4000,31.0000,527
ATENDE,20201109,2.9400,2.9600,2.8600,2.9000,38436
ATLANTAPL,20201109,6.2000,6.2000,6.2000,6.2000,443
ATLANTIS,20201109,0.6500,0.6880,0.6500,0.6800,14604
ATLASEST,20201109,1.2500,1.2750,1.2500,1.2750,4000
ATMGRUPA,20201109,3.8000,3.8000,3.7200,3.8000,2079
ATREM,20201109,2.2400,2.2400,2.0700,2.0900,6206
AUGA,20201109,3.0000,3.0000,3.0000,3.0000,30
AUTOCALLSX7E,20201109,584.5000,584.5000,584.5000,584.5000,275
AUTOPARTN,20201109,6.9600,7.1600,6.9600,7.0400,4946
BAHOLDING,20201109,0.6390,0.6600,0.6330,0.6440,205781
BBIDEV,20201109,3.3500,3.4800,3.3400,3.4800,1368
BEDZIN,20201109,8.4000,8.9500,8.4000,8.9500,1324
BENEFIT,20201109,640.0000,751.0000,622.0000,730.0000,4764
BEST,20201109,15.6000,16.1000,15.6000,16.1000,2500
BETACOM,20201109,10.6000,10.6000,10.4000,10.4000,195
BETAM40TR,20201109,49.7350,51.1000,49.4000,50.9000,13866
BETAW20LV,20201109,29.9200,32.8200,29.6300,32.0200,59521
BETAW20ST,20201109,428.0000,433.1000,408.0000,415.0000,7887
BETAW20TR,20201109,29.1000,30.4550,28.9100,30.0800,20248
BIK,20201109,11.7500,12.2500,11.7500,12.2000,1380
BIOMEDLUB,20201109,18.5000,18.8000,13.6000,15.8000,2638519
BIOTON,20201109,4.3500,4.4500,4.2500,4.3400,121669
BNPPBSK1024,20201109,1022.0000,1024.5000,1018.0000,1018.0000,1275
BNPPBSKC0922,20201109,963.0000,963.0000,963.0000,963.0000,200
BNPPENDL0622,20201109,995.5000,995.5000,995.5000,995.5000,100
BNPPENDL10522,20201109,1004.5000,1004.5000,1004.5000,1004.5000,80
BNPPGOLD1222,20201109,1003.0000,1004.0000,1003.0000,1004.0000,103
BNPPPL,20201109,36.7000,39.4000,36.7000,39.2000,4912
BNPPSOLE0322,20201109,997.5000,997.5000,997.5000,997.5000,20
BNPPSOLE1221,20201109,1019.0000,1024.0000,1019.0000,1024.0000,252
BNPPSPX0222,20201109,995.5000,995.5000,995.5000,995.5000,310
BNPPSPX0522,20201109,998.0000,998.0000,998.0000,998.0000,80
BNPPSX5E0922,20201109,985.5000,985.5000,985.5000,985.5000,110
BNPPSX7E0321,20201109,612.0000,612.0000,612.0000,612.0000,25
BOGDANKA,20201109,16.4600,17.1600,16.4200,16.8200,48235
BOOMBIT,20201109,20.0000,20.0000,19.2000,19.7000,39053
BORYSZEW,20201109,2.7950,2.9800,2.7550,2.8550,174265
BOS,20201109,4.9700,5.5200,4.9700,5.3600,33593
BOWIM,20201109,1.9300,2.0000,1.9000,2.0000,7715
BRASTER,20201109,0.5300,0.5830,0.5200,0.5800,151821
BUDIMEX,20201109,256.5000,259.0000,255.0000,258.0000,4434
BUMECH,20201109,1.8750,1.9400,1.8750,1.9400,14230
CCC,20201109,44.8000,55.6000,44.6000,54.1800,1138245
CDPROJEKT,20201109,389.0000,401.1000,369.1000,371.4000,973131
CDRL,20201109,13.8000,14.8500,13.2000,14.3000,2209
CEZ,20201109,78.4000,80.0000,78.4000,79.9000,1845
CFI,20201109,0.1665,0.1740,0.1520,0.1680,235340
CIECH,20201109,28.3500,30.7000,28.2500,30.6000,109607
CIGAMES,20201109,1.2000,1.2500,1.1700,1.2000,1299969
CITYSERV,20201109,7.2000,7.5500,6.5400,7.2000,1420
CLNPHARMA,20201109,43.0000,47.8000,40.3000,42.6500,301057
CNT,20201109,12.9000,12.9000,12.6000,12.7000,25
COALENERG,20201109,0.5300,0.5750,0.4800,0.5750,82681
COGNOR,20201109,1.1250,1.1900,1.1000,1.1900,166338
COMARCH,20201109,202.0000,206.0000,199.5000,205.0000,1040
COMP,20201109,51.8000,52.0000,51.0000,52.0000,1138
CORMAY,20201109,1.5500,1.5800,1.4100,1.4900,1323818
CPGROUP,20201109,6.2200,6.2800,6.1000,6.2800,3588
CYFRPLSAT,20201109,27.1400,28.0000,26.5600,27.3400,1235663
DATAWALK,20201109,186.0000,189.0000,180.5000,184.5000,3987
DEBICA,20201109,72.8000,75.0000,71.4000,75.0000,2775
DECORA,20201109,28.8000,29.7000,28.7000,28.8000,2446
DEKPOL,20201109,21.6000,21.8000,21.0000,21.6000,3106
DELKO,20201109,14.9000,15.9000,14.6000,15.4000,22001
DEVELIA,20201109,1.7460,1.8380,1.7460,1.8200,181654
DGA,20201109,4.6300,4.6300,4.6300,4.6300,83
DIGITREE,20201109,6.0000,6.0000,5.7000,5.7000,300
DINOPL,20201109,277.8000,285.8000,258.0000,260.0000,581352
DOMDEV,20201109,100.0000,100.0000,99.4000,99.6000,10306
DROZAPOL,20201109,1.5600,1.6900,1.5500,1.6900,1303
ECHO,20201109,3.8200,3.9000,3.8200,3.8900,45246
EDINVEST,20201109,3.1000,3.2000,3.1000,3.2000,538
EFEKT,20201109,4.6600,4.9000,4.6600,4.8000,925
EKOEXPORT,20201109,3.1800,3.3000,3.0350,3.2300,59700
ELBUDOWA,20201109,0.5730,0.6240,0.5710,0.6230,31218
ELEKTROTI,20201109,5.2400,5.6400,5.2000,5.6400,5904
ELEMENTAL,20201109,2.3850,2.3900,2.3850,2.3850,11661
ELKOP,20201109,0.2410,0.2460,0.2300,0.2460,183195
ELZAB,20201109,3.9800,4.0000,3.7400,4.0000,9895
EMCINSMED,20201109,14.0000,14.2000,12.6000,14.2000,629
ENAP,20201109,1.3800,1.4100,1.3300,1.4000,1293
ENEA,20201109,4.9500,5.4000,4.9000,5.3850,622310
ENELMED,20201109,17.4000,17.4000,17.1000,17.1000,147
ENERGA,20201109,8.3150,8.3200,8.3100,8.3100,430206
ENERGOINS,20201109,0.6600,0.6600,0.5400,0.5700,64916
ENTER,20201109,23.0000,28.0000,22.0000,28.0000,100604
ERBUD,20201109,19.5000,20.2000,19.4000,20.2000,5869
ERG,20201109,38.6000,38.6000,38.0000,38.0000,22
ESOTIQ,20201109,9.1000,9.9000,8.7800,9.8800,6704
ETFDAX,20201109,535.1000,557.0000,533.7000,551.9000,1012
ETFSP500,20201109,137.0000,141.3400,137.0000,140.3400,7000
ETFW20L,20201109,209.9000,219.8000,209.4000,218.4000,4813
EUCO,20201109,4.2000,4.2000,4.0400,4.0400,3258
EUROCASH,20201109,13.3300,14.1200,13.3000,13.7600,397528
EUROTEL,20201109,22.4000,23.2000,21.7000,23.2000,3320
FAMUR,20201109,1.5500,1.7500,1.5500,1.7000,359832
FASING,20201109,9.3200,9.6600,9.1200,9.3000,11678
FEERUM,20201109,10.9000,11.0000,10.8000,11.0000,554
FERRO,20201109,17.7000,18.2000,17.4500,18.1500,5003
FERRUM,20201109,3.5800,3.5800,3.3000,3.3200,7161
FON,20201109,0.0945,0.0950,0.0865,0.0935,344649
FORTE,20201109,34.7000,35.0000,34.4500,34.8000,1117
GAMEOPS,20201109,22.5000,22.5000,21.2000,21.5000,5991
GAMFACTOR,20201109,15.7700,15.7980,14.3000,15.0000,6067
GAMFACTOR-PDA,20201109,14.3000,14.3000,13.5320,14.2800,1467
GETIN,20201109,0.7180,0.7440,0.6900,0.7390,374020
GETINOBLE,20201109,0.1608,0.1720,0.1608,0.1678,2469812
GLCOSMED,20201109,5.4500,5.6000,4.9200,5.1000,156446
GPW,20201109,45.8000,45.9500,44.3500,44.9000,59254
GROCLIN,20201109,0.8900,0.9340,0.8400,0.9000,32082
GRODNO,20201109,10.1000,11.6000,10.1000,11.5000,235294
GRUPAAZOTY,20201109,23.3000,25.1000,23.0000,24.9000,101075
GTC,20201109,5.5400,5.8800,5.4200,5.6000,75548
HANDLOWY,20201109,31.4000,33.6000,30.2000,32.5500,53189
HARPER,20201109,17.5000,17.6000,14.6000,15.4000,112603
HELIO,20201109,10.9000,10.9000,10.0000,10.0000,1897
HERKULES,20201109,1.1700,1.3400,1.1700,1.3000,67555
HUBSTYLE,20201109,1.0700,1.0700,0.9800,1.0500,3732
HYDROTOR,20201109,27.0000,27.6000,27.0000,27.4000,267
I2DEV,20201109,9.9000,9.9000,9.9000,9.9000,10
IALBGR,20201109,0.2420,0.2700,0.2420,0.2440,10054
IDEABANK,20201109,1.4200,1.5100,1.3880,1.4900,78456
IDMSA,20201109,0.8100,0.8150,0.7700,0.8150,10287
IFCAPITAL,20201109,0.7000,0.7050,0.7000,0.7050,24455
IFIRMA,20201109,4.1800,4.1800,4.1100,4.1700,2481
IIAAV,20201109,55.2000,55.2000,55.2000,55.2000,4
IMCOMPANY,20201109,12.8000,12.8000,12.2000,12.5000,3515
IMMOBILE,20201109,2.4000,2.4000,2.3600,2.4000,3674
IMPEL,20201109,12.0500,12.0500,12.0500,12.0500,51
IMPERA,20201109,1.0300,1.0900,1.0300,1.0900,2510
IMS,20201109,1.8600,2.4500,1.8200,2.4400,23160
INC,20201109,7.6000,7.8000,7.0400,7.3600,73170
INGBSK,20201109,129.8000,140.8000,126.6000,138.0000,28619
INPRO,20201109,4.6000,4.6000,4.4800,4.4800,227
INSTALKRK,20201109,19.5000,19.6000,19.3000,19.3000,1566
INTERAOLT,20201109,14.9000,14.9000,14.6000,14.8000,8082
INTERCARS,20201109,210.0000,210.0000,206.0000,208.0000,85554
INTERFERI,20201109,3.0600,3.1800,3.0600,3.1800,1602
INTERSPPL,20201109,0.8500,0.9400,0.8300,0.9400,6746
INTLALE35055,20201109,37.9000,38.5000,32.5000,35.1500,3747
INTLALE35097,20201109,50.1000,50.1000,42.6000,45.0000,135
INTLALE35170,20201109,28.5500,28.5500,19.1000,22.6000,293
INTLALE35188,20201109,28.3500,28.3500,28.2000,28.2000,33
INTLBCO31633,20201109,27.1000,37.7500,27.0000,37.7500,3677
INTLBCO31641,20201109,39.3500,40.3500,39.0000,40.3500,2538
INTLBCO31658,20201109,35.5500,42.5000,35.5500,42.5000,126
INTLBCO31666,20201109,48.7000,48.7000,47.1000,47.1000,555
INTLBCO31682,20201109,53.4000,53.4000,51.7000,52.7000,318
INTLBCO35238,20201109,20.0000,30.5000,20.0000,30.0000,1764
INTLCCC28977,20201109,3.0600,3.4900,3.0600,3.4100,24150
INTLCCC30510,20201109,3.5400,3.5400,3.5400,3.5400,4000
INTLCCC30999,20201109,1.5900,2.6100,1.5900,2.3500,19301
INTLCCC31013,20201109,2.8200,2.8200,2.8200,2.8200,2000
INTLCDR23200,20201109,22.9500,22.9500,21.1500,21.1500,100
INTLCDR28951,20201109,18.3400,18.3400,18.3400,18.3400,200
INTLCDR30478,20201109,13.9200,15.0200,12.0800,12.5000,10074
INTLCDR30486,20201109,15.4200,16.1600,13.4400,13.4400,6630
INTLCDR30718,20201109,10.3400,10.3400,10.3400,10.3400,35
INTLCDR30726,20201109,12.9400,13.8200,11.2000,11.4800,17119
INTLCDR35345,20201109,9.1700,9.1700,7.2000,7.2000,12015
INTLCDR35352,20201109,10.5600,10.5600,8.4800,8.7000,1544
INTLDAX29959,20201109,177.4000,177.4000,177.4000,177.4000,15
INTLDAX30601,20201109,163.0000,163.0000,163.0000,163.0000,6
INTLDAX30783,20201109,140.0000,140.0000,140.0000,140.0000,11
INTLDAX30791,20201109,148.2000,148.2000,148.0000,148.0000,26
INTLDAX30809,20201109,153.2000,153.2000,153.2000,153.2000,50
INTLDAX31559,20201109,107.0000,130.0000,107.0000,130.0000,38
INTLDAX31872,20201109,97.6000,103.4000,97.6000,98.6000,117
INTLDAX31880,20201109,106.8000,107.6000,106.8000,107.6000,495
INTLDAX32193,20201109,69.0000,91.2000,68.3000,88.4000,2622
INTLDAX35303,20201109,61.0000,80.5000,58.6000,80.5000,998
INTLDNP32128,20201109,14.4000,14.4000,14.4000,14.4000,174
INTLDNP32656,20201109,9.9000,9.9000,9.9000,9.9000,700
INTLDNP32789,20201109,11.6000,11.6000,10.6800,10.6800,120
INTLDNP34710,20201109,10.8800,10.8800,8.7800,8.7800,4707
INTLDOW33126,20201109,194.0000,194.0000,184.6000,184.6000,75
INTLDOW33134,20201109,227.5000,227.5000,214.5000,214.5000,49
INTLDOW33142,20201109,237.0000,237.0000,237.0000,237.0000,15
INTLDOW34348,20201109,126.6000,157.0000,126.6000,157.0000,261
INTLEUD32227,20201109,44.7000,44.7000,44.7000,44.7000,12
INTLEUD33860,20201109,20.0000,21.0000,20.0000,21.0000,778
INTLEUR25643,20201109,30.1000,30.1000,30.1000,30.1000,4
INTLEUR26823,20201109,47.0000,47.0000,47.0000,47.0000,25
INTLEUR27599,20201109,19.4000,19.9400,17.5200,19.4200,660
INTLEUR28324,20201109,15.9400,15.9400,13.5400,13.5400,923
INTLEUR34603,20201109,9.9300,11.5000,9.0600,11.5000,718
INTLGBU34850,20201109,24.7000,24.7000,24.7000,24.7000,45
INTLGLD11726,20201109,260.0000,260.0000,260.0000,260.0000,10
INTLGLD22525,20201109,244.0000,244.0000,240.0000,240.0000,8
INTLGLD23069,20201109,205.0000,205.0000,205.0000,205.0000,30
INTLGLD24166,20201109,176.0000,176.0000,176.0000,176.0000,7
INTLGLD30130,20201109,179.0000,180.4000,143.2000,144.2000,143
INTLGLD30148,20201109,315.0000,316.0000,301.5000,301.5000,90
INTLGLD30866,20201109,129.6000,129.6000,122.2000,122.2000,167
INTLGLD31310,20201109,114.0000,114.0000,103.4000,103.4000,161
INTLGLD33092,20201109,109.4000,109.4000,70.7000,70.7000,1285
INTLGLD33100,20201109,97.1000,98.0000,60.8000,60.8000,385
INTLGLD33456,20201109,58.3000,58.6000,19.2000,20.5000,13802
INTLGLD33464,20201109,72.0000,72.2000,33.2000,33.3000,4120
INTLGLD33472,20201109,65.0000,65.0000,46.0000,46.0000,233
INTLHSC12898,20201109,64.7000,64.7000,64.7000,64.7000,18
INTLJSW28993,20201109,10.1400,10.8400,10.1400,10.8200,9500
INTLJSW30569,20201109,9.6500,9.6500,9.6500,9.6500,203
INTLJSW32136,20201109,6.2800,8.1900,5.5900,7.4700,6117
INTLJSW35386,20201109,4.8900,5.2700,4.8900,5.2700,270
INTLJSW35394,20201109,6.0700,6.0700,6.0700,6.0700,650
INTLKGH29389,20201109,99.6000,103.2000,99.6000,103.2000,40
INTLKGH32052,20201109,65.3000,65.3000,65.3000,65.3000,40
INTLKGH33936,20201109,38.8500,42.8000,38.8500,39.5000,63
INTLKGH34793,20201109,35.4000,36.8000,33.0000,34.9500,2992
INTLLTS34702,20201109,6.9500,10.7400,6.0600,10.0600,2502
INTLLTS35378,20201109,11.0200,11.0600,11.0200,11.0400,800
INTLNAG33076,20201109,1.8500,1.8500,1.8200,1.8200,1000
INTLNDX12906,20201109,320.0000,320.0000,320.0000,320.0000,8
INTLNDX31906,20201109,153.6000,153.6000,144.6000,145.0000,500
INTLNDX32987,20201109,109.4000,113.2000,109.4000,113.2000,400
INTLNDX33621,20201109,82.7000,83.3000,76.0000,76.2000,552
INTLNDX34777,20201109,71.9000,72.3000,60.0000,69.5000,3503
INTLPAL25031,20201109,360.0000,375.0000,360.0000,373.0000,50
INTLPEO29439,20201109,13.7200,14.9200,13.7200,14.9200,7845
INTLPGE31427,20201109,1.6100,2.3700,1.6000,2.3700,10500
INTLPGE32037,20201109,1.4900,2.0400,1.4900,2.0400,6320
INTLPGE35329,20201109,1.4800,1.4800,1.4800,1.4800,1500
INTLPGN32615,20201109,1.0500,1.1600,1.0500,1.1600,8600
INTLPKN04101,20201109,9.3800,13.9200,8.9000,13.9200,2363
INTLPKN04119,20201109,12.0400,16.4000,12.0400,16.4000,15384
INTLPKN05496,20201109,7.1400,12.3200,6.7700,12.2000,9612
INTLPKO29405,20201109,5.9300,7.4100,5.9300,7.4100,1070
INTLPKO29413,20201109,8.7700,9.5100,8.7700,9.3000,7765
INTLPKO30395,20201109,4.4800,6.0000,4.0900,6.0000,10311
INTLPKO30403,20201109,5.1700,6.9500,4.9600,6.9500,15491
INTLPLA30288,20201109,10.4000,10.4000,10.4000,10.4000,70
INTLPLA31757,20201109,6.0500,6.0500,4.2200,4.2200,900
INTLPLA31765,20201109,5.4000,5.4000,5.4000,5.4000,150
INTLPLA33084,20201109,4.0500,4.1500,3.3600,3.3600,1250
INTLPZU15610,20201109,3.5700,5.3500,3.2000,5.0100,30837
INTLPZU15800,20201109,4.6900,6.7700,4.6900,6.7700,22213
INTLSLV29009,20201109,49.0000,49.0000,49.0000,49.0000,100
INTLSLV29298,20201109,57.0000,57.0000,57.0000,57.0000,40
INTLSLV29702,20201109,44.0000,44.0000,44.0000,44.0000,47
INTLSLV29710,20201109,48.2000,48.2000,48.2000,48.2000,50
INTLSLV29728,20201109,48.2500,48.2500,48.2500,48.2500,111
INTLSLV30890,20201109,40.2500,40.2500,40.2500,40.2500,109
INTLSLV31609,20201109,33.1500,33.1500,33.1500,33.1500,30
INTLSLV33043,20201109,33.4000,33.4000,27.1500,27.1500,917
INTLSLV33340,20201109,19.6000,19.7000,12.4400,13.2000,6015
INTLSLV33357,20201109,22.0000,22.0000,15.6800,15.6800,4729
INTLSLV33365,20201109,25.5000,25.5000,20.5500,20.5500,2410
INTLSLV33381,20201109,30.7500,31.0500,24.5000,24.5000,210
INTLSLV34967,20201109,16.4200,16.7400,9.1100,9.1100,9099
INTLSPX30031,20201109,55.2000,55.2000,55.2000,55.2000,40
INTLSPX33894,20201109,28.4000,28.4000,28.4000,28.4000,7
INTLSPX34785,20201109,20.3000,24.3500,20.3000,22.8000,425
INTLSPX34900,20201109,15.8000,19.8400,15.8000,18.0000,11562
INTLTNF25320,20201109,81.4000,81.4000,81.2000,81.2000,111
INTLUSD20602,20201109,24.3500,25.8500,21.9000,25.8500,1183
INTLUSD20610,20201109,27.4500,31.0500,27.1500,31.0500,3024
INTLUSD20826,20201109,34.1500,35.3500,32.7500,33.6500,3040
INTLUSD20842,20201109,40.3500,41.9000,37.9500,41.9000,1317
INTLUSD21170,20201109,18.0000,20.7000,16.9400,20.7000,2795
INTLUSD34256,20201109,13.6000,15.7400,11.0200,15.7400,12223
INTLUSD34637,20201109,8.1800,8.8300,7.4700,8.2600,7343
INTLW2028613,20201109,8.2500,8.7700,8.2500,8.7700,240
INTLW2028688,20201109,4.6700,4.6700,4.5600,4.5600,1814
INTLW2028712,20201109,4.9300,4.9300,4.9300,4.9300,500
INTLW2028761,20201109,5.9100,5.9100,5.9100,5.9100,800
INTLW2028787,20201109,6.0200,6.0200,6.0200,6.0200,300
INTLW2028795,20201109,5.9900,6.4700,5.9900,6.1600,6400
INTLW2029892,20201109,3.0200,3.9500,2.9500,3.6900,37400
INTLW2029900,20201109,3.3700,4.0400,3.3700,4.0400,1450
INTLW2030585,20201109,2.7400,3.3700,2.5400,3.2700,125331
INTLW2035261,20201109,2.2000,3.0100,2.0500,2.7700,75240
INTLW2035279,20201109,2.3900,3.2100,2.3900,2.8900,3074
INTROL,20201109,3.5000,3.5400,3.3000,3.5400,19156
INTSALE35212,20201109,47.5000,56.6000,46.5500,49.9000,1468
INTSALE35220,20201109,58.5000,67.0000,58.5000,65.8000,533
INTSBCO28027,20201109,45.8500,45.8500,36.4000,37.3500,374
INTSBCO28035,20201109,53.0000,53.0000,43.2500,43.2500,82
INTSBCO28050,20201109,58.1000,58.1000,58.1000,58.1000,200
INTSBCO28308,20201109,30.9000,30.9000,28.5000,28.5000,260
INTSBCO34447,20201109,26.2000,27.2000,15.0000,16.8000,2511
INTSBCO34454,20201109,31.7500,31.7500,21.9500,21.9500,208
INTSBCO35253,20201109,21.9000,21.9000,11.4000,11.4000,3044
INTSCCC23978,20201109,17.0000,17.1200,16.8200,17.1200,1010
INTSCCC27698,20201109,5.5000,5.5000,5.3000,5.3000,596
INTSCCC34207,20201109,4.0700,4.2300,3.2000,3.3500,52005
INTSCDR34124,20201109,16.0200,19.0400,16.0200,18.6800,8525
INTSCDR34249,20201109,12.3800,14.6800,12.3800,14.6800,17097
INTSCDR34801,20201109,9.0300,10.9200,8.7400,10.9200,6411
INTSDAX25783,20201109,52.2000,52.2000,26.8500,34.4000,8810
INTSDAX25825,20201109,64.8000,65.0000,40.0000,44.8500,2650
INTSDAX26591,20201109,58.5000,58.5000,52.7000,53.8000,481
INTSDAX26609,20201109,89.4000,89.4000,64.6000,70.7000,3147
INTSDAX34330,20201109,39.4500,40.2000,12.5400,22.9000,16680
INTSDAX35022,20201109,26.0000,28.2000,12.5800,12.5800,615
INTSDAX35121,20201109,16.5600,17.0000,13.8600,16.2000,8343
INTSDOW24067,20201109,54.6000,54.6000,3.8000,7.6400,5038
INTSDOW27128,20201109,114.6000,114.6000,64.0000,64.0000,165
INTSDOW33274,20201109,55.4000,55.4000,33.3000,33.7000,1111
INTSDOW33282,20201109,93.8000,98.0000,79.4000,79.4000,304
INTSDOW33597,20201109,132.6000,134.2000,132.6000,134.2000,18
INTSDOW34355,20201109,230.5000,237.5000,230.5000,237.5000,8
INTSDOW35311,20201109,32.5000,32.5000,32.5000,32.5000,100
INTSESX26021,20201109,30.8500,30.8500,23.0000,23.0000,2000
INTSESX28878,20201109,6.9800,8.2400,5.6800,6.7200,3106
INTSEUC21154,20201109,36.0000,36.0000,35.4000,35.4000,90
INTSEUD02683,20201109,26.3500,26.3500,24.9500,24.9500,220
INTSEUD03764,20201109,37.7000,37.7000,37.7000,37.7000,140
INTSEUD05033,20201109,49.7500,49.7500,49.7500,49.7500,165
INTSEUD21246,20201109,14.4400,15.2600,12.6800,15.2600,240
INTSEUR29165,20201109,32.0000,32.0000,32.0000,32.0000,20
INTSEUR29181,20201109,41.8000,41.8000,41.8000,41.8000,50
INTSEUR35402,20201109,23.2500,23.2500,22.9500,22.9500,34
INTSGBU21030,20201109,70.8000,70.8000,70.8000,70.8000,5
INTSGBU31831,20201109,22.9000,22.9000,22.9000,22.9000,7
INTSGLD30882,20201109,115.4000,115.4000,115.4000,115.4000,30
INTSGLD33316,20201109,67.0000,102.8000,67.0000,102.8000,350
INTSGLD34496,20201109,54.1000,72.8000,54.1000,72.8000,1215
INTSGLD34504,20201109,51.3000,77.1000,51.3000,77.1000,1012
INTSKGH33969,20201109,31.3500,31.3500,29.9000,29.9000,25
INTSKGH35154,20201109,19.0400,20.7500,17.9000,20.3000,1358
INTSLTS34041,20201109,24.9000,24.9000,24.9000,24.9000,175
INTSNDX33225,20201109,21.5000,34.1500,19.7800,26.7000,3572
INTSNDX33233,20201109,37.4000,48.3000,37.4000,42.0500,1712
INTSNDX33258,20201109,66.6000,78.2000,66.6000,68.5000,946
INTSNDX33647,20201109,116.8000,124.6000,116.8000,124.6000,18
INTSNDX35147,20201109,10.0400,21.6500,7.7200,13.7200,5246
INTSNKX27094,20201109,93.2000,93.2000,64.8000,64.8000,1158
INTSPEO32334,20201109,37.5000,37.5000,37.4500,37.4500,118
INTSPGE34157,20201109,2.6300,2.6300,2.6100,2.6100,652
INTSPGN34033,20201109,1.4000,1.4000,1.4000,1.4000,1000
INTSPKN27300,20201109,54.4000,54.4000,54.4000,54.4000,32
INTSPKN34173,20201109,28.3000,28.3000,23.6500,23.6500,280
INTSPKO32300,20201109,9.6800,9.6800,7.9700,8.0800,5759
INTSPLA34587,20201109,4.0800,5.1300,4.0800,4.8000,1048
INTSPZU34165,20201109,14.5000,14.7800,14.5000,14.7800,442
INTSSLV33696,20201109,26.3500,26.3500,26.3500,26.3500,50
INTSSLV34520,20201109,16.3600,22.8000,16.3600,22.8000,950
INTSSLV34538,20201109,17.8000,20.1500,17.8000,20.0500,181
INTSSLV34553,20201109,11.6600,14.4800,11.6600,14.1600,5460
INTSSPX34140,20201109,15.4400,15.5000,11.0800,13.0400,16366
INTSSPX34215,20201109,27.7000,27.8500,23.3000,25.3000,999
INTSSPX34413,20201109,9.7000,9.7000,5.4800,7.8800,5893
INTSSPX34421,20201109,31.8000,31.8000,30.1000,30.1000,100
INTSSPX34439,20201109,40.9000,41.1500,40.8000,40.8000,88
INTSTNF34108,20201109,43.1500,43.1500,43.1500,43.1500,20
INTSUSD30064,20201109,50.1000,50.1000,50.1000,50.1000,37
INTSUSD32698,20201109,32.8000,34.7000,31.7500,34.7000,1191
INTSW2005892,20201109,6.8500,6.8500,6.8500,6.8500,80
INTSW2019307,20201109,7.0700,7.2000,7.0700,7.2000,360
INTSW2019596,20201109,8.8500,8.8500,8.3100,8.3100,200
INTSW2019976,20201109,10.8000,10.8000,10.8000,10.8000,850
INTSW2020727,20201109,6.5500,6.5500,6.5500,6.5500,300
INTSW2020867,20201109,6.4500,6.4500,5.9200,6.0000,2180
INTSW2026005,20201109,5.5100,5.5100,5.5100,5.5100,140
INTSW2027243,20201109,3.9300,3.9300,3.9300,3.9300,800
INTSW2028464,20201109,2.4000,2.4000,1.6800,1.8300,11356
INTSW2028472,20201109,2.2100,2.4900,2.2100,2.3600,41391
INTSW2028480,20201109,3.3900,3.4900,2.7600,2.8400,29787
INTSW2034264,20201109,1.2400,1.4000,0.6500,0.6500,42485
INTSW2034272,20201109,1.3100,1.5500,0.7600,0.8500,41274
INTSW2034280,20201109,1.6600,1.6600,0.8800,1.1000,36959
INTSW2034298,20201109,1.8400,2.0500,1.3400,1.3800,34931
INTSW2034306,20201109,2.1500,2.2300,1.4900,1.5600,38647
INTSW2035006,20201109,0.7200,0.9600,0.5900,0.5900,43757
INTSW2035014,20201109,1.0300,1.1000,0.7100,0.7100,14389
INVFIZ,20201109,953.0000,955.0000,953.0000,955.0000,9
INVGLDFIZ,20201109,1861.1000,1861.1000,1861.1000,1861.1000,1
INVISTA,20201109,0.3300,0.3300,0.3300,0.3300,20
IPOPEMA,20201109,3.9800,4.2000,3.6000,3.8600,232021
ITMTRADE,20201109,0.1300,0.1400,0.1300,0.1400,40173
IZOBLOK,20201109,28.1000,33.4000,28.1000,33.4000,626
IZOLACJA,20201109,1.4450,1.4450,1.3100,1.4450,4016
IZOSTAL,20201109,2.1300,2.3600,2.1200,2.3600,25693
JSW,20201109,18.4000,20.2200,17.4500,19.6000,2385302
JWCONSTR,20201109,3.0300,3.0300,2.8400,2.9800,948
K2INTERNT,20201109,18.0000,18.1000,16.8000,17.1000,5264
KCI,20201109,0.6120,0.6400,0.6120,0.6400,12221
KERNEL,20201109,39.5000,40.9500,39.1500,40.7000,116437
KETY,20201109,450.0000,461.0000,450.0000,458.0000,3173
KGHM,20201109,137.8500,142.5000,136.3500,137.4500,902421
KGL,20201109,15.6000,16.0500,15.6000,16.0500,1597
KINOPOL,20201109,6.6500,6.6500,6.4000,6.5500,2381
KOGENERA,20201109,32.7000,32.9000,32.0000,32.9000,1484
KOMPAP,20201109,7.6000,7.9000,7.6000,7.9000,2
KOMPUTRON,20201109,1.9750,2.0500,1.9600,1.9600,22889
KPPD,20201109,26.4000,26.8000,26.4000,26.8000,299
KREC,20201109,7.2000,7.4600,7.2000,7.3000,6920
KREDYTIN,20201109,11.4000,11.4000,11.4000,11.4000,5
KRKA,20201109,368.0000,376.0000,364.0000,376.0000,123
KRUK,20201109,139.4000,142.7000,138.2000,141.0000,30051
KRUSZWICA,20201109,56.4000,57.0000,55.0000,57.0000,1808
KRVITAMIN,20201109,22.0000,22.3000,17.8500,21.5000,101760
KSGAGRO,20201109,1.0900,1.1000,1.0300,1.1000,28272
LABOPRINT,20201109,9.9000,9.9000,9.6600,9.6600,555
LARQ,20201109,1.6750,1.7000,1.6500,1.7000,27765
LENA,20201109,3.4200,3.4200,3.3500,3.4000,14848
LENTEX,20201109,9.0000,9.1000,8.9000,8.9200,3435
LIBET,20201109,2.0900,2.0900,1.9300,2.0700,18215
LIVECHAT,20201109,99.3000,105.0000,90.4000,95.9000,86915
LMDSFIZ,20201109,1110.0000,1110.0000,1110.0000,1110.0000,23
LMESFIZ,20201109,1071.1000,1162.9000,1063.2000,1159.0000,18
LOKUM,20201109,11.6000,11.8000,11.6000,11.8000,1856
LOTOS,20201109,29.0000,33.3300,27.9000,32.4200,1826679
LPP,20201109,6500.0000,7760.0000,6350.0000,7530.0000,6040
LSISOFT,20201109,12.0000,12.8000,12.0000,12.5500,5597
LUBAWA,20201109,1.5200,1.5300,1.3900,1.4500,869213
MABION,20201109,24.8000,26.7000,22.9000,24.5500,72598
MAKARONPL,20201109,5.7500,5.7500,5.5500,5.7000,14776
MANGATA,20201109,47.4000,51.0000,45.4000,51.0000,711
MARVIPOL,20201109,4.8000,5.0400,4.8000,5.0200,17509
MASTERPHA,20201109,4.2800,4.2900,4.0500,4.1000,2333
MAXCOM,20201109,12.7000,13.2500,11.9000,12.0500,13662
MBANK,20201109,121.5000,153.5000,119.9000,153.5000,182102
MBWS,20201109,5.6000,5.9000,5.6000,5.7200,1352
MCI,20201109,14.3000,14.5500,14.0500,14.5500,2208
MDIENERGIA,20201109,3.8800,3.9700,3.8800,3.9600,13282
MEDIACAP,20201109,1.9750,1.9750,1.9700,1.9700,7755
MEDICALG,20201109,23.4000,24.1000,22.3000,23.7500,37680
MEDYCZNYFIZ,20201109,156.0900,156.0900,150.1000,150.1000,97
MENNICA,20201109,18.9000,19.8000,18.9000,19.7000,8342
MERCATOR,20201109,636.0000,638.0000,467.0000,508.0000,385142
MERCOR,20201109,9.5000,9.7800,9.3000,9.7800,3471
MEXPOLSKA,20201109,0.9400,1.2200,0.9400,1.2200,48597
MFO,20201109,18.0000,21.6000,18.0000,21.6000,4154
MILKILAND,20201109,0.6200,0.6450,0.6200,0.6450,20001
MILLENNIUM,20201109,2.4000,2.8360,2.3200,2.8000,4235906
MIRACULUM,20201109,1.0700,1.1100,1.0500,1.1000,29895
MIRBUD,20201109,2.0400,2.1700,2.0400,2.1600,642172
MLPGROUP,20201109,84.5000,84.5000,76.0000,80.0000,687
MLSYSTEM,20201109,70.0000,77.0000,69.4000,75.4000,67339
MOBRUK,20201109,320.0000,350.0000,320.0000,330.0000,416
MOJ,20201109,1.3000,1.3000,1.3000,1.3000,35220
MOL,20201109,21.4200,21.6800,20.7400,21.4800,5168
MONNARI,20201109,1.4100,1.8200,1.4050,1.6600,366034
MOSTALPLC,20201109,8.1000,8.1000,8.0800,8.0800,2675
MOSTALWAR,20201109,4.3000,4.3000,4.0100,4.2000,2905
MOSTALZAB,20201109,0.8220,0.8560,0.8100,0.8520,407932
MWTRADE,20201109,1.6300,1.6300,1.5300,1.5300,17380
NANOGROUP,20201109,8.7500,9.0000,7.5000,7.9000,233409
NETIA,20201109,4.5200,4.5800,4.5000,4.5800,29266
NEUCA,20201109,600.0000,600.0000,578.0000,588.0000,2731
NEWAG,20201109,23.8000,24.9000,23.8000,24.6000,3643
NEXITY,20201109,15.0000,17.3000,15.0000,17.0000,4207
NOVATURAS,20201109,8.4000,9.0000,8.4000,8.7500,1590
NOVAVISGR,20201109,1.5900,1.8000,1.5900,1.7900,22770
NOVITA,20201109,136.0000,136.0000,126.0000,135.0000,1217
NOWAGALA,20201109,0.8100,0.8500,0.7400,0.8100,29586
NTTSYSTEM,20201109,2.8900,2.9000,2.7700,2.8900,10216
OAT,20201109,64.4000,80.4000,58.0000,69.6000,1208708
ODLEWNIE,20201109,4.3600,4.4000,4.2100,4.2100,6486
OEX,20201109,15.0000,15.0000,14.8000,14.8000,1476
OPENFIN,20201109,0.7020,0.7020,0.6820,0.6820,7441
OPONEO.PL,20201109,31.5000,33.0000,31.4000,32.7000,5783
OPTEAM,20201109,25.0000,25.2000,23.0000,24.2000,18325
ORANGEPL,20201109,6.5800,6.8200,6.2550,6.4000,3471102
ORCOGROUP,20201109,1.1100,1.2200,1.1100,1.2200,9379
ORZBIALY,20201109,10.5000,10.6500,10.5000,10.6500,1719
OTLOG,20201109,4.3000,4.3000,4.3000,4.3000,5
OTMUCHOW,20201109,1.2800,1.2800,1.2500,1.2800,11758
OVOSTAR,20201109,66.0000,69.0000,63.0000,69.0000,1198
PAMAPOL,20201109,1.3700,1.3700,1.2500,1.3600,15132
PANOVA,20201109,9.9400,10.4500,9.5200,9.5200,1510
PATENTUS,20201109,0.9300,0.9300,0.9300,0.9300,1400
PBKM,20201109,73.0000,78.0000,71.4000,78.0000,1156
PCCEXOL,20201109,3.7100,3.8000,3.2500,3.4100,689612
PCCROKITA,20201109,44.0000,46.4000,43.9000,46.4000,9922
PEKABEX,20201109,14.0500,15.3500,14.0500,15.1500,33334
PEKAO,20201109,44.4000,48.8400,43.4000,48.4500,2304415
PEMANAGER,20201109,14.5500,14.5500,14.5500,14.5500,5
PEP,20201109,50.8000,52.2000,50.8000,52.2000,9520
PEPEES,20201109,1.3000,1.3500,1.2700,1.3400,33475
PGE,20201109,5.2280,5.9500,5.0540,5.9060,5536452
PGNIG,20201109,4.4100,4.8500,4.2910,4.7770,7232144
PGO,20201109,1.0000,1.1600,1.0000,1.1000,21727
PGSSOFT,20201109,11.0000,11.5500,11.0000,11.5500,13984
PHARMENA,20201109,16.0000,16.0000,13.0000,13.5500,54229
PHN,20201109,9.6000,9.8800,9.0000,9.8200,21583
PKNORLEN,20201109,40.1200,45.4000,39.5200,45.1400,4060341
PKOASZEWZ,20201109,95.6100,95.6100,95.6000,95.6000,480
PKOBP,20201109,21.0900,22.9700,20.7800,22.7900,6877079
PKOGD,20201109,100.3200,100.3200,100.3100,100.3100,500
PKPCARGO,20201109,11.0400,11.7000,10.5000,11.3200,157692
PLASTBOX,20201109,1.7850,1.7850,1.7600,1.7600,1010
PLAY,20201109,38.8200,38.9000,38.8000,38.8200,3051846
PLAYWAY,20201109,531.0000,565.0000,531.0000,536.0000,10191
PLAZACNTR,20201109,1.7000,1.7000,1.7000,1.7000,740
POLICE,20201109,11.2000,11.4000,11.0000,11.3000,2963
POLIMEXMS,20201109,1.8600,2.0400,1.8600,2.0350,358490
POLNORD,20201109,2.9600,2.9900,2.9200,2.9200,2385
POLWAX,20201109,2.8400,3.1200,2.8000,3.1200,431417
POZBUD,20201109,1.9100,1.9150,1.7400,1.8000,43898
PRAGMAFA,20201109,18.6000,18.9000,18.3000,18.4000,3852
PRAGMAINK,20201109,6.5400,7.0000,6.5400,7.0000,859
PRAIRIE,20201109,0.5530,0.5530,0.5300,0.5460,172007
PRIMETECH,20201109,1.0000,1.0000,1.0000,1.0000,2884
PROCHEM,20201109,18.2500,18.2500,17.6000,17.9500,419
PROJPRZEM,20201109,16.5000,16.5000,15.0500,15.1000,1957
PROTEKTOR,20201109,4.3000,4.3200,3.8800,4.1000,99730
PROVIDENT,20201109,3.1900,3.6200,3.1900,3.5600,231063
PULAWY,20201109,77.0000,79.4000,77.0000,78.0000,738
PUNKPIRAT,20201109,0.6600,0.6600,0.6100,0.6600,76914
PZU,20201109,22.3400,24.1000,21.9200,24.0600,5994732
PZUAKORD,20201109,119.4000,119.4000,119.4000,119.4000,1067
QMULTIFIZ,20201109,1164.9000,1169.0000,1164.9000,1169.0000,108
QUERCUS,20201109,2.9600,3.2300,2.9000,3.1200,50924
R22,20201109,31.2000,31.2000,30.4000,30.7000,5619
RADPOL,20201109,2.4000,2.4000,2.2800,2.3900,2482
RAFAKO,20201109,0.6930,0.7350,0.6610,0.7200,932598
RAINBOW,20201109,13.0000,17.2500,12.1000,17.2000,187595
RANKPROGR,20201109,1.3200,1.3500,1.2950,1.3500,46790
RAWLPLUG,20201109,7.4600,7.4600,7.4600,7.4600,5
RCCECAOPEN,20201109,57.7000,57.7000,57.7000,57.7000,18
RCCOFFAOPEN1,20201109,2.6200,2.6200,2.6200,2.6200,600
RCCORAOPEN,20201109,6.2500,6.2500,6.2500,6.2500,77
RCESXAOPEN,20201109,146.4000,146.4000,146.4000,146.4000,7
RCFL10GOLD,20201109,18.9800,19.0600,13.5600,14.0200,2150
RCFL10GOLD1,20201109,6.7900,6.7900,4.2500,4.3800,14800
RCFL10SILVE2,20201109,0.5300,0.5300,0.3200,0.3200,12700
RCFL2GOLD2,20201109,19.7600,19.7600,19.7000,19.7000,307
RCFL2PALL1,20201109,43.0500,43.0500,43.0500,43.0500,60
RCFL2PEO,20201109,7.5100,7.5100,7.5100,7.5100,730
RCFL2PKN1,20201109,4.3100,4.3100,4.3100,4.3100,17000
RCFL2PKO,20201109,18.6800,18.6800,18.6800,18.6800,500
RCFL2PZU1,20201109,6.2300,6.2300,6.2300,6.2300,595
RCFL2SILVE,20201109,35.5000,35.5000,35.5000,35.5000,35
RCFL3ALR1,20201109,5.0700,6.4200,5.0700,6.2500,2104
RCFL3BOSS,20201109,0.1500,0.1500,0.1500,0.1500,10000
RCFL3BPL,20201109,0.3800,0.3900,0.3800,0.3900,1030
RCFL3BZW,20201109,1.8300,1.8300,1.8300,1.8300,6500
RCFL3CCC,20201109,0.0500,0.0500,0.0500,0.0500,1000
RCFL3CCC1,20201109,5.8000,8.7100,5.8000,8.7100,5850
RCFL3CDPRO1,20201109,72.0000,72.7000,72.0000,72.7000,1460
RCFL3CDPRO2,20201109,7.9200,7.9200,7.0700,7.0700,573
RCFL3COCO1,20201109,6.8300,6.8300,6.8300,6.8300,1000
RCFL3COFF3,20201109,5.8300,5.9000,5.8300,5.9000,100
RCFL3COPP,20201109,14.9000,14.9000,14.9000,14.9000,100
RCFL3CORN2,20201109,12.7600,12.9800,12.7600,12.9800,80
RCFL3EAD,20201109,0.6700,0.8800,0.6700,0.8800,19433
RCFL3GASO2,20201109,5.5800,5.5800,5.5800,5.5800,499
RCFL3GOLD,20201109,75.1000,75.1000,63.5000,63.5000,1001
RCFL3GOLD2,20201109,24.5000,24.5500,23.8500,23.8500,500
RCFL3JSW,20201109,0.2400,0.3100,0.2100,0.2900,780347
RCFL3JSW1,20201109,7.7000,10.4600,7.7000,10.0800,5132
RCFL3KGH,20201109,4.8900,5.4500,4.8900,5.4500,11200
RCFL3LPP,20201109,94.0000,94.0000,94.0000,94.0000,5
RCFL3LTS1,20201109,0.1200,0.1600,0.1100,0.1500,123644
RCFL3MBK,20201109,0.5500,0.9000,0.5100,0.9000,49622
RCFL3MSBAS,20201109,7.8400,7.8400,7.8400,7.8400,250
RCFL3MSFIN,20201109,1.0600,1.0600,1.0600,1.0600,1500
RCFL3MWIG40,20201109,5.1700,5.3500,5.1700,5.3500,1500
RCFL3NAG2,20201109,3.3400,3.4700,3.3400,3.4700,1500
RCFL3OIL2,20201109,1.2500,1.3000,1.2500,1.2500,4250
RCFL3OIL4,20201109,0.0200,0.0200,0.0200,0.0200,9000
RCFL3OIL6,20201109,8.1800,8.1800,8.1800,8.1800,100
RCFL3PALL3,20201109,1.3300,1.3300,1.3300,1.3300,500
RCFL3PEO,20201109,0.5000,0.6400,0.4700,0.6400,200105
RCFL3PGE,20201109,0.0800,0.1200,0.0800,0.1200,170020
RCFL3PGE1,20201109,8.4800,8.4800,8.4800,8.4800,180
RCFL3PGN1,20201109,1.2000,1.2000,1.2000,1.2000,3000
RCFL3PKN,20201109,4.7400,6.4500,4.5700,6.4500,3559
RCFL3PKO,20201109,2.5600,2.5700,2.5600,2.5700,1500
RCFL3PLAT1,20201109,3.6800,3.6800,3.6800,3.6800,500
RCFL3PLAT2,20201109,8.9300,8.9300,7.5400,7.5500,6200
RCFL3PLW,20201109,9.7000,9.9100,9.7000,9.9100,70
RCFL3PZU,20201109,5.9800,7.3300,5.9000,7.3300,1374
RCFL3SILVE,20201109,7.4100,7.4200,5.9200,5.9200,11477
RCFL3SILVE3,20201109,20.8000,21.1000,16.9400,17.5800,990
RCFL3TOTF,20201109,1.3900,1.6900,1.3900,1.6900,18
RCFL3W20,20201109,20.8000,22.8000,20.3500,22.5000,5602
RCFL4CDPRO,20201109,35.4000,39.3000,29.2500,30.9500,8112
RCFL4CDPRO1,20201109,6.2600,6.5500,5.5700,5.5700,640
RCFL4DBK1,20201109,2.3400,2.3400,2.3400,2.3400,3000
RCFL4ESX,20201109,158.2000,158.2000,158.2000,158.2000,52
RCFL4FW203,20201109,1.9800,2.2300,1.9800,2.2300,1322
RCFL4GAMES,20201109,91.6000,91.6000,76.1000,76.1000,396
RCFL4GOLD,20201109,24.4000,24.4000,24.1500,24.1500,650
RCFL4KGH,20201109,5.2200,5.2200,4.9800,5.0100,6260
RCFL4KGH1,20201109,75.1000,86.8000,72.6000,86.8000,230
RCFL4MWIG40,20201109,3.0100,3.0100,3.0100,3.0100,500
RCFL4PALL2,20201109,1.4200,1.4200,1.4200,1.4200,6000
RCFL4PEO1,20201109,2.9400,3.2100,2.8400,3.1700,3680
RCFL4PGE,20201109,3.6500,5.2800,3.6500,5.2800,1450
RCFL4PGN1,20201109,17.5000,17.5000,17.5000,17.5000,300
RCFL4PGN2,20201109,4.3300,5.8500,4.3300,5.4900,1000
RCFL4PKN1,20201109,0.8500,1.2200,0.8500,1.2200,260356
RCFL4PKO,20201109,0.2100,0.2500,0.2100,0.2500,65530
RCFL4PKO1,20201109,4.9800,5.6000,4.9800,5.6000,2080
RCFL4PLAT2,20201109,6.4300,6.4300,6.0000,6.0000,237
RCFL4PZU,20201109,0.2300,0.3100,0.2300,0.3000,166000
RCFL4SILVE2,20201109,9.8100,9.8100,8.3000,8.3000,1740
RCFL4SILVE3,20201109,19.9600,19.9600,19.4400,19.4400,30
RCFL5ALE,20201109,51.2000,53.6000,27.2500,45.3000,1800
RCFL5FW20,20201109,0.4200,0.5000,0.4200,0.5000,2000
RCFL5GOLD,20201109,29.3500,29.5000,22.2500,22.2500,1702
RCFL5MSFIN2,20201109,1.9900,2.1100,1.9700,2.1100,5650
RCFL5MSPET1,20201109,1.5400,1.5400,1.5400,1.5400,1500
RCFL5MWIG40,20201109,1.6200,1.8200,1.5900,1.7800,9745
RCFL5PALL2,20201109,0.4100,0.4100,0.4100,0.4100,5201
RCFL5SILVE,20201109,1.8800,1.8900,1.3500,1.4100,92202
RCFL5SILVE1,20201109,3.3000,3.3000,3.1000,3.1000,550
RCFL5SUGA1,20201109,1.3700,1.3700,1.3700,1.3700,1000
RCFL5W20,20201109,10.3800,10.3800,10.2000,10.3800,2350
RCFL6COCO,20201109,3.7700,3.7700,3.7700,3.7700,50
RCFL6COFF2,20201109,1.4900,1.4900,1.3900,1.3900,5145
RCFL6COFF3,20201109,4.1100,4.2300,4.0500,4.0500,4630
RCFL6FW201,20201109,0.3800,0.4300,0.3800,0.4300,101000
RCFL6GOLD1,20201109,15.3000,15.3000,12.8200,12.8200,101
RCFL6PALL,20201109,0.1200,0.1200,0.1200,0.1200,3000
RCFL6SILVE,20201109,1.7800,1.8000,1.5400,1.5400,19268
RCFL6SILVE2,20201109,13.0000,13.0000,10.2400,10.2400,1397
RCFL6SUGA,20201109,2.0900,2.0900,2.0900,2.0900,800
RCFL6W20,20201109,8.1000,9.6100,7.8100,9.6100,3622
RCFL6W201,20201109,0.2800,0.3200,0.2700,0.3200,18021
RCFL8COFF1,20201109,0.3500,0.3500,0.3500,0.3500,4000
RCFL8COPP1,20201109,5.0000,5.1600,5.0000,5.1600,1942
RCFL8GOLD,20201109,25.1000,25.1000,25.1000,25.1000,40
RCFL8GOLD1,20201109,8.3800,8.3800,8.3800,8.3800,70
RCFS10GOLD1,20201109,0.1300,0.1300,0.1300,0.1300,1000
RCFS10GOLD2,20201109,10.2600,10.9000,10.2600,10.9000,490
RCFS10OIL2,20201109,4.2800,4.2800,1.0900,1.1100,11630
RCFS10SILVE2,20201109,3.2900,5.8800,3.2900,5.8800,4244
RCFS1COFF,20201109,13.5000,13.5000,13.5000,13.5000,2
RCFS2CCC1,20201109,7.5400,7.5400,7.5400,7.5400,200
RCFS2GAMES,20201109,2.5000,2.5000,2.5000,2.5000,1000
RCFS2KGH,20201109,3.3400,3.5300,3.2200,3.4100,25250
RCFS2PKN,20201109,5.3600,5.3600,5.3600,5.3600,2000
RCFS2SILVE1,20201109,3.0000,3.0000,3.0000,3.0000,250
RCFS2SILVE2,20201109,1.8800,1.8800,1.8800,1.8800,700
RCFS3ALR1,20201109,5.9400,6.2700,4.8200,4.8200,2440
RCFS3CBK,20201109,0.5600,0.5600,0.3500,0.3500,8500
RCFS3CCC,20201109,0.0600,0.0600,0.0500,0.0500,702034
RCFS3CDPRO,20201109,2.6700,3.2600,2.6700,3.1000,307
RCFS3EAD,20201109,0.4800,0.4800,0.2000,0.2000,4250
RCFS3FDX,20201109,5.0100,5.0800,4.4000,4.4600,7476
RCFS3GAMES,20201109,1.0100,1.1100,0.9500,1.1100,11000
RCFS3KGH,20201109,0.1400,0.1500,0.1300,0.1400,334949
RCFS3KGH1,20201109,8.0100,8.0100,7.5600,7.5600,332
RCFS3LPP,20201109,0.2800,0.2800,0.2100,0.2100,6555
RCFS3LPP1,20201109,5.1600,5.1600,5.1600,5.1600,300
RCFS3MWIG40,20201109,8.7300,8.7300,8.7300,8.7300,400
RCFS3NAG2,20201109,3.6600,3.7500,3.6600,3.7500,100
RCFS3PALL4,20201109,1.0500,1.0500,1.0500,1.0500,50000
RCFS3PGE,20201109,1.9300,1.9300,1.1800,1.1800,2020
RCFS3PGN,20201109,6.6900,6.6900,6.6900,6.6900,150
RCFS3PKO,20201109,7.3400,7.3400,6.1600,6.1600,500
RCFS3TPE,20201109,1.0900,1.0900,0.8400,0.8400,56280
RCFS3W20,20201109,31.1500,32.6000,27.6000,28.2500,3469
RCFS4CDPRO1,20201109,1.4000,1.8600,1.3800,1.7400,74335
RCFS4DNP,20201109,2.2300,3.2000,2.2300,3.1400,7750
RCFS4ESX,20201109,0.4400,0.4400,0.3300,0.3500,35000
RCFS4KGH1,20201109,6.8000,6.8000,6.8000,6.8000,100
RCFS4LPP,20201109,5.1800,5.1800,1.8700,1.8700,2530
RCFS4NAG3,20201109,8.6000,8.7900,8.6000,8.7900,4000
RCFS4PEO,20201109,29.7500,29.7500,17.3200,18.4600,2396
RCFS4PGE,20201109,2.2300,2.2300,1.0600,1.0600,13915
RCFS4PGN,20201109,1.9700,2.0100,1.2800,1.3100,6855
RCFS4PKN,20201109,32.8000,32.8000,18.1600,20.8500,84
RCFS4PKO,20201109,8.3600,8.3600,8.3600,8.3600,1000
RCFS4PZU,20201109,22.9000,22.9000,16.3200,16.3200,881
RCFS5COFF1,20201109,5.7600,5.7600,5.7600,5.7600,500
RCFS5FW20,20201109,3.6900,3.8000,3.4300,3.5700,220025
RCFS5FW202,20201109,2.7400,2.8000,2.7400,2.8000,459
RCFS5NAG1,20201109,1.5500,1.5500,1.5100,1.5100,2650
RCFS5OIL4,20201109,6.0000,6.0000,5.5400,5.9000,1800
RCFS5PLAT2,20201109,1.5000,1.5000,1.5000,1.5000,300
RCFS5SUGA,20201109,1.9600,2.0100,1.9600,1.9800,4809
RCFS5SUGA1,20201109,1.0200,1.1100,1.0100,1.0900,7000
RCFS6COFF1,20201109,3.4000,3.4000,3.4000,3.4000,4
RCFS6NAG,20201109,0.2500,0.2500,0.2500,0.2500,943
RCFS6SBO,20201109,2.4000,2.4000,2.3700,2.3700,2190
RCFS6W201,20201109,3.4500,3.6700,2.5000,2.9000,133265
RCFS6WHT2,20201109,2.7200,2.7200,2.7200,2.7200,768
RCFS7GOLD,20201109,0.9000,0.9000,0.9000,0.9000,2600
RCFS8COFF,20201109,0.0800,0.0800,0.0800,0.0800,200
RCFS8COPP1,20201109,0.7200,0.7200,0.7200,0.7200,5000
RCFS8OIL2,20201109,4.2200,4.2200,1.6600,1.6600,5699
RCGLDAOPEN,20201109,741.0000,741.0000,725.0000,725.0000,101
RCGOIL1122,20201109,1028.5000,1028.5000,1028.5000,1028.5000,31
RCGTECBSK0321,20201109,1048.5000,1048.5000,1048.5000,1048.5000,100
RCGTECBSK0322,20201109,1020.5000,1020.5000,1020.5000,1020.5000,100
RCGTECBSK0621,20201109,1079.0000,1079.0000,1079.0000,1079.0000,50
RCLGAMESAOPEN,20201109,347.0000,347.0000,345.5000,345.5000,37
RCLOILAOPEN,20201109,13.2400,14.2000,13.2400,13.9000,3087
RCLOILAOPEN1,20201109,154.0000,158.0000,154.0000,158.0000,51
RCNDXAOPEN,20201109,466.0000,466.0000,450.0000,450.0000,6
RCRBSPX0522,20201109,487.0000,487.0000,463.0000,463.0000,19
RCRBSPX0822,20201109,562.0000,562.0000,540.0000,540.0000,11
RCRBSPX1122,20201109,623.0000,623.0000,586.0000,586.0000,7
RCSDAXOPEN,20201109,87.5000,87.5000,83.2000,83.7000,2078
RCSILAOPEN,20201109,99.0000,99.0000,95.0000,95.0000,155
RCTLBML,20201109,0.9800,0.9800,0.9800,0.9800,200
RCTLCDPRO1,20201109,11.7600,11.7600,11.7600,11.7600,127
RCTSJSW2,20201109,1.8600,1.8600,1.6300,1.7100,9400
RCTSKRU1,20201109,4.4500,4.4500,4.4500,4.4500,370
RCTSPKN,20201109,1.4300,1.4300,1.4300,1.4300,1369
RCTSPKN1,20201109,1.7300,1.7300,1.7300,1.7300,1129
REDAN,20201109,0.1640,0.1790,0.1640,0.1790,3500
REINO,20201109,1.4700,1.4700,1.3500,1.4600,2036
RELPOL,20201109,5.0000,5.2400,4.9000,5.1200,7068
REMAK,20201109,10.6000,10.6000,9.9200,9.9200,1458
RONSON,20201109,1.4000,1.4000,1.3000,1.3900,55170
ROPCZYCE,20201109,20.6000,21.6000,20.3000,21.6000,4148
RYVU,20201109,56.4000,58.0000,54.0000,55.4000,26634
SANOK,20201109,12.3500,12.6500,12.3000,12.4500,69812
SANPL,20201109,146.2000,160.6000,140.4000,160.3000,209057
SANTANDER,20201109,8.4400,9.5200,8.1000,9.2940,117409
SANWIL,20201109,4.3400,4.3600,3.6000,3.8400,340140
SEKO,20201109,8.4000,8.6000,8.4000,8.6000,1277
SELENAFM,20201109,14.9500,15.0000,14.9500,15.0000,882
SELVITA,20201109,43.0000,45.4000,43.0000,43.7000,8258
SERINUS,20201109,0.3440,0.3500,0.3320,0.3480,89768
SESCOM,20201109,25.2000,25.2000,25.0000,25.2000,395
SFINKS,20201109,0.2500,0.3400,0.2400,0.2990,757629
SILVAIR-REGS,20201109,8.3000,8.3000,7.7680,7.7680,3596
SILVANO,20201109,6.1000,6.1000,6.0000,6.0000,230
SIMPLE,20201109,10.3000,10.9000,10.3000,10.9000,1878
SKARBIEC,20201109,23.1000,23.8000,23.1000,23.5000,4013
SKOTAN,20201109,1.8500,1.8800,1.7800,1.8450,26847
SKYLINE,20201109,0.7300,0.7700,0.7300,0.7700,2465
SLEEPZAG,20201109,0.3820,0.4000,0.3820,0.4000,4005
SNIEZKA,20201109,87.6000,87.6000,85.2000,87.6000,95
SOLAR,20201109,3.1900,3.8500,2.9900,3.8500,29554
SONEL,20201109,9.5000,9.8500,9.4000,9.5500,2931
SOPHARMA,20201109,11.0000,13.2000,11.0000,12.5000,2110
STALEXP,20201109,2.6200,2.7500,2.6000,2.7200,149790
STALPROD,20201109,188.6000,199.0000,187.6000,199.0000,4782
STALPROFI,20201109,4.6100,5.4800,4.5000,5.4000,86849
STAPORKOW,20201109,2.5000,2.7000,2.5000,2.6000,13689
STARHEDGE,20201109,0.3900,0.4200,0.3900,0.4200,441
SUNEX,20201109,4.6700,5.0200,4.5600,4.8900,161635
SUWARY,20201109,16.0000,16.0000,16.0000,16.0000,5
SWISSMED,20201109,3.2500,3.5700,3.1000,3.3000,19926
SYGNITY,20201109,7.9200,8.0600,7.5400,7.8200,16186
SYNEKTIK,20201109,27.9000,31.7000,25.0000,28.7000,150174
TALEX,20201109,11.6500,11.6500,11.3000,11.6000,829
TAURONPE,20201109,1.9360,2.1100,1.8800,2.0860,6251747
TBULL,20201109,22.0000,22.0000,20.6000,21.5000,1934
TERMOREX,20201109,0.9600,0.9600,0.9600,0.9600,55
TESGAS,20201109,3.6400,3.9600,3.5200,3.8800,42846
TIM,20201109,14.5500,14.5500,14.0500,14.2500,24348
TORPOL,20201109,9.8800,10.3500,9.5200,10.2000,100955
TOWERINVT,20201109,12.4000,12.4000,12.4000,12.4000,650
TOYA,20201109,7.0000,7.0600,6.8600,7.0000,125202
TRAKCJA,20201109,1.4160,1.5500,1.4000,1.5000,302327
TRANSPOL,20201109,2.8400,2.8800,2.7900,2.8800,21557
TRIGONPP,20201109,42.2500,42.2500,42.2500,42.2500,102
TRIGONPP3,20201109,41.6000,42.2500,41.6000,42.2500,110
TRIGONPP4,20201109,42.0000,42.2500,42.0000,42.2500,181
TRIGONPP5,20201109,42.2500,42.2500,42.2500,42.2500,25
TRIGONPP6,20201109,42.0000,42.0000,42.0000,42.0000,112
TRIGONPP7,20201109,41.6000,41.6000,41.6000,41.6000,355
TRITON,20201109,2.2500,2.3200,2.1800,2.2800,6780
TSGAMES,20201109,660.0000,686.0000,595.0000,624.0000,27802
ULMA,20201109,46.2000,46.2000,46.2000,46.2000,95
ULTGAMES,20201109,27.0000,27.5000,26.3000,26.6000,28378
UNIBEP,20201109,7.7000,7.8800,7.6000,7.8800,1943
UNICREDIT,20201109,32.5000,34.2200,32.5000,34.1700,463
UNIMA,20201109,2.8800,2.8800,2.8200,2.8600,140
UNIMOT,20201109,25.6000,30.2500,24.1500,29.1000,138087
URSUS,20201109,0.6000,0.6550,0.5920,0.6170,494194
VENTUREIN,20201109,1.6000,1.6100,1.6000,1.6100,7887
VIGOSYS,20201109,535.0000,540.0000,520.0000,530.0000,1789
VINDEXUS,20201109,4.2600,4.8000,4.2400,4.8000,12039
VISTAL,20201109,2.4300,2.4400,2.2600,2.3700,270560
VIVID,20201109,1.9280,1.9280,1.8020,1.8400,28839
VOTUM,20201109,11.4000,12.3000,11.1000,12.0000,22702
VOXEL,20201109,44.2000,44.8000,40.5000,43.0000,6800
VRG,20201109,2.0000,2.3900,2.0000,2.2000,1124815
WARIMPEX,20201109,5.1200,5.1200,4.9100,4.9100,3202
WASKO,20201109,1.2250,1.2400,1.1800,1.2400,24455
WAWEL,20201109,550.0000,560.0000,542.0000,560.0000,286
WIELTON,20201109,4.0500,4.2900,3.8650,4.1500,256415
WIKANA,20201109,2.2600,2.3000,2.1200,2.2200,3553
WIRTUALNA,20201109,74.8000,79.4000,74.4000,77.2000,5315
WITTCHEN,20201109,6.4000,7.7400,6.2000,7.4000,59350
WOJAS,20201109,3.9800,4.0800,3.9200,4.0800,5081
WORKSERV,20201109,0.7660,0.8700,0.7500,0.8600,685973
XTB,20201109,17.5500,17.5500,16.1500,17.0000,931543
XTPL,20201109,72.0000,80.0000,71.8000,77.0000,1478
ZAMET,20201109,0.8400,0.8600,0.8300,0.8600,46786
ZASTAL,20201109,21.2000,25.0000,21.2000,23.4000,2894
ZEPAK,20201109,9.8000,10.0500,9.7600,9.9600,17951
ZPUE,20201109,133.0000,137.0000,120.0000,137.0000,1269
ZREMB,20201109,0.7500,0.7500,0.7150,0.7500,1503
ZUE,20201109,3.1200,3.3800,2.9800,3.3800,13341
ZYWIEC,20201109,476.0000,476.0000,470.0000,476.0000,94
INVESTORMS,20201109,3877.8900,3936.9100,3877.8900,3936.9100,692825.452
MWIG40,20201109,3539.5600,3643.0500,3525.5000,3623.4800,428301.835
MWIG40DVP,20201109,63.1100,63.1100,63.1100,63.1100,428301.835
MWIG40TR,20201109,4687.9600,4824.4300,4669.9900,4799.1100,428301.835
SWIG80,20201109,14004.3300,14349.0500,14001.9000,14349.0500,146781.733
SWIG80DVP,20201109,270.7600,270.7600,270.7600,270.7600,146781.733
SWIG80TR,20201109,18091.5400,18536.8700,18091.5400,18536.8700,146781.733
WIG,20201109,49431.7400,51064.1100,49088.8500,50827.4800,2760866.934
WIG-BANKI,20201109,3544.5400,3877.0100,3483.4600,3867.6700,359659.746
WIG-BUDOW,20201109,3006.6600,3034.3800,2990.1800,3034.3800,7367.028
WIG-CEE,20201109,1093.3000,1108.3300,1093.3000,1108.3300,6387.557
WIG-CHEMIA,20201109,6645.5000,7087.6300,6601.3500,7086.1900,7438.882
WIG-ENERG,20201109,1636.7200,1779.0700,1606.2800,1775.9800,56662.874
WIG-ESG,20201109,7904.8500,8275.5900,7830.1200,8215.8700,2160132.302
WIG-GORNIC,20201109,4226.8000,4377.0300,4179.8600,4233.8600,171834.522
WIG-INFO,20201109,3705.4000,3775.3400,3676.8700,3700.0100,13742.795
WIG-LEKI,20201109,6176.9200,6464.2400,5417.6700,5793.9900,61355.751
WIG-MEDIA,20201109,4870.5400,5223.6800,4849.9000,5130.4700,1084.107
WIG-MOTO,20201109,3459.9000,3486.4000,3424.5400,3452.3900,19257.919
WIG-NRCHOM,20201109,2079.2000,2121.0100,2065.6300,2100.5000,2943.894
WIG-ODZIEZ,20201109,3746.2200,4449.3300,3686.9500,4339.7400,111798.915
WIG-PALIWA,20201109,3610.9500,4026.7400,3543.1400,3996.7500,271908.377
WIG-POLAND,20201109,50489.7600,52080.2200,50489.7600,51957.8600,2749319.159
WIG-SPOZYW,20201109,3029.6500,3096.9700,3011.2800,3096.3700,8073.195
WIG-TELKOM,20201109,906.1200,924.1300,890.8500,903.0800,174862.342
WIG-UKRAIN,20201109,372.1000,374.4400,369.9700,374.4400,5536.062
WIG.GAMES,20201109,34111.2600,35106.3700,32583.2900,32880.8700,401280.654
WIG.MS-BAS,20201109,8621.2200,9221.2300,8449.4000,9109.5400,217983.075
WIG.MS-FIN,20201109,5375.7800,5826.5500,5275.1100,5821.3000,456376.032
WIG.MS-PET,20201109,4940.7600,5490.3100,4847.7800,5449.3400,273600.408
WIG20,20201109,1707.5200,1788.2700,1697.7800,1765.7100,2159000.140
WIG20DVP,20201109,10.3700,10.3700,10.3700,10.3700,2159000.140
WIG20LEV,20201109,319.8000,350.0000,316.1800,341.4700,2159000.140
WIG20SHORT,20201109,4203.9000,4228.1700,4001.9200,4058.9400,2159000.140
WIG20TR,20201109,3142.9800,3259.8900,3110.8000,3233.9900,2159000.140
WIG30,20201109,1959.8400,2042.2700,1938.5200,2031.0000,2228968.454
WIG30TR,20201109,3531.3100,3679.4500,3531.3100,3670.8800,2228968.454
WIGDIV,20201109,954.9500,981.5000,954.9500,979.4700,251724.149
WIGTECH,20201109,14772.4100,15097.0900,14600.0700,14646.9800,0.000
