06MAGNA,20201117,1.4600,1.4900,1.4000,1.4500,48222
11BIT,20201117,494.0000,495.0000,482.0000,489.5000,2985
4FUNMEDIA,20201117,5.1000,5.1000,4.7000,4.9000,2354
ABPL,20201117,32.7000,32.7000,32.0000,32.0000,4380
ACAUTOGAZ,20201117,37.9000,37.9000,37.1000,37.6000,353
ACTION,20201117,4.2900,4.3000,4.2300,4.3000,2712
ADIUVO,20201117,5.4000,5.6000,5.4000,5.6000,1670
AGORA,20201117,6.5000,6.7200,6.4000,6.5600,80914
AGROTON,20201117,4.8000,5.3000,4.8000,5.3000,149356
AIGAMES,20201117,16.8500,16.8500,16.1500,16.2000,14272
AILLERON,20201117,7.2200,7.4400,7.1600,7.4000,1822
AIRWAY,20201117,1.9800,2.0300,1.9000,2.0000,278549
ALIOR,20201117,17.2600,17.4900,16.7050,17.2600,705320
ALLEGRO,20201117,71.2000,71.4400,67.4000,67.8900,4080037
ALTA,20201117,1.1200,1.1800,1.1100,1.1500,206014
ALTUSTFI,20201117,0.8020,0.8400,0.7980,0.8400,67487
ALUMETAL,20201117,39.9000,40.2000,39.3000,40.0000,1669
AMBRA,20201117,18.0000,18.2000,17.8500,18.0000,857
AMICA,20201117,147.0000,151.6000,145.4000,149.0000,8235
AMREST,20201117,23.8500,25.0000,22.4000,23.9000,342880
APATOR,20201117,21.2000,21.5000,21.0000,21.3000,4630
APLISENS,20201117,10.8000,10.8000,9.5000,10.7000,5760
APSENERGY,20201117,1.7800,1.7950,1.7700,1.7800,3974
ARCHICOM,20201117,21.6000,22.5000,21.6000,22.2000,51573
ARCTIC,20201117,4.9300,5.5600,4.8700,5.1800,498959
ARTERIA,20201117,4.0600,4.0600,3.9800,3.9800,444
ARTIFEX,20201117,9.2000,9.2400,8.8400,9.2000,7897
ASBIS,20201117,7.4000,7.4400,7.2800,7.4100,237879
ASSECOBS,20201117,33.4000,33.4000,33.4000,33.4000,1368
ASSECOPOL,20201117,66.4000,66.7000,65.8000,65.9000,41679
ASSECOSEE,20201117,41.0000,41.8000,39.7000,40.0000,1941
ASTARTA,20201117,25.5000,27.7000,25.5000,26.4000,36809
ATAL,20201117,31.7000,31.7000,31.0000,31.7000,7728
ATENDE,20201117,3.0800,3.0800,2.9000,3.0800,13044
ATLANTAPL,20201117,6.1800,6.2000,6.1800,6.2000,250
ATLANTIS,20201117,0.7000,0.7140,0.7000,0.7140,13934
ATLASEST,20201117,1.2000,1.2000,1.2000,1.2000,400
ATMGRUPA,20201117,3.9000,3.9000,3.9000,3.9000,268
ATREM,20201117,2.0700,2.1200,1.9600,2.0000,86768
AUTOPARTN,20201117,8.0000,8.2800,7.8800,7.9000,89100
BAHOLDING,20201117,0.6560,0.6600,0.6000,0.6450,649284
BBIDEV,20201117,3.4400,3.5300,3.4400,3.4900,1301
BEDZIN,20201117,9.1500,9.3500,8.9000,9.3500,1541
BENEFIT,20201117,686.0000,700.0000,662.0000,689.0000,1687
BETACOM,20201117,10.5500,10.5500,10.5500,10.5500,25
BETAM40TR,20201117,52.0700,52.2200,51.6400,51.9000,9062
BETAW20LV,20201117,32.9500,33.1900,32.3800,32.4900,14749
BETAW20ST,20201117,408.2000,412.9000,407.2000,409.3000,4649
BETAW20TR,20201117,30.5950,30.7000,30.2200,30.7000,4172
BIK,20201117,11.6500,11.8500,11.6500,11.8500,714
BIOMEDLUB,20201117,14.0500,14.2500,13.1000,13.6500,961256
BIOTON,20201117,4.3200,4.3500,4.3100,4.3400,30955
BNPPBSK1022,20201117,981.0000,981.0000,981.0000,981.0000,41
BNPPGOLD0223,20201117,998.0000,998.0000,998.0000,998.0000,160
BNPPPL,20201117,44.9000,45.7000,44.8000,45.4000,3477
BNPPSOLE1221,20201117,1026.5000,1026.5000,1024.0000,1024.5000,208
BNPPSX5E0222,20201117,1010.0000,1010.0000,1010.0000,1010.0000,13
BNPPSXEP1024,20201117,66.1000,66.1000,66.1000,66.1000,1000
BNPPSXPP0221,20201117,975.0000,975.0000,975.0000,975.0000,278
BOGDANKA,20201117,17.5000,18.4400,17.5000,18.0600,36435
BOOMBIT,20201117,19.1000,19.1000,18.8000,18.9600,17406
BORYSZEW,20201117,2.9200,2.9300,2.8900,2.8900,128149
BOS,20201117,5.7400,5.8600,5.6000,5.7000,30502
BOWIM,20201117,2.1000,2.1000,2.0800,2.0800,5106
BRASTER,20201117,0.4900,0.5190,0.4900,0.5050,47340
BUDIMEX,20201117,250.5000,255.0000,250.0000,252.0000,3362
BUMECH,20201117,1.9750,1.9750,1.8950,1.9750,17102
CCC,20201117,56.6000,56.8000,53.8000,54.3600,565746
CDPROJEKT,20201117,360.0000,371.0000,359.2000,369.6000,293779
CDRL,20201117,14.4000,14.4000,14.0000,14.2500,1772
CEZ,20201117,81.0000,81.0000,79.8000,80.5000,354
CFI,20201117,0.1635,0.2260,0.1615,0.2260,2501432
CIECH,20201117,29.8000,31.3000,29.4000,31.0000,162094
CIGAMES,20201117,1.2640,1.2660,1.2060,1.2200,467187
CLNPHARMA,20201117,41.5500,42.2500,41.5500,42.2000,12108
CNT,20201117,12.9000,13.0000,12.9000,13.0000,43
COALENERG,20201117,0.5800,0.5800,0.5300,0.5800,14970
COGNOR,20201117,1.2200,1.2200,1.1650,1.2200,68427
COMARCH,20201117,205.0000,205.0000,198.0000,198.5000,589
COMP,20201117,52.2000,52.4000,51.0000,52.2000,1476
COMPERIA,20201117,2.5000,2.5000,2.5000,2.5000,100
CORMAY,20201117,1.4000,1.4000,1.3550,1.3850,431841
CPGROUP,20201117,6.5400,6.5800,6.4800,6.5800,1694
CYFRPLSAT,20201117,26.7200,27.1600,26.6600,26.8800,281866
CZTOREBKA,20201117,0.5300,0.5300,0.5300,0.5300,25
DATAWALK,20201117,210.0000,215.0000,200.0000,201.0000,4325
DEBICA,20201117,78.8000,80.2000,77.2000,77.6000,1768
DECORA,20201117,31.0000,31.0000,30.0000,30.5000,2424
DEKPOL,20201117,24.2000,25.6000,24.2000,25.6000,2253
DELKO,20201117,15.7000,16.4000,15.4000,16.4000,13677
DEVELIA,20201117,1.9180,1.9180,1.8400,1.8540,260945
DIGITREE,20201117,5.8500,5.8500,5.6500,5.6500,947
DINOPL,20201117,268.4000,271.6000,265.6000,270.4000,190835
DOMDEV,20201117,97.2000,98.4000,96.4000,96.4000,5492
DROZAPOL,20201117,1.6500,1.6500,1.6500,1.6500,1000
ECHO,20201117,4.1000,4.1000,3.9200,3.9500,22614
EDINVEST,20201117,3.3200,3.5000,3.3200,3.5000,1949
EFEKT,20201117,5.2500,5.2500,4.9000,4.9000,2001
EKOEXPORT,20201117,3.7800,3.9300,3.5200,3.6450,77456
ELBUDOWA,20201117,0.7520,0.9300,0.7400,0.9300,91725
ELEKTROTI,20201117,5.8600,6.2400,5.8600,6.1400,7889
ELEMENTAL,20201117,2.4000,2.4000,2.3850,2.4000,18008
ELKOP,20201117,0.2500,0.2580,0.2500,0.2570,64467
ELZAB,20201117,4.0000,4.1000,3.9400,4.0600,4651
EMCINSMED,20201117,13.5000,13.5000,12.2000,12.6000,1161
ENAP,20201117,1.4000,1.4000,1.4000,1.4000,2
ENEA,20201117,5.3900,5.4700,5.2600,5.3450,359848
ENELMED,20201117,17.4000,17.4000,17.4000,17.4000,5
ENERGA,20201117,8.3150,8.3200,8.2850,8.3150,528910
ENERGOINS,20201117,0.6100,0.6600,0.5900,0.6100,5658
ENTER,20201117,28.0000,29.8000,27.5000,29.7000,31701
ERBUD,20201117,20.8000,20.8000,20.3000,20.3000,28
ERG,20201117,40.0000,40.0000,40.0000,40.0000,7
ESOTIQ,20201117,9.9200,9.9600,9.9000,9.9600,1843
ETFDAX,20201117,555.2000,555.2000,553.0000,554.9000,133
ETFSP500,20201117,140.7800,141.0000,139.5000,139.8000,3228
ETFW20L,20201117,221.8000,221.9000,220.0000,220.2000,400
EUCO,20201117,4.3600,4.4500,4.3600,4.4000,4034
EUROCASH,20201117,14.8200,15.2000,14.1900,14.9300,685806
EUROTEL,20201117,23.9000,23.9000,22.7000,23.4000,7783
FAMUR,20201117,1.6500,1.6700,1.6100,1.6200,428323
FASING,20201117,10.1500,10.4000,10.0000,10.2500,5949
FEERUM,20201117,11.8000,11.8000,11.5000,11.5000,251
FERRO,20201117,17.9000,18.4000,17.9000,18.3000,5603
FERRUM,20201117,3.6000,4.2000,3.3000,3.5200,31775
FON,20201117,0.1060,0.1170,0.1060,0.1170,149272
FORTE,20201117,37.0000,37.0000,36.0000,36.0000,5829
GAMEOPS,20201117,26.2050,26.5000,25.0000,26.0000,835
GAMFACTOR,20201117,15.0500,15.9180,15.0500,15.0800,3515
GAMFACTOR-PDA,20201117,14.9000,14.9000,14.1000,14.7980,3354
GETIN,20201117,0.8400,0.8600,0.8250,0.8420,468062
GETINOBLE,20201117,0.1846,0.1850,0.1782,0.1840,1793773
GLCOSMED,20201117,5.0500,5.3000,5.0000,5.1000,38131
GPW,20201117,44.5000,44.7000,44.1500,44.2500,44929
GROCLIN,20201117,1.0050,1.0100,0.9800,1.0050,19242
GRODNO,20201117,13.0000,13.0000,12.0500,12.3000,125485
GRUPAAZOTY,20201117,25.5000,26.3000,25.3000,25.3000,73013
GTC,20201117,6.1600,6.2800,6.0600,6.2000,28380
HANDLOWY,20201117,34.4000,35.7000,34.3500,35.0000,27730
HARPER,20201117,14.2000,14.5000,13.7500,14.0000,50041
HELIO,20201117,10.3000,10.5000,10.3000,10.4000,362
HERKULES,20201117,1.2900,1.2900,1.2900,1.2900,506
HUBSTYLE,20201117,1.1600,1.1800,1.0600,1.1300,24644
HYDROTOR,20201117,29.0000,29.0000,29.0000,29.0000,175
I2DEV,20201117,9.7500,9.7500,9.7500,9.7500,130
IALBGR,20201117,0.2780,0.2800,0.2500,0.2500,5120
IDEABANK,20201117,1.6000,1.6100,1.5200,1.5980,126505
IDMSA,20201117,0.8200,0.8600,0.8200,0.8600,14164
IFCAPITAL,20201117,0.7500,0.7500,0.7500,0.7500,9020
IFIRMA,20201117,4.3000,4.4000,4.3000,4.4000,7926
IIAAV,20201117,65.0000,65.0000,65.0000,65.0000,80
IMCOMPANY,20201117,14.2000,15.0000,14.0000,14.7000,17219
IMMOBILE,20201117,2.4900,2.4900,2.4500,2.4700,297
IMPEL,20201117,12.2000,12.2000,12.0000,12.2000,970
IMPERA,20201117,1.2700,1.4000,1.2700,1.3700,118100
IMS,20201117,2.2400,2.4500,2.2000,2.4400,13154
INC,20201117,9.2000,9.3200,8.5000,8.7000,83720
INGBSK,20201117,161.8000,161.8000,158.8000,161.8000,24391
INPRO,20201117,4.6000,4.6000,4.3800,4.3800,1830
INSTALKRK,20201117,20.5000,21.0000,20.0000,20.8000,3940
INTERAOLT,20201117,15.2000,15.2000,15.0000,15.1500,11520
INTERCARS,20201117,249.0000,249.0000,229.0000,230.0000,1467
INTERFERI,20201117,3.2000,3.2000,3.2000,3.2000,1
INTERSPPL,20201117,1.0500,1.0900,1.0300,1.0300,9436
INTLALE35055,20201117,12.7600,13.1200,11.0600,12.2200,2492
INTLALE35063,20201117,18.3000,18.3000,15.6000,15.9600,1523
INTLALE35071,20201117,18.8000,18.8000,18.7400,18.7400,104
INTLALE35089,20201117,22.2500,23.1000,22.2500,23.1000,329
INTLALE35097,20201117,23.7000,23.7000,23.6000,23.6000,600
INTLBCO31294,20201117,109.2000,109.2000,109.2000,109.2000,540
INTLBCO31658,20201117,48.0000,48.0000,48.0000,48.0000,300
INTLBCO31682,20201117,55.6000,56.1000,55.6000,56.1000,281
INTLBCO35246,20201117,36.8000,36.8000,34.9500,34.9500,40
INTLBCO35691,20201117,30.1000,30.1000,27.2000,27.2000,180
INTLCCC30999,20201117,2.6300,2.6300,2.4500,2.4500,3384
INTLCCC31005,20201117,2.9700,2.9700,2.8000,2.8000,2000
INTLCDR30478,20201117,11.1400,11.8200,11.1400,11.6400,436
INTLCDR30486,20201117,12.9000,12.9000,12.7200,12.7200,1500
INTLCDR30726,20201117,10.1800,10.7400,10.1800,10.7400,300
INTLCDR35345,20201117,6.2300,6.6800,6.0000,6.6800,11782
INTLCDR35352,20201117,7.6200,8.2400,7.6200,8.2400,7396
INTLDAX31542,20201117,114.6000,116.4000,114.6000,115.2000,105
INTLDAX35592,20201117,47.7000,48.0500,44.1000,46.4500,1958
INTLDNP35493,20201117,6.1300,6.2700,6.1300,6.2700,267
INTLDOW33134,20201117,226.0000,226.0000,226.0000,226.0000,3
INTLEUD32227,20201117,43.9500,43.9500,43.9500,43.9500,11
INTLEUD33860,20201117,19.2600,19.3000,19.2600,19.3000,17
INTLEUR27599,20201117,20.2500,20.8500,20.1000,20.1000,393
INTLEUR28324,20201117,16.0800,16.0800,16.0800,16.0800,180
INTLEUR34603,20201117,12.4800,12.4800,12.2600,12.2600,240
INTLGBU34850,20201117,26.4000,28.7000,26.4000,28.3500,929
INTLGLD24166,20201117,173.6000,173.6000,173.6000,173.6000,6
INTLGLD30130,20201117,151.8000,151.8000,151.8000,151.8000,22
INTLGLD33464,20201117,44.7500,45.8500,44.5000,45.8000,5139
INTLGLD33472,20201117,57.3000,57.3000,57.3000,57.3000,20
INTLJSW28993,20201117,10.4800,12.5800,10.4800,12.4000,660
INTLJSW29884,20201117,9.8400,11.9000,9.8400,11.5800,92
INTLJSW32136,20201117,8.9800,11.4200,8.9800,9.9400,470
INTLJSW32144,20201117,8.1600,11.6600,8.1600,11.6600,429
INTLJSW35386,20201117,5.7500,9.7500,5.7400,8.4700,6642
INTLJSW35394,20201117,8.1900,9.6500,8.1900,9.2100,6230
INTLKGH32995,20201117,60.2000,60.2000,60.2000,60.2000,60
INTLKGH33951,20201117,57.2000,57.2000,53.8000,53.8000,16
INTLKGH34793,20201117,40.1000,44.1000,40.1000,40.1000,185
INTLKGH35436,20201117,35.9500,39.2000,35.9500,36.4500,242
INTLLTS34702,20201117,13.7200,13.8400,12.0000,12.0000,2522
INTLNAG33076,20201117,1.2600,1.2600,1.2600,1.2600,160
INTLNAG33779,20201117,2.5000,2.5000,2.3500,2.3500,155
INTLNDX12906,20201117,310.0000,310.0000,310.0000,310.0000,15
INTLNDX33621,20201117,70.5000,70.5000,70.5000,70.5000,50
INTLNDX34777,20201117,61.0000,61.0000,61.0000,61.0000,25
INTLNKX30825,20201117,328.0000,328.0000,328.0000,328.0000,5
INTLOPL21626,20201117,2.8500,2.8700,2.7900,2.7900,2500
INTLPAL25031,20201117,318.0000,318.0000,318.0000,318.0000,1
INTLPEO29439,20201117,24.7500,24.7500,24.7500,24.7500,20
INTLPEO35451,20201117,21.1000,21.1000,21.1000,21.1000,40
INTLPGE31427,20201117,2.5500,2.5500,2.5500,2.5500,1000
INTLPGE35329,20201117,1.6900,1.7800,1.6700,1.7800,10800
INTLPGE35337,20201117,2.0300,2.0300,2.0300,2.0300,1000
INTLPGN32615,20201117,1.2900,1.2900,1.2700,1.2700,1618
INTLPKN04101,20201117,20.4500,20.7500,18.8000,19.3400,4292
INTLPKN04119,20201117,22.2500,22.5000,21.1000,22.5000,2567
INTLPKN05496,20201117,17.8000,18.3200,15.9800,17.3200,10524
INTLPKO29413,20201117,13.5000,13.5000,13.5000,13.5000,101
INTLPKO30395,20201117,9.9800,10.0400,9.6400,10.0400,3700
INTLPKO35444,20201117,9.2200,9.2200,9.2200,9.2200,200
INTLPLA30288,20201117,12.9000,12.9000,12.9000,12.9000,300
INTLPLA31757,20201117,6.6100,7.1300,6.6100,7.1300,730
INTLPLA31765,20201117,7.6500,8.0600,7.6500,8.0600,190
INTLPLA35709,20201117,3.9400,3.9400,3.9400,3.9400,1000
INTLPZU15610,20201117,6.5400,6.9300,6.1800,6.7400,12776
INTLPZU15800,20201117,7.7400,8.2500,7.5100,8.2500,1910
INTLSLV33357,20201117,17.8200,17.8200,17.8200,17.8200,200
INTLSLV33381,20201117,26.6500,26.6500,26.6500,26.6500,10
INTLSLV34967,20201117,12.1200,12.4000,11.4400,11.7000,2015
INTLSLV35683,20201117,8.0300,9.2500,8.0300,8.8400,1627
INTLSPX23622,20201117,59.3000,59.3000,59.3000,59.3000,1
INTLSPX34900,20201117,17.5600,17.5600,17.1800,17.4600,329
INTLUSD20602,20201117,24.1000,25.1000,24.1000,25.1000,520
INTLUSD20842,20201117,42.0500,42.0500,42.0500,42.0500,20
INTLUSD21170,20201117,19.1400,20.6000,19.1400,20.2500,355
INTLUSD34256,20201117,14.7200,15.1400,14.0000,14.3800,429
INTLW2028688,20201117,4.7900,4.7900,4.7900,4.7900,20
INTLW2029892,20201117,3.7800,3.8000,3.7300,3.7900,11000
INTLW2030585,20201117,3.5400,3.5400,3.5100,3.5100,31300
INTLW2030593,20201117,3.7000,3.7000,3.7000,3.7000,5000
INTLW2035261,20201117,2.9600,2.9600,2.9600,2.9600,450
INTLW2035543,20201117,2.0200,2.0600,1.8900,2.0000,16375
INTLW2035550,20201117,2.1200,2.2100,2.1200,2.2100,4000
INTROL,20201117,4.2000,4.2200,3.8000,3.9200,109778
INTSALE35212,20201117,71.3000,73.6000,71.3000,73.2000,1614
INTSALE35220,20201117,83.3000,84.0000,83.3000,84.0000,111
INTSBCO28027,20201117,32.0500,32.0500,32.0500,32.0500,440
INTSBCO28308,20201117,26.4000,28.8000,26.4000,28.8000,38
INTSBCO34454,20201117,19.2600,21.4000,17.5800,19.8200,4994
INTSCCC23978,20201117,16.9200,16.9200,16.9200,16.9200,90
INTSCCC34207,20201117,3.1500,3.2500,3.1500,3.2500,1079
INTSCDR34124,20201117,19.3800,19.5600,19.0200,19.0200,1322
INTSCDR34801,20201117,12.2800,12.2800,11.4200,11.4200,7736
INTSDAX25783,20201117,32.3000,34.5000,31.6000,32.3000,3137
INTSDAX25825,20201117,44.4000,47.5000,43.9500,47.5000,1150
INTSDAX26591,20201117,57.0000,60.5000,57.0000,57.7000,436
INTSDAX26609,20201117,70.9000,73.0000,70.9000,72.0000,547
INTSDAX34330,20201117,19.0800,22.8500,19.0000,19.4000,17300
INTSDOW27128,20201117,66.9000,74.6000,66.9000,74.6000,29
INTSDOW33274,20201117,43.0000,51.0000,43.0000,51.0000,243
INTSDOW33282,20201117,92.0000,92.0000,89.7000,89.7000,505
INTSDOW33605,20201117,155.2000,167.6000,155.2000,167.6000,20
INTSEUD21246,20201117,14.5400,14.5400,14.0400,14.3200,199
INTSEUR29181,20201117,39.9000,39.9000,39.9000,39.9000,200
INTSEUR35527,20201117,17.2600,17.2600,17.2600,17.2600,7
INTSGBU21030,20201117,67.3000,67.3000,67.3000,67.3000,34
INTSGBU26971,20201117,34.3000,34.3000,34.3000,34.3000,50
INTSGBU31831,20201117,20.0500,20.0500,18.3000,18.3000,130
INTSGLD33316,20201117,90.8000,90.8000,90.8000,90.8000,150
INTSGLD34496,20201117,79.4000,79.4000,79.4000,79.4000,100
INTSGLD34504,20201117,69.0000,69.0000,68.0000,68.0000,122
INTSKGH33969,20201117,27.0000,29.3000,27.0000,29.3000,46
INTSLTS34041,20201117,22.1000,22.3500,22.1000,22.3500,400
INTSLTS34058,20201117,28.0500,28.0500,28.0500,28.0500,20
INTSNDX33225,20201117,31.8000,34.4500,31.7500,32.7500,5010
INTSNDX33233,20201117,46.4000,48.8000,46.4000,48.8000,1099
INTSNDX33241,20201117,61.8000,61.8000,61.8000,61.8000,300
INTSNKX27094,20201117,51.5000,55.5000,51.5000,55.5000,95
INTSPEO32326,20201117,16.3400,16.3400,16.1600,16.2200,783
INTSPEO32334,20201117,29.0000,29.0000,26.6000,27.8000,82
INTSPGE26989,20201117,3.6600,3.6600,3.6600,3.6600,700
INTSPGN34033,20201117,1.3000,1.3000,1.3000,1.3000,4100
INTSPKN27300,20201117,48.6500,48.6500,48.6500,48.6500,85
INTSPKN34173,20201117,18.1000,18.1200,17.4600,18.1200,540
INTSPKO23630,20201117,20.7000,20.7000,20.7000,20.7000,340
INTSPKO26997,20201117,17.2200,17.5200,17.2200,17.3400,1589
INTSPKO32300,20201117,4.0400,4.5000,3.7500,4.0200,7872
INTSPLA34488,20201117,4.7000,4.7000,4.2000,4.2000,300
INTSPLA34587,20201117,3.2600,3.2600,2.8600,2.8600,1540
INTSSPX34140,20201117,13.0200,13.2200,13.0200,13.2200,1265
INTSSPX34215,20201117,25.2000,25.9000,25.2000,25.9000,104
INTSSPX34413,20201117,7.1500,8.0800,7.1500,8.0800,4282
INTSSPX34439,20201117,38.9000,38.9000,38.9000,38.9000,255
INTSUSD29694,20201117,56.6000,56.6000,56.6000,56.6000,268
INTSUSD35428,20201117,25.4000,25.4000,25.4000,25.4000,1677
INTSUSD35535,20201117,19.0000,19.1000,18.8000,18.8000,390
INTSW2019596,20201117,7.9300,7.9300,7.9300,7.9300,100
INTSW2019976,20201117,10.4400,10.4400,10.4400,10.4400,100
INTSW2020875,20201117,6.0200,6.0200,5.9400,5.9400,100
INTSW2027078,20201117,4.2700,4.2800,4.2100,4.2100,1043
INTSW2027391,20201117,3.1300,3.1300,3.0800,3.0800,4450
INTSW2028464,20201117,1.7200,1.7200,1.5500,1.6700,2750
INTSW2028472,20201117,2.2400,2.2400,2.2400,2.2400,630
INTSW2028480,20201117,2.7000,2.7000,2.6000,2.6000,5630
INTSW2034280,20201117,0.9300,1.0600,0.8200,0.9200,73048
INTSW2034298,20201117,1.1700,1.2600,1.0700,1.1800,8649
INTSW2034306,20201117,1.4100,1.4700,1.3400,1.4000,11964
INVFIZ,20201117,955.0000,956.0000,952.1100,956.0000,20
INVGLDFIZ,20201117,1830.0000,1830.0000,1830.0000,1830.0000,1
INVISTA,20201117,0.3700,0.3700,0.3340,0.3500,20799
INVPEFIZ,20201117,854.1000,874.9400,854.1000,874.9400,42
IPOPEMA,20201117,3.9200,4.1400,3.7800,4.1400,37798
ITMTRADE,20201117,0.1400,0.1400,0.1300,0.1395,10138
IZOBLOK,20201117,29.9000,31.3000,29.9000,31.3000,110
IZOLACJA,20201117,1.5700,1.5700,1.4700,1.5700,5902
IZOSTAL,20201117,2.3100,2.4800,2.3100,2.4700,58154
JSW,20201117,19.7000,23.8000,19.2500,22.5600,3853432
JWCONSTR,20201117,3.0500,3.0500,3.0500,3.0500,15
K2INTERNT,20201117,20.0000,20.0000,18.9000,19.4000,2465
KCI,20201117,0.6680,0.6680,0.6460,0.6460,8603
KERNEL,20201117,43.0000,43.5000,42.6000,43.2000,13953
KETY,20201117,464.0000,464.0000,450.0000,450.0000,2397
KGHM,20201117,143.7500,148.3500,141.0000,142.6000,1063705
KGL,20201117,17.0500,17.7500,16.9500,17.6000,8537
KINOPOL,20201117,7.0500,7.2000,6.9000,7.2000,24926
KOGENERA,20201117,32.9000,32.9000,32.0000,32.8000,1827
KOMPAP,20201117,8.1500,9.4000,8.0000,8.0000,5945
KOMPUTRON,20201117,1.9900,1.9900,1.9050,1.9400,12700
KPPD,20201117,27.0000,27.8000,27.0000,27.8000,461
KREC,20201117,7.3000,7.3000,7.1600,7.3000,881
KREDYTIN,20201117,11.4000,11.4000,10.5000,11.4000,754
KRKA,20201117,370.0000,379.0000,366.0000,375.0000,551
KRUK,20201117,145.4000,148.5000,140.7000,141.0000,13803
KRUSZWICA,20201117,55.0000,55.8000,53.8000,55.0000,8844
KRVITAMIN,20201117,15.8500,15.8500,14.3000,15.0000,34524
KSGAGRO,20201117,2.4000,2.6600,2.2800,2.6600,285103
LABOPRINT,20201117,10.3000,10.4000,10.3000,10.4000,386
LARQ,20201117,1.7450,1.8400,1.7450,1.8300,1395
LENA,20201117,3.5700,3.6500,3.5300,3.6500,11840
LENTEX,20201117,9.6800,9.7000,9.5800,9.6800,2391
LIBET,20201117,2.0900,2.0900,1.9850,2.0000,112420
LIVECHAT,20201117,96.5000,97.5000,94.6000,95.5000,16245
LOKUM,20201117,12.0000,12.0000,11.4500,11.9500,704
LOTOS,20201117,34.7900,36.1800,33.6400,34.1900,1373090
LPP,20201117,7210.0000,7260.0000,6955.0000,7185.0000,1462
LSISOFT,20201117,12.7500,12.7500,12.4500,12.7500,2966
LUBAWA,20201117,1.5400,1.5400,1.4900,1.5100,181561
MABION,20201117,23.7000,24.2000,23.2000,23.7500,12257
MAKARONPL,20201117,5.7500,5.7500,5.5500,5.6000,10038
MANGATA,20201117,53.5000,54.0000,52.0000,52.0000,657
MARVIPOL,20201117,5.3800,5.4000,5.2600,5.3000,7888
MASTERPHA,20201117,4.2000,4.3600,4.2000,4.2000,2703
MAXCOM,20201117,12.1000,12.1000,11.8000,12.1000,1224
MBANK,20201117,171.0000,171.0000,164.2000,170.0000,85888
MBWS,20201117,6.0000,6.0000,5.6500,5.6700,254
MCI,20201117,14.5500,14.7000,14.3000,14.7000,4386
MDIENERGIA,20201117,3.7600,3.8400,3.7500,3.7800,10177
MEDIACAP,20201117,2.0900,2.0900,2.0900,2.0900,16327
MEDICALG,20201117,25.4500,25.4500,24.6000,24.9500,7215
MENNICA,20201117,20.2000,20.4000,20.0000,20.2000,1679
MERCATOR,20201117,440.0000,475.0000,415.0000,448.0000,133428
MERCOR,20201117,10.2500,10.3000,10.0000,10.2500,775
MEXPOLSKA,20201117,1.3100,1.3300,1.2400,1.3300,15060
MFO,20201117,21.6000,22.0000,21.2000,22.0000,579
MILKILAND,20201117,0.6300,0.7800,0.6300,0.7800,277298
MILLENNIUM,20201117,2.9400,2.9600,2.8500,2.8820,934890
MIRACULUM,20201117,1.1200,1.1350,1.1200,1.1350,5894
MIRBUD,20201117,2.5800,2.5800,2.4900,2.5200,163224
MLPGROUP,20201117,84.0000,84.0000,82.5000,82.5000,22
MLSYSTEM,20201117,83.8000,83.8000,78.4000,79.8000,23325
MOBRUK,20201117,328.0000,328.0000,328.0000,328.0000,20
MOJ,20201117,1.2200,1.2200,1.1500,1.2000,23860
MOL,20201117,23.7000,24.4400,23.7000,24.4200,3841
MONNARI,20201117,1.5650,1.5650,1.5000,1.5150,71337
MOSTALPLC,20201117,8.4000,8.4000,8.3400,8.4000,1111
MOSTALWAR,20201117,4.6700,4.6700,4.3000,4.4000,2896
MOSTALZAB,20201117,0.8840,0.8880,0.8700,0.8780,33565
MUZA,20201117,2.6000,2.8400,2.6000,2.8000,7135
MWTRADE,20201117,1.6100,1.6600,1.6000,1.6500,907
NANOGROUP,20201117,6.3500,6.4500,5.7000,5.9000,62665
NANOGROUP-PDA,20201117,5.3000,5.5000,5.1000,5.2500,86528
NETIA,20201117,4.7400,4.7700,4.6600,4.7700,65910
NEUCA,20201117,606.0000,615.0000,604.0000,612.0000,710
NEWAG,20201117,27.9000,28.0000,27.0000,27.3000,3611
NEXITY,20201117,20.0000,20.0000,19.3000,19.9000,21
NOVATURAS,20201117,9.8500,9.9000,9.8000,9.9000,858
NOVAVISGR,20201117,1.7200,1.7200,1.5500,1.6300,20086
NOVITA,20201117,140.0000,141.0000,139.5000,140.5000,1277
NOWAGALA,20201117,0.7720,0.8800,0.7720,0.8800,90755
NTTSYSTEM,20201117,2.9600,3.4900,2.8500,3.3300,65780
OAT,20201117,55.0000,55.0000,48.2000,48.6000,216754
ODLEWNIE,20201117,4.7400,4.7400,4.7000,4.7000,3007
OEX,20201117,15.7000,15.7000,15.4000,15.5000,465
OPENFIN,20201117,0.7000,0.7000,0.6860,0.6860,1900
OPONEO.PL,20201117,31.1000,32.3000,31.1000,31.7000,1026
OPTEAM,20201117,24.0000,24.6000,23.8000,24.2000,2130
ORANGEPL,20201117,6.3900,6.4500,6.2900,6.3300,1875565
ORCOGROUP,20201117,1.1616,1.2200,1.1500,1.2200,2453
OTLOG,20201117,4.0000,4.3600,3.9200,4.0400,16190
OTMUCHOW,20201117,1.5900,1.7000,1.4100,1.5600,21129
OVOSTAR,20201117,71.5000,71.5000,67.5000,67.5000,817
PAMAPOL,20201117,1.3400,1.4200,1.3400,1.4100,9092
PANOVA,20201117,10.7000,10.7000,10.1500,10.2000,1061
PATENTUS,20201117,0.9600,0.9600,0.9580,0.9600,4003
PBKM,20201117,79.0000,80.0000,79.0000,80.0000,883
PCCEXOL,20201117,4.1200,4.1200,3.9100,4.0500,211164
PCCROKITA,20201117,45.7000,46.3000,45.1000,46.3000,2537
PEKABEX,20201117,15.7500,15.9500,15.5000,15.6500,10660
PEKAO,20201117,56.9400,58.3400,55.4400,57.1800,1771036
PEMANAGER,20201117,15.5000,15.5000,14.8500,14.8500,253
PEP,20201117,50.4000,51.4000,50.4000,51.0000,4263
PEPEES,20201117,1.3700,1.3700,1.3100,1.3200,17652
PGE,20201117,6.0900,6.0900,5.8900,5.9900,2198281
PGNIG,20201117,4.6500,4.9650,4.6470,4.9440,5243263
PGO,20201117,1.1200,1.1200,1.1000,1.1000,5681
PGSSOFT,20201117,12.0000,12.5000,12.0000,12.0000,3165
PHARMENA,20201117,12.6000,12.7000,11.5000,12.2500,9153
PHN,20201117,10.4500,10.7500,10.1500,10.7500,2309
PKNORLEN,20201117,49.9900,51.8800,49.0100,50.3600,3527158
PKOASZEWZ,20201117,96.6100,98.2500,96.6100,98.2500,96
PKOBP,20201117,26.8100,26.9500,26.1700,26.8900,4295980
PKOGD,20201117,103.5000,104.3000,103.5000,104.3000,585
PKPCARGO,20201117,12.0800,12.2000,11.5000,11.8800,128465
PLASTBOX,20201117,1.8900,1.8900,1.7900,1.8800,20892
PLAY,20201117,38.5200,38.7600,38.5000,38.5200,111315
PLAYWAY,20201117,535.0000,543.0000,532.0000,539.0000,1914
PLAZACNTR,20201117,1.7800,1.7800,1.7800,1.7800,10
PMPG,20201117,1.9600,2.0000,1.9500,2.0000,6027
POLICE,20201117,11.5000,11.8000,11.5000,11.6000,1824
POLIMEXMS,20201117,2.3400,2.3700,2.2800,2.3150,272635
POLNORD,20201117,2.9100,2.9100,2.8600,2.9000,12168
POLWAX,20201117,3.4000,3.4000,3.3300,3.3400,84854
POZBUD,20201117,1.8100,1.8500,1.7900,1.8400,52283
PRAGMAFA,20201117,20.2000,20.2000,19.0000,20.0000,5737
PRAGMAINK,20201117,7.5000,7.5000,7.2000,7.5000,2692
PRAIRIE,20201117,0.5870,0.5950,0.5720,0.5900,379801
PRIMETECH,20201117,1.1000,1.1900,1.0500,1.1000,5455
PROCHEM,20201117,18.2000,18.2000,18.2000,18.2000,8
PROJPRZEM,20201117,16.4000,16.4000,15.2500,15.6000,1849
PROTEKTOR,20201117,4.3000,4.3000,4.0000,4.0800,42134
PROVIDENT,20201117,3.9900,4.1600,3.9500,4.0900,75745
PULAWY,20201117,82.0000,85.0000,82.0000,84.0000,565
PUNKPIRAT,20201117,0.7300,0.7300,0.6800,0.7100,30873
PZU,20201117,25.5800,25.9400,24.7300,25.5000,3710776
QMULTIFIZ,20201117,1208.8900,1209.9000,1200.0000,1200.0000,93
QUERCUS,20201117,3.1100,3.1800,3.1000,3.1000,23420
R22,20201117,32.9000,33.2000,32.2000,32.2000,15404
RADPOL,20201117,2.3700,2.3700,2.2300,2.2900,19754
RAFAKO,20201117,1.1460,1.1540,0.9400,1.0480,1797155
RAINBOW,20201117,19.0000,22.9000,18.8000,19.6000,84232
RANKPROGR,20201117,1.4200,1.4300,1.3300,1.4300,10934
RAWLPLUG,20201117,8.2800,8.8800,8.2800,8.8000,1397
RCDACAOPEN,20201117,27.7500,27.7500,27.7500,27.7500,25
RCESXPP0823,20201117,1045.5000,1045.5000,1045.5000,1045.5000,100
RCEW200325,20201117,997.0000,997.0000,997.0000,997.0000,100
RCFL10GOLD1,20201117,5.0900,5.0900,5.0900,5.0900,2000
RCFL10OIL2,20201117,3.8000,3.8000,3.8000,3.8000,665
RCFL10SILVE2,20201117,0.1900,0.1900,0.1900,0.1900,23501
RCFL2NAG2,20201117,5.2400,5.2400,5.2400,5.2400,300
RCFL2PKN1,20201117,5.6000,5.6000,5.6000,5.6000,1
RCFL2PLAT1,20201117,7.7500,7.9400,7.7200,7.9400,10501
RCFL2PZU1,20201117,6.9100,7.1500,6.9000,7.1500,3900
RCFL2SUGA2,20201117,8.1000,8.1000,8.1000,8.1000,200
RCFL2TEN,20201117,9.2900,9.2900,9.2900,9.2900,76
RCFL2W20,20201117,53.3000,53.6000,53.3000,53.6000,140
RCFL311B,20201117,4.7500,4.7500,4.7400,4.7400,800
RCFL3ALE,20201117,9.9900,10.0000,9.2200,9.4000,1230
RCFL3ALR,20201117,0.3500,0.3500,0.3500,0.3500,1000
RCFL3ALR1,20201117,8.2900,8.2900,8.2700,8.2700,250
RCFL3BPL,20201117,0.5100,0.5100,0.5100,0.5100,15
RCFL3CCC1,20201117,10.2000,10.2000,9.0000,9.0000,350
RCFL3CDPRO1,20201117,66.1000,67.9000,66.1000,67.9000,20
RCFL3COCO,20201117,5.1900,5.1900,5.1900,5.1900,300
RCFL3COCO1,20201117,7.5900,7.6000,7.5900,7.6000,3000
RCFL3COFF3,20201117,7.1300,7.1700,7.1300,7.1700,10717
RCFL3CORN2,20201117,14.2600,14.2800,14.2600,14.2800,260
RCFL3DBK,20201117,0.1000,0.1000,0.1000,0.1000,10000
RCFL3EAD,20201117,1.0900,1.0900,1.0900,1.0900,1
RCFL3EUH,20201117,0.9500,0.9500,0.9500,0.9500,3000
RCFL3GAMES,20201117,63.5000,63.5000,63.5000,63.5000,150
RCFL3JSW,20201117,0.2800,0.4600,0.2800,0.4000,2234908
RCFL3JSW1,20201117,11.4000,14.9400,11.4000,13.8800,3412
RCFL3KGH,20201117,5.9200,6.2600,5.6000,5.6100,2869
RCFL3LPP,20201117,78.7000,78.7000,78.7000,78.7000,20
RCFL3LTS1,20201117,0.2000,0.2000,0.1700,0.1800,267702
RCFL3MBK,20201117,1.2200,1.2200,1.2200,1.2200,23011
RCFL3NAG2,20201117,2.9200,2.9300,2.8700,2.8700,2200
RCFL3PALL3,20201117,1.1000,1.1200,1.1000,1.1200,1600
RCFL3PEO,20201117,0.9500,1.0300,0.9400,1.0000,72000
RCFL3PGE,20201117,0.1400,0.1400,0.1200,0.1200,19000
RCFL3PGN1,20201117,1.3500,1.3700,1.3400,1.3700,2550
RCFL3PKN,20201117,8.8200,9.3800,8.5000,8.5000,2354
RCFL3PKO,20201117,3.8300,4.1000,3.8300,4.0800,6900
RCFL3PLAT1,20201117,4.5300,4.5300,4.5300,4.5300,1000
RCFL3PLAT2,20201117,9.4300,9.7500,9.3200,9.7500,2600
RCFL3PLAY,20201117,3.8900,3.8900,3.8900,3.8900,11
RCFL3PZU,20201117,8.2300,9.1700,8.0300,8.8100,5258
RCFL3SILVE,20201117,6.3200,6.3200,6.3200,6.3200,3139
RCFL3SUGA3,20201117,5.8700,5.8700,5.8700,5.8700,200
RCFL3TOTF,20201117,2.3100,2.3100,2.3100,2.3100,10
RCFL3W20,20201117,23.0000,23.2500,22.7500,23.1000,915
RCFL4ALE,20201117,9.3500,10.2000,8.8100,9.5100,6360
RCFL4CDPRO,20201117,27.5500,29.2000,26.5000,29.2000,2731
RCFL4CDPRO1,20201117,4.6400,4.8900,4.6400,4.8900,392
RCFL4ESX,20201117,169.0000,169.2000,169.0000,169.2000,363
RCFL4FW202,20201117,1.6700,1.6700,1.6700,1.6700,100
RCFL4FW203,20201117,2.2200,2.2400,2.2200,2.2400,10850
RCFL4GAMES,20201117,56.7000,59.9000,55.6000,59.7000,583
RCFL4PEO1,20201117,5.8000,6.0700,5.8000,5.8200,2340
RCFL4PGE,20201117,5.6300,5.6300,5.6300,5.6300,1000
RCFL4PGN,20201117,0.3700,0.3700,0.3700,0.3700,10000
RCFL4PKN1,20201117,1.7800,1.8200,1.6000,1.7000,470871
RCFL4PKO,20201117,0.4500,0.4500,0.4500,0.4500,13000
RCFL4PKO1,20201117,10.4200,10.4200,10.2400,10.2400,220
RCFL4PLAT2,20201117,8.0500,8.5000,7.9400,8.3600,8003
RCFL4PZU,20201117,0.3500,0.3800,0.3500,0.3800,41000
RCFL4PZU1,20201117,5.7000,5.9700,5.3200,5.6700,4065
RCFL4SILVE2,20201117,9.0100,9.1000,8.9100,8.9100,550
RCFL5ALE,20201117,9.7600,9.7600,7.9600,8.0000,4455
RCFL5COFF4,20201117,6.6000,6.6000,6.6000,6.6000,400
RCFL5SILVE,20201117,1.3700,1.3700,1.3700,1.3700,500
RCFL5W20,20201117,10.9600,10.9600,10.7400,10.7400,3370
RCFL5WHT,20201117,4.5200,4.5200,4.5200,4.5200,1307
RCFL6COFF1,20201117,0.9300,0.9300,0.9300,0.9300,4000
RCFL6COFF2,20201117,2.0600,2.0600,2.0600,2.0600,1200
RCFL6COFF3,20201117,6.1700,6.1900,6.1700,6.1900,2000
RCFL6CORN,20201117,2.2400,2.2400,2.2400,2.2400,1000
RCFL6FW201,20201117,0.4700,0.4700,0.4700,0.4700,2500
RCFL6GOLD1,20201117,11.4200,11.4200,11.4200,11.4200,153
RCFL6NAG3,20201117,2.0300,2.0300,2.0300,2.0300,240
RCFL6SILVE,20201117,1.6200,1.6200,1.6200,1.6200,150
RCFL6W20,20201117,9.8000,10.1600,9.5100,10.0200,1850
RCFL6W201,20201117,0.3500,0.3500,0.3500,0.3500,500
RCFL7SILVE,20201117,0.3100,0.3100,0.3100,0.3100,10000
RCFL8COCO,20201117,0.8500,0.8500,0.8500,0.8500,2345
RCFL8COFF,20201117,0.1500,0.1500,0.1400,0.1400,20000
RCFL8COFF1,20201117,0.5000,0.5100,0.5000,0.5100,18538
RCFS10GOLD,20201117,0.0200,0.0200,0.0200,0.0200,200000
RCFS10OIL2,20201117,0.7400,0.8900,0.7400,0.8900,28725
RCFS10SILVE2,20201117,4.0900,4.0900,4.0900,4.0900,365
RCFS2KGH,20201117,2.9900,2.9900,2.9900,2.9900,480
RCFS2PKN,20201117,3.7500,3.7500,3.7500,3.7500,1000
RCFS2W20,20201117,57.5000,57.5000,57.5000,57.5000,20
RCFS3ALR,20201117,21.4000,21.4000,21.4000,21.4000,50
RCFS3ALR1,20201117,3.2300,3.2300,3.1100,3.2100,1950
RCFS3FDX,20201117,4.5200,4.5200,4.5200,4.5200,400
RCFS3KGH,20201117,0.1300,0.1300,0.1200,0.1200,324785
RCFS3KGH1,20201117,6.2700,6.8000,6.2700,6.7900,13844
RCFS3NAG2,20201117,4.0400,4.0400,4.0400,4.0400,500
RCFS3PEO,20201117,10.8600,11.0600,10.8600,11.0600,92
RCFS3PGE,20201117,1.0800,1.0800,1.0800,1.0800,1500
RCFS3PKN,20201117,0.1900,0.2000,0.1900,0.2000,20000
RCFS3PKN1,20201117,14.0400,14.0400,13.4800,13.4800,400
RCFS3PKO,20201117,3.4200,3.4200,3.2100,3.2700,2397
RCFS3TPE,20201117,0.7800,0.7800,0.7800,0.7800,300
RCFS3W20,20201117,27.7000,27.7000,26.8000,26.8000,150
RCFS4CDPRO1,20201117,1.9000,1.9000,1.9000,1.9000,18448
RCFS4ESX,20201117,0.3000,0.3000,0.3000,0.3000,5000
RCFS4KGH1,20201117,5.5500,5.5500,4.8600,5.5000,860
RCFS4PEO,20201117,8.4500,9.2700,8.0800,8.6400,850
RCFS4PGN,20201117,1.0800,1.0800,1.0800,1.0800,800
RCFS4PKN,20201117,8.2200,9.4600,8.2200,9.4600,1515
RCFS4PKO,20201117,3.8000,4.0500,3.6500,3.7600,9839
RCFS5FW20,20201117,3.3000,3.3000,3.3000,3.3000,5000
RCFS5SUGA,20201117,1.4800,1.5700,1.4300,1.5700,16300
RCFS5SUGA1,20201117,0.8500,0.8500,0.7900,0.8500,8500
RCFS6COFF1,20201117,2.1900,2.1900,2.1900,2.1900,1400
RCFS6CORN,20201117,1.7800,1.7800,1.7800,1.7800,560
RCFS6FW201,20201117,2.7900,2.7900,2.7900,2.7900,425
RCFS6SUGA,20201117,0.5900,0.5900,0.5900,0.5900,1200
RCFS6W201,20201117,2.4600,2.5600,2.4600,2.5000,19685
RCFS8OIL2,20201117,1.2900,1.4500,1.2900,1.4500,1184
RCGOIL1122,20201117,1028.0000,1028.0000,1028.0000,1028.0000,50
RCGTECBSK0222,20201117,1093.0000,1093.0000,1093.0000,1093.0000,50
RCGTECBSK0621,20201117,1081.0000,1081.0000,1081.0000,1081.0000,172
RCLMSPETAOPEN,20201117,58.0000,58.0000,58.0000,58.0000,28
RCLOILAOPEN,20201117,14.8000,14.8000,14.8000,14.8000,363
RCRBSPX0822,20201117,540.0000,540.0000,520.0000,520.0000,13
RCSDGP0421,20201117,1032.5000,1032.5000,1032.5000,1032.5000,20
RCSP5AOPEN,20201117,136.4000,136.4000,136.4000,136.4000,8
RCTLALE10,20201117,0.8900,0.9000,0.7100,0.7100,40000
RCTLALE8,20201117,2.0000,2.0000,2.0000,2.0000,210
RCTLALE9,20201117,1.4900,1.5200,1.3300,1.4300,33220
RCTLCOFF010,20201117,1.2200,1.2200,1.2200,1.2200,1500
RCTSJSW2,20201117,1.6900,1.6900,1.2900,1.4100,91900
RCTSKRU1,20201117,3.5900,4.2400,3.5900,4.2400,1600
RCWHTAOPEN,20201117,5.1300,5.1300,5.1300,5.1300,250
RCWHTAOPEN1,20201117,15.2000,15.2800,15.1600,15.1600,8000
REDAN,20201117,0.1720,0.1810,0.1720,0.1810,7782
REINO,20201117,1.4600,1.4600,1.4600,1.4600,2
RELPOL,20201117,5.0600,5.0800,5.0400,5.0800,47686
REMAK,20201117,10.2000,10.2000,9.9400,9.9400,506
RONSON,20201117,1.3500,1.3500,1.2800,1.3150,21319
ROPCZYCE,20201117,21.8000,22.5000,21.8000,21.8000,916
RYVU,20201117,54.0000,54.0000,50.6000,50.6000,6702
SANOK,20201117,14.1000,14.1000,13.7000,13.9000,9467
SANPL,20201117,175.7000,179.8000,172.8000,179.1000,88279
SANTANDER,20201117,13.0000,13.0000,10.1300,10.6200,79028
SANWIL,20201117,3.9600,3.9600,3.7000,3.7400,47606
SECOGROUP,20201117,14.1000,14.1000,13.7000,14.1000,676
SEKO,20201117,8.9000,8.9000,8.7000,8.7000,1212
SELENAFM,20201117,16.0000,16.4000,15.7000,15.9000,2642
SELVITA,20201117,43.6000,44.8000,42.5000,43.5000,8935
SERINUS,20201117,0.3200,0.3200,0.2920,0.3120,669406
SESCOM,20201117,25.2000,27.6000,25.2000,27.6000,340
SFINKS,20201117,0.3140,0.3160,0.3000,0.3100,33761
SILVAIR-REGS,20201117,7.9000,7.9000,7.9000,7.9000,22
SILVANO,20201117,6.4600,6.4600,6.1200,6.1200,218
SIMPLE,20201117,11.6000,11.7000,11.5000,11.7000,2697
SKARBIEC,20201117,27.7000,28.7000,27.1000,27.4000,27249
SKOTAN,20201117,1.8550,1.8550,1.7500,1.8400,31653
SKYLINE,20201117,0.6700,0.6700,0.6500,0.6500,900
SLEEPZAG,20201117,0.4000,0.4000,0.3940,0.3940,3800
SNIEZKA,20201117,92.0000,92.0000,91.4000,91.4000,285
SOLAR,20201117,3.9000,4.0900,3.8200,4.0000,4701
SONEL,20201117,9.6000,9.8500,9.5500,9.8000,895
SOPHARMA,20201117,12.0000,12.2000,11.9000,12.2000,117
STALEXP,20201117,3.1300,3.1400,3.0600,3.1000,26274
STALPROD,20201117,214.5000,219.0000,207.0000,215.0000,1823
STALPROFI,20201117,6.2000,6.2600,6.1200,6.2400,8419
STAPORKOW,20201117,2.5200,2.5800,2.4800,2.5800,8095
STARHEDGE,20201117,0.4050,0.4560,0.4050,0.4500,9938
SUNEX,20201117,4.8100,4.8500,4.5600,4.7900,28460
SUWARY,20201117,16.0000,16.0000,16.0000,16.0000,25
SWISSMED,20201117,3.5000,3.8200,3.3600,3.7000,19836
SYGNITY,20201117,8.3600,8.4000,8.1600,8.2600,22864
SYNEKTIK,20201117,27.3000,27.5000,26.2000,27.3000,14120
TALEX,20201117,11.6500,11.6500,11.6500,11.6500,10
TAURONPE,20201117,2.1400,2.1480,2.0500,2.1300,3548723
TBULL,20201117,21.4000,21.4000,20.9000,21.4000,1122
TERMOREX,20201117,0.9000,0.9000,0.9000,0.9000,9168
TESGAS,20201117,4.2600,4.2600,4.1600,4.2200,5759
TIM,20201117,14.8500,14.9000,14.3000,14.9000,12116
TORPOL,20201117,10.9000,10.9000,10.4500,10.6500,18305
TOYA,20201117,7.3000,7.3800,7.2400,7.3600,145189
TRAKCJA,20201117,1.7280,1.7880,1.6620,1.6620,272876
TRANSPOL,20201117,2.8800,2.8800,2.8300,2.8400,16432
TRIGONPP,20201117,43.4600,43.4600,43.4600,43.4600,141
TRIGONPP8,20201117,42.9000,42.9000,42.9000,42.9000,25
TRITON,20201117,2.2100,2.2900,2.2000,2.2000,1719
TSGAMES,20201117,550.0000,573.0000,540.0000,553.0000,45226
ULMA,20201117,46.0000,46.0000,44.4000,45.4000,868
ULTGAMES,20201117,30.0000,30.7500,28.4500,30.1000,13724
UNIBEP,20201117,8.2000,8.3800,8.1000,8.1000,2620
UNICREDIT,20201117,37.5000,38.0000,37.2650,38.0000,161
UNIMOT,20201117,35.0000,36.0500,33.6500,34.4000,36914
URSUS,20201117,0.6470,0.6640,0.6300,0.6470,181662
VENTUREIN,20201117,1.7100,1.7400,1.5800,1.7400,12567
VIGOSYS,20201117,530.0000,555.0000,515.0000,555.0000,327
VINDEXUS,20201117,4.7600,4.7900,4.7000,4.7900,2997
VISTAL,20201117,2.7700,2.9400,2.4950,2.8000,73586
VIVID,20201117,1.7600,1.7600,1.6900,1.7040,47302
VOTUM,20201117,12.8500,12.8500,12.4500,12.7000,13277
VOXEL,20201117,44.5000,44.5000,42.1000,42.1000,5394
VRG,20201117,2.5000,2.5100,2.4000,2.4300,145570
WASKO,20201117,1.2900,1.2950,1.2850,1.2950,2700
WAWEL,20201117,560.0000,560.0000,558.0000,560.0000,122
WIELTON,20201117,4.3000,4.3300,4.1200,4.2300,245169
WIKANA,20201117,2.1400,2.1400,2.1200,2.1400,3801
WIRTUALNA,20201117,77.2000,80.0000,76.4000,80.0000,13387
WITTCHEN,20201117,7.8600,8.2000,7.8400,8.0200,18147
WOJAS,20201117,5.7000,5.7000,4.9600,5.2500,25343
WORKSERV,20201117,0.8280,0.8900,0.8060,0.8300,485987
XTB,20201117,16.8500,16.9500,16.4000,16.5000,487875
XTPL,20201117,75.2000,76.0000,74.0000,76.0000,1251
ZAMET,20201117,0.8200,0.8400,0.8150,0.8300,42194
ZASTAL,20201117,30.0000,31.6000,28.0000,31.6000,8091
ZEPAK,20201117,9.9800,9.9800,9.8800,9.9800,2365
ZPUE,20201117,150.0000,150.0000,148.0000,148.0000,191
ZREMB,20201117,0.7450,0.7450,0.7100,0.7450,1502
ZUE,20201117,3.4000,3.5800,3.3600,3.4800,4405
ZYWIEC,20201117,490.0000,494.0000,490.0000,492.0000,107
INVESTORMS,20201117,4007.3800,4007.3800,3993.7500,3993.7500,342687.377
MWIG40,20201117,3726.1100,3728.1100,3684.3800,3698.1900,182549.973
MWIG40DVP,20201117,63.1100,63.1100,63.1100,63.1100,182549.973
MWIG40TR,20201117,4935.0300,4937.3200,4881.7100,4898.0600,182549.973
SWIG80,20201117,14888.5600,14918.6100,14779.4900,14803.8700,43375.175
SWIG80DVP,20201117,270.7600,270.7600,270.7600,270.7600,43375.175
SWIG80TR,20201117,19233.8400,19272.6600,19093.2900,19124.4300,43375.175
WIG,20201117,51776.9500,52011.3200,51409.3900,51781.8000,1594617.681
WIG-BANKI,20201117,4449.0300,4483.8800,4378.9100,4476.6800,268567.588
WIG-BUDOW,20201117,3053.3100,3082.0200,3051.3200,3064.1200,4154.653
WIG-CEE,20201117,1145.8800,1161.8300,1145.8800,1161.8300,4179.181
WIG-CHEMIA,20201117,7136.7100,7327.9100,7114.3700,7195.3100,7245.626
WIG-ENERG,20201117,1810.7100,1811.3000,1771.0700,1793.1500,29328.250
WIG-ESG,20201117,8567.8000,8636.7600,8506.7800,8599.5800,1249150.174
WIG-GORNIC,20201117,4416.0000,4569.6000,4369.9400,4418.9800,240357.192
WIG-INFO,20201117,3740.0700,3743.3500,3679.7400,3682.2100,6197.480
WIG-LEKI,20201117,5484.4300,5484.4300,5377.6600,5461.3100,14939.258
WIG-MEDIA,20201117,5194.4900,5339.3200,5163.4600,5339.3200,1854.398
WIG-MOTO,20201117,3974.1700,3974.1700,3759.7800,3776.9000,1766.126
WIG-NRCHOM,20201117,2190.6700,2194.5600,2164.4600,2172.6800,3111.246
WIG-ODZIEZ,20201117,4247.3700,4250.6400,4106.5900,4201.2600,43738.418
WIG-PALIWA,20201117,4241.1100,4381.8600,4234.4900,4329.8900,253664.686
WIG-POLAND,20201117,52951.7100,52951.7100,52747.1500,52884.3400,1587333.182
WIG-SPOZYW,20201117,3240.9400,3277.3300,3222.5400,3255.0100,4594.936
WIG-TELKOM,20201117,892.8700,900.4400,889.9300,893.0800,24093.249
WIG-UKRAIN,20201117,414.2300,414.2300,413.1500,414.0200,3383.137
WIG.GAMES,20201117,31104.6500,31616.4400,30927.4900,31405.4700,135723.768
WIG.MS-BAS,20201117,9403.5400,9560.3800,9251.6900,9404.2300,262013.697
WIG.MS-FIN,20201117,6599.5500,6661.5700,6455.6200,6623.1000,338538.182
WIG.MS-PET,20201117,5684.5700,5883.6800,5667.4700,5818.7900,258842.149
WIG20,20201117,1797.5700,1801.7300,1775.9100,1793.5600,1354565.657
WIG20DVP,20201117,10.3700,10.3700,10.3700,10.3700,1354565.657
WIG20LEV,20201117,353.5400,355.1800,345.0100,351.9600,1354565.657
WIG20SHORT,20201117,3983.0400,4030.9500,3973.8300,3991.9100,1354565.657
WIG20TR,20201117,3279.1100,3297.6300,3254.8600,3285.0000,1354565.657
WIG30,20201117,2078.7400,2085.9300,2056.3000,2075.2200,1403433.732
WIG30TR,20201117,3754.5100,3754.5100,3738.6700,3750.8100,1403433.732
WIGDIV,20201117,987.5700,999.9800,986.3200,992.9800,217902.942
WIGTECH,20201117,14358.4800,14421.1300,14292.3300,14304.0700,0.000
