06MAGNA,20201214,1.4800,1.5900,1.4400,1.5000,103935
11BIT,20201214,471.5000,471.5000,435.5000,460.0000,25740
4FUNMEDIA,20201214,4.8100,4.8100,4.6200,4.6200,514
ABPL,20201214,32.4000,33.0000,31.4000,31.5000,2662
ACAUTOGAZ,20201214,36.1000,36.5000,35.8000,36.2000,1229
ACTION,20201214,5.0000,5.0000,4.9000,4.9800,26727
ADIUVO,20201214,5.2000,5.2000,4.8000,4.8000,1375
AGORA,20201214,7.0000,7.0000,6.9000,6.9600,47217
AGROTON,20201214,4.4200,4.4200,4.2200,4.3900,13338
AIGAMES,20201214,13.7000,13.7000,11.5500,13.5000,44716
AILLERON,20201214,10.4000,11.4000,10.4000,11.3000,35405
AIRWAY,20201214,1.6200,1.6750,1.5800,1.6200,220666
ALIOR,20201214,17.8200,17.9600,17.3000,17.3650,254000
ALLEGRO,20201214,80.0000,84.7000,79.3100,83.6500,1868710
ALTA,20201214,1.3900,1.3900,1.2700,1.3400,54446
ALTUSTFI,20201214,0.8900,0.8900,0.8600,0.8900,22693
ALUMETAL,20201214,44.9000,45.4000,44.5000,45.0000,5632
AMBRA,20201214,18.9500,19.0000,18.5500,18.5500,3179
AMICA,20201214,142.2000,143.8000,140.2000,140.6000,2409
AMREST,20201214,26.2000,26.8500,24.2000,25.2000,293275
APATOR,20201214,22.5000,22.6000,22.3000,22.3000,4222
APLISENS,20201214,11.5000,11.5000,10.8000,11.2000,782
APSENERGY,20201214,1.6800,1.6800,1.6100,1.6600,15836
ARCHICOM,20201214,20.1000,20.5000,20.1000,20.5000,31367
ARCTIC,20201214,5.4600,5.4600,5.2800,5.4000,50400
ARTERIA,20201214,4.0400,4.0400,4.0400,4.0400,2
ARTIFEX,20201214,8.7600,8.7600,8.1000,8.4800,10595
ASBIS,20201214,6.5300,6.6000,6.2000,6.2900,234373
ASSECOBS,20201214,36.0000,36.0000,34.8000,35.6000,3235
ASSECOPOL,20201214,66.0000,66.3000,65.3000,65.8000,160512
ASSECOSEE,20201214,38.7000,38.8000,38.7000,38.7000,11885
ASTARTA,20201214,24.5000,24.6000,23.2000,23.2000,12982
ATAL,20201214,32.3000,32.3000,31.0000,31.7000,1307
ATENDE,20201214,3.5400,3.5400,3.4400,3.4800,9983
ATLANTAPL,20201214,6.3200,6.3200,6.3200,6.3200,30
ATLANTIS,20201214,0.7100,0.7100,0.7000,0.7100,23942
ATLASEST,20201214,1.3350,1.3350,1.3350,1.3350,1351
ATMGRUPA,20201214,4.1000,4.1000,3.9000,3.9000,1335
ATREM,20201214,2.1600,2.1600,2.0700,2.1000,8814
AUTOPARTN,20201214,7.6200,7.7800,7.5800,7.6600,9738
BAHOLDING,20201214,0.7540,0.8500,0.7200,0.8280,3486437
BBIDEV,20201214,3.8000,3.8300,3.7700,3.7700,824
BEDZIN,20201214,9.9500,9.9500,9.9000,9.9500,2780
BENEFIT,20201214,750.0000,752.0000,735.0000,750.0000,370
BEST,20201214,17.4000,17.4000,17.4000,17.4000,1
BETACOM,20201214,10.2000,10.2000,10.2000,10.2000,5
BETAM40TR,20201214,52.6500,52.8300,52.1200,52.2300,4481
BETAW20LV,20201214,38.5000,38.8800,37.5000,38.2600,15274
BETAW20ST,20201214,377.3000,379.4000,373.4000,376.9000,2338
BETAW20TR,20201214,33.2350,33.4000,32.6000,33.1100,8597
BIK,20201214,14.2500,15.0000,14.2000,15.0000,3917
BIOMEDLUB,20201214,10.9000,10.9500,9.9000,10.0500,1095556
BIOTON,20201214,4.4000,4.4000,4.1600,4.2000,184382
BNPPBSK1124,20201214,1005.0000,1005.0000,1005.0000,1005.0000,54
BNPPPL,20201214,55.8000,55.8000,54.0000,54.8000,797
BNPPSOGO1021,20201214,1053.5000,1053.5000,1053.5000,1053.5000,100
BNPPSOLE1221,20201214,1027.0000,1027.5000,1027.0000,1027.5000,240
BNPPSX5E0222,20201214,1009.5000,1009.5000,1009.5000,1009.5000,300
BNPPSXPP0221,20201214,1028.0000,1030.0000,1028.0000,1030.0000,165
BNPPSXPP0421,20201214,1053.0000,1055.5000,1050.0000,1050.0000,310
BOGDANKA,20201214,18.9000,19.1400,18.7000,19.0400,34297
BOOMBIT,20201214,16.8000,16.9800,15.3000,15.8600,29269
BORYSZEW,20201214,3.1300,3.1300,3.0200,3.0500,86617
BOS,20201214,6.1200,6.1200,5.9000,6.1000,14090
BOWIM,20201214,2.5400,2.5400,2.4400,2.5000,4513
BRASTER,20201214,0.4320,0.4480,0.4200,0.4480,151091
BUDIMEX,20201214,278.5000,279.0000,276.0000,278.0000,6262
BUMECH,20201214,1.8800,1.9300,1.8100,1.8550,46421
CCC,20201214,71.5200,73.2600,65.1800,70.1400,553730
CDPROJEKT,20201214,265.0000,298.0000,238.5000,296.1000,5364891
CDRL,20201214,16.2000,16.8000,15.9500,15.9500,969
CELTIC,20201214,6.8000,6.8000,6.8000,6.8000,200
CEZ,20201214,78.8000,78.9000,78.5000,78.9000,485
CFI,20201214,0.2400,0.2440,0.2300,0.2380,120171
CIECH,20201214,31.0000,31.4000,30.4500,30.9000,77510
CIGAMES,20201214,1.2800,1.2860,1.2280,1.2780,1404085
CITYSERV,20201214,7.4000,7.7380,7.4000,7.7380,155
CLNPHARMA,20201214,41.1000,41.6000,40.3500,40.9500,12262
CNT,20201214,13.0000,13.4000,12.4000,13.3000,10161
COALENERG,20201214,0.6800,0.6800,0.6150,0.6600,191017
COGNOR,20201214,1.5350,1.5500,1.4650,1.5000,197753
COMARCH,20201214,197.5000,197.5000,192.0000,193.0000,706
COMP,20201214,55.0000,58.0000,54.0000,56.0000,3058
COMPERIA,20201214,2.9200,3.0000,2.9000,3.0000,3560
CORMAY,20201214,1.2500,1.2550,1.1900,1.2400,511075
CPGROUP,20201214,6.7800,7.0000,6.1400,7.0000,10429
CYFRPLSAT,20201214,28.2000,28.4800,27.9200,28.0000,284034
CZTOREBKA,20201214,0.7050,0.7800,0.7050,0.7650,1537
DATAWALK,20201214,190.0000,194.0000,181.5000,191.0000,7419
DEBICA,20201214,77.6000,77.6000,76.8000,77.6000,1427
DECORA,20201214,31.0000,31.4000,30.5000,31.1000,1270
DEKPOL,20201214,27.6000,27.8000,27.0000,27.8000,1909
DELKO,20201214,15.7000,15.7000,15.2000,15.6000,10159
DEVELIA,20201214,1.9420,1.9420,1.8920,1.9380,43424
DGA,20201214,4.8200,5.0400,4.8200,5.0400,150
DIGITREE,20201214,6.4000,6.4000,5.8000,6.1500,1050
DINOPL,20201214,257.0000,268.8000,256.0000,263.0000,136194
DOMDEV,20201214,105.0000,105.0000,102.0000,102.0000,800
DROZAPOL,20201214,1.7100,1.7100,1.6100,1.6150,1830
ECHO,20201214,4.0500,4.1000,3.9800,3.9900,64313
EDINVEST,20201214,4.2400,4.3800,3.8200,4.2000,13572
EFEKT,20201214,5.0500,5.1000,4.9600,5.1000,4751
EKOEXPORT,20201214,3.4950,3.4950,3.2000,3.3000,84396
ELBUDOWA,20201214,0.8500,0.8680,0.8200,0.8400,22346
ELEKTROTI,20201214,5.7800,5.9400,5.7800,5.9400,430
ELEMENTAL,20201214,2.4050,2.4150,2.4050,2.4150,37652
ELKOP,20201214,0.2560,0.2660,0.2500,0.2660,196317
ELZAB,20201214,5.6000,5.9000,5.2500,5.7000,11910
EMCINSMED,20201214,15.2000,15.2000,15.0000,15.0000,168
ENAP,20201214,1.4500,1.4500,1.4500,1.4500,2
ENEA,20201214,6.3500,6.5100,6.1500,6.3650,818288
ENELMED,20201214,21.0000,21.0000,20.0000,20.0000,742
ENERGA,20201214,7.8700,7.9700,7.8700,7.9500,103177
ENERGOINS,20201214,0.7320,0.7620,0.7320,0.7620,10276
ENTER,20201214,35.6000,35.6000,32.3000,34.3000,19416
ERBUD,20201214,22.4000,23.5000,22.3000,23.5000,5805
ERG,20201214,41.8000,41.8000,41.8000,41.8000,1
ESOTIQ,20201214,14.0000,14.0000,13.8000,13.9500,1530
ETFDAX,20201214,550.5000,554.4000,549.3000,550.5000,260
ETFSP500,20201214,137.5200,138.0000,136.8000,137.7200,2729
ETFW20L,20201214,241.5000,242.1000,239.0000,240.9000,1221
EUCO,20201214,4.2900,4.2900,4.0500,4.0500,1664
EUROCASH,20201214,14.0200,14.1300,13.7900,14.0400,251230
EUROTEL,20201214,27.2000,27.4000,26.6000,26.9000,12091
FAMUR,20201214,1.9500,1.9500,1.8900,1.9380,355819
FASING,20201214,10.5000,10.5000,10.3500,10.3500,1997
FEERUM,20201214,10.3000,10.3000,10.2000,10.2000,103
FERRO,20201214,24.0000,24.0000,23.1000,23.1000,2726
FERRUM,20201214,3.1200,3.1400,3.1200,3.1200,326
FON,20201214,0.1070,0.1100,0.1040,0.1100,257407
FORTE,20201214,39.2000,41.2000,38.6000,38.8000,1589
GAMEOPS,20201214,22.8900,22.8900,21.5600,22.1500,3806
GAMFACTOR,20201214,15.0000,15.0000,14.2000,14.3500,6339
GAMFACTOR-PDA,20201214,14.3320,14.4980,13.5120,13.9500,5557
GETIN,20201214,0.9195,0.9195,0.8700,0.8860,412327
GETINOBLE,20201214,0.2470,0.2490,0.2400,0.2420,1445466
GLCOSMED,20201214,4.1200,4.1400,3.8200,3.9400,79303
GPW,20201214,43.5000,43.9500,43.2500,43.9500,24085
GROCLIN,20201214,1.0200,1.0550,1.0200,1.0550,18430
GRODNO,20201214,12.0000,12.1000,11.7000,11.9000,32563
GRUPAAZOTY,20201214,27.5000,28.1000,26.7000,27.1500,80686
GTC,20201214,6.8800,6.9000,6.7400,6.8000,12625
HANDLOWY,20201214,36.7500,37.6500,36.2000,36.6000,19833
HARPER,20201214,12.2000,12.2000,11.0000,11.3000,53005
HELIO,20201214,11.0000,11.0000,11.0000,11.0000,2
HERKULES,20201214,1.3300,1.3550,1.2950,1.3500,15153
HMINWEST,20201214,11.2000,11.2000,11.1000,11.1000,630
HUBSTYLE,20201214,1.1900,1.2500,1.1900,1.2100,70847
HYDROTOR,20201214,27.8000,28.4000,27.0000,27.6000,3602
IALBGR,20201214,0.2660,0.3000,0.2660,0.2700,36322
IDEABANK,20201214,1.6600,1.6700,1.5900,1.5900,78270
IDMSA,20201214,1.1400,1.2000,1.1300,1.2000,13307
IFIRMA,20201214,5.4000,5.5400,5.2400,5.2600,3994
IIAAV,20201214,73.0000,73.0000,73.0000,73.0000,25
IMCOMPANY,20201214,16.4500,16.4500,16.1500,16.4500,3262
IMMOBILE,20201214,2.3900,2.4700,2.3900,2.3900,103
IMPEL,20201214,13.0000,13.9500,12.9500,13.4500,55605
IMPERA,20201214,1.8000,1.9500,1.7500,1.9500,37969
IMS,20201214,2.6100,2.6100,2.4000,2.5000,16293
INC,20201214,6.9600,6.9800,6.4200,6.6800,94047
INGBSK,20201214,159.0000,159.0000,156.0000,157.0000,3451
INPRO,20201214,4.7000,4.7000,4.6400,4.6400,109
INSTALKRK,20201214,19.8000,20.1000,19.3500,19.9500,2834
INTERAOLT,20201214,15.6500,15.7500,15.5000,15.7000,12170
INTERCARS,20201214,230.0000,239.0000,227.0000,228.0000,1286
INTERSPPL,20201214,1.3200,1.3900,1.3200,1.3500,7773
INTLALE35055,20201214,24.8500,27.9000,24.8500,27.1000,172
INTLALE35071,20201214,33.3500,33.3500,33.3500,33.3500,10
INTLALE35097,20201214,36.9500,39.5500,36.9500,39.0500,45
INTLALE36046,20201214,18.6800,22.1000,18.6800,22.0000,796
INTLBCO31179,20201214,105.6000,105.6000,105.0000,105.0000,100
INTLBCO31724,20201214,97.0000,97.0000,97.0000,97.0000,2
INTLBCO35238,20201214,55.5000,55.5000,55.5000,55.5000,15
INTLBCO35246,20201214,59.9000,59.9000,59.9000,59.9000,10
INTLBCO35691,20201214,52.3000,52.3000,52.3000,52.3000,10
INTLBCO36160,20201214,37.3500,37.3500,37.0000,37.0000,3352
INTLCCC30999,20201214,3.9300,3.9300,3.9300,3.9300,49
INTLCCC31005,20201214,4.5800,4.5800,4.1000,4.2800,1150
INTLCCC36475,20201214,2.3200,2.3200,2.1400,2.2700,3734
INTLCCC36483,20201214,3.1000,3.1000,3.1000,3.1000,1000
INTLCCC36491,20201214,3.8100,3.8100,3.8100,3.8100,300
INTLCDR22277,20201214,15.5400,17.0000,15.5400,17.0000,240
INTLCDR22285,20201214,16.2000,16.2000,16.2000,16.2000,100
INTLCDR22392,20201214,12.7000,16.1000,12.5000,16.1000,36
INTLCDR22509,20201214,10.2600,14.7600,10.2600,14.6400,3154
INTLCDR22517,20201214,12.4800,14.9800,12.4800,14.9800,1314
INTLCDR22848,20201214,9.6000,13.5200,9.0000,13.4400,32499
INTLCDR22855,20201214,12.1000,12.8200,12.1000,12.8200,200
INTLCDR22863,20201214,12.4400,14.3800,12.3400,14.3800,7876
INTLCDR23192,20201214,7.9500,11.3200,7.3500,11.3200,26498
INTLCDR23200,20201214,8.7900,12.7000,8.7900,12.7000,63737
INTLCDR28951,20201214,5.5700,10.0000,5.5000,9.8900,90308
INTLCDR28969,20201214,6.4300,10.5000,6.2300,10.5000,30239
INTLCDR29850,20201214,5.0400,5.0400,5.0400,5.0400,110
INTLCDR30494,20201214,3.9700,3.9700,3.9700,3.9700,80
INTLDAX29967,20201214,196.4000,196.4000,196.4000,196.4000,1
INTLDAX35618,20201214,70.1000,70.1000,70.1000,70.1000,20
INTLDAX35923,20201214,28.3500,31.4000,27.1000,30.6000,11844
INTLDAX35931,20201214,41.7000,41.7000,41.7000,41.7000,50
INTLDNP35493,20201214,5.6600,6.2200,5.6600,5.7800,6802
INTLDOW30007,20201214,430.5000,430.5000,430.5000,430.5000,1
INTLDOW30833,20201214,360.5000,360.5000,360.5000,360.5000,2
INTLDOW36558,20201214,80.2000,80.2000,80.2000,80.2000,6
INTLESX00778,20201214,66.6000,66.6000,66.6000,66.6000,18
INTLEUD30049,20201214,89.7000,89.7000,89.7000,89.7000,30
INTLEUD32227,20201214,52.0000,52.0000,52.0000,52.0000,11
INTLEUR25650,20201214,28.7500,28.7500,28.7500,28.7500,35
INTLEUR26823,20201214,41.4000,41.4000,41.4000,41.4000,60
INTLGBP32250,20201214,22.9500,23.8500,20.8000,20.8000,1252
INTLGBP32722,20201214,30.0500,30.0500,28.4500,28.4500,425
INTLGBU31815,20201214,81.0000,81.0000,81.0000,81.0000,66
INTLGBU34850,20201214,31.8500,33.0000,29.4000,29.4000,778
INTLGBU34868,20201214,45.0500,45.0500,45.0500,45.0500,6
INTLGLD24166,20201214,143.0000,143.0000,140.8000,140.8000,200
INTLGLD30148,20201214,276.0000,276.0000,276.0000,276.0000,2
INTLGLD33092,20201214,52.6000,58.6000,52.6000,58.6000,187
INTLGLD33100,20201214,44.9500,46.4500,42.5000,44.5000,1082
INTLHSC14472,20201214,42.1000,42.1000,42.1000,42.1000,5
INTLJSW28993,20201214,17.6200,17.6200,17.6200,17.6200,1000
INTLJSW32136,20201214,15.9200,15.9200,14.1400,14.4400,1069
INTLJSW32144,20201214,16.9400,16.9400,16.9400,16.9400,60
INTLJSW35386,20201214,14.0000,14.0000,11.9200,12.2000,4620
INTLJSW35394,20201214,13.1600,13.1600,13.1600,13.1600,337
INTLJSW36020,20201214,11.6400,11.6400,9.6000,9.7900,11192
INTLJSW36038,20201214,10.9000,10.9000,10.9000,10.9000,500
INTLKGH33936,20201214,80.9000,80.9000,80.9000,80.9000,100
INTLKGH33951,20201214,93.9000,93.9000,93.9000,93.9000,10
INTLKGH34793,20201214,78.6000,78.6000,78.6000,78.6000,8
INTLKGH35782,20201214,63.2000,63.2000,60.5000,60.5000,130
INTLKGH36228,20201214,56.9000,56.9000,51.8000,51.8000,29
INTLLTS34702,20201214,22.6000,22.6000,20.5000,20.5000,763
INTLLTS36509,20201214,20.1500,20.3500,18.7800,19.2400,445
INTLNAG34462,20201214,4.8300,4.8300,4.7500,4.7500,2880
INTLNAG36616,20201214,3.1100,3.1100,3.1100,3.1100,500
INTLNAG36624,20201214,3.7700,3.7700,3.7700,3.7700,132
INTLNDX31906,20201214,151.4000,155.2000,151.4000,155.2000,7
INTLNDX32979,20201214,104.2000,104.2000,104.2000,104.2000,10
INTLNDX33167,20201214,94.0000,94.0000,94.0000,94.0000,2
INTLNDX33621,20201214,83.3000,83.3000,83.3000,83.3000,20
INTLNDX34777,20201214,71.6000,71.6000,71.6000,71.6000,2000
INTLNDX35659,20201214,48.4000,51.4000,48.4000,51.4000,2666
INTLNDX36566,20201214,37.0000,41.0000,36.7000,41.0000,171
INTLOPL21626,20201214,2.8500,2.8500,2.8500,2.8500,250
INTLPEO29439,20201214,28.5500,28.5500,28.5500,28.5500,30
INTLPEO35451,20201214,24.9000,24.9000,24.9000,24.9000,110
INTLPEO35824,20201214,19.5800,20.0500,19.5800,20.0500,319
INTLPEO35832,20201214,23.5000,23.5000,23.5000,23.5000,56
INTLPEO36251,20201214,15.2200,15.8000,15.2200,15.8000,289
INTLPGE31427,20201214,3.1500,3.1800,3.0900,3.1800,7750
INTLPGE35329,20201214,2.4200,2.4200,2.4200,2.4200,80
INTLPGE35337,20201214,2.7500,2.7500,2.7500,2.7500,260
INTLPGE35741,20201214,1.9000,2.0300,1.8100,1.9600,4850
INTLPGN32094,20201214,2.0700,2.0700,2.0700,2.0700,94
INTLPGN32615,20201214,1.9100,1.9100,1.7700,1.7700,8386
INTLPKN04101,20201214,30.9000,31.2500,30.2500,30.2500,260
INTLPKN04119,20201214,32.3000,33.0000,32.3000,33.0000,1100
INTLPKN05496,20201214,28.0500,28.0500,28.0500,28.0500,31
INTLPKN35840,20201214,22.4000,22.4000,22.4000,22.4000,755
INTLPKN36392,20201214,14.1600,14.1600,11.9200,12.3600,16675
INTLPKO30395,20201214,12.2000,12.3400,11.9200,11.9200,1320
INTLPKO35808,20201214,8.6600,8.6600,8.6600,8.6600,22
INTLPKO36236,20201214,6.5300,6.8900,6.1300,6.1300,1553
INTLPKO36244,20201214,7.5200,7.5200,7.5200,7.5200,126
INTLPLA30916,20201214,12.7000,12.9200,12.5800,12.9200,398
INTLPLA33084,20201214,9.0200,9.0200,9.0200,9.0200,21
INTLPLA35717,20201214,8.1700,8.1700,8.1700,8.1700,55
INTLPLA36178,20201214,5.8800,6.1000,5.7400,5.9000,1360
INTLPZU15610,20201214,10.3600,10.3600,10.3600,10.3600,60
INTLPZU15800,20201214,11.7000,11.7000,11.6200,11.6200,166
INTLPZU35766,20201214,8.5100,8.5100,8.5100,8.5100,100
INTLPZU35998,20201214,7.4300,7.4300,7.4300,7.4300,124
INTLSLV33340,20201214,11.4800,11.8200,11.4800,11.8200,200
INTLSLV33357,20201214,14.3600,15.4000,14.3000,15.4000,1200
INTLSLV33373,20201214,19.9800,19.9800,19.9800,19.9800,9
INTLSLV36582,20201214,8.8000,10.4600,8.8000,10.4600,414
INTLSPX31575,20201214,43.0500,43.4500,43.0500,43.4500,15
INTLSPX33894,20201214,28.5500,28.5500,28.5500,28.5500,40
INTLSPX34785,20201214,24.3000,24.3000,24.3000,24.3000,50
INTLSPX35972,20201214,15.1600,15.7400,15.1600,15.7400,1024
INTLUSD20602,20201214,10.5200,11.5600,9.8500,11.5600,8391
INTLUSD20610,20201214,15.8400,16.6800,15.0000,16.6800,112
INTLUSD20826,20201214,20.5500,21.9000,20.5500,21.9000,150
INTLUSD20842,20201214,27.4000,27.8500,26.3000,27.8500,120
INTLW2028696,20201214,6.5700,6.5700,6.5700,6.5700,30
INTLW2035261,20201214,4.4000,4.4000,4.4000,4.4000,120
INTLW2035899,20201214,2.8200,2.8200,2.8200,2.8200,225
INTLW2035907,20201214,2.9500,3.1100,2.9500,3.1100,691
INTLW2036079,20201214,1.8800,2.0600,1.8800,1.9300,2330
INTLW2036517,20201214,1.0900,1.2300,0.9600,1.0200,21148
INTLW2036525,20201214,1.2600,1.4000,1.2600,1.2900,9907
INTLW2036533,20201214,1.6200,1.7000,1.5900,1.5900,24806
INTROL,20201214,3.8600,3.9000,3.8400,3.8600,5252
INTSALE35212,20201214,59.9000,59.9000,56.3000,57.1000,2405
INTSALE35220,20201214,69.5000,69.5000,69.4000,69.4000,75
INTSALE36285,20201214,45.9000,45.9000,42.8000,43.7000,1315
INTSBCO28035,20201214,13.5600,13.5600,13.5600,13.5600,180
INTSBCO28050,20201214,27.7500,27.7500,27.7500,27.7500,14
INTSBCO28084,20201214,51.9000,51.9000,51.9000,51.9000,5
INTSCCC27029,20201214,6.1600,6.1600,6.1600,6.1600,817
INTSCCC27698,20201214,3.3700,4.0400,3.3700,3.7000,9837
INTSCDR34124,20201214,29.5000,31.9500,26.0000,26.3000,91522
INTSCDR34199,20201214,35.1000,35.1000,30.9000,32.2000,6799
INTSDAX25783,20201214,25.3500,27.0000,22.6500,23.7000,14083
INTSDAX25825,20201214,36.9500,39.0000,35.0000,35.0000,1939
INTSDAX26591,20201214,47.8500,48.3000,47.8500,47.9000,62
INTSDAX26609,20201214,60.7000,61.2000,60.7000,61.2000,53
INTSDAX36111,20201214,76.5000,76.9000,74.6000,74.6000,509
INTSDOW27128,20201214,45.4000,45.9000,42.1500,43.3500,485
INTSDOW33613,20201214,169.8000,169.8000,167.0000,167.0000,50
INTSEUD03764,20201214,25.6000,26.3500,24.9000,26.3500,40
INTSEUR29181,20201214,44.9000,44.9000,44.9000,44.9000,100
INTSGBU21030,20201214,58.9000,61.8000,58.9000,61.8000,60
INTSGBU26971,20201214,27.7000,30.1000,27.0000,30.1000,298
INTSGLD33316,20201214,106.0000,106.0000,106.0000,106.0000,1
INTSGLD33886,20201214,204.0000,204.0000,203.5000,203.5000,4
INTSGLD34496,20201214,99.4000,99.4000,99.4000,99.4000,30
INTSGLD36301,20201214,48.4000,51.1000,47.0500,49.6000,192
INTSGLD36319,20201214,68.2000,68.5000,68.2000,68.5000,50
INTSLTS27912,20201214,43.3000,43.3000,43.2000,43.2000,215
INTSNAG27797,20201214,5.3500,5.3900,5.3500,5.3900,767
INTSNDX33233,20201214,30.0000,30.0500,25.6000,25.6500,781
INTSNDX33241,20201214,43.9000,43.9000,40.4500,40.4500,425
INTSNDX33639,20201214,87.4000,87.4000,87.4000,87.4000,220
INTSNKX36137,20201214,157.6000,157.6000,157.6000,157.6000,30
INTSOPL09423,20201214,2.4400,2.4400,2.4400,2.4400,80
INTSPEO32334,20201214,21.9000,21.9000,21.9000,21.9000,10
INTSPKN27649,20201214,16.8200,18.2000,16.8200,17.4800,1816
INTSPKN34173,20201214,5.5400,5.5400,5.5400,5.5400,3035
INTSPKO23630,20201214,18.6000,18.6000,18.6000,18.6000,500
INTSPZU34165,20201214,8.5900,9.0500,8.5900,9.0500,255
INTSSLV33696,20201214,25.9500,25.9500,25.9500,25.9500,1
INTSSLV34553,20201214,14.8600,15.0000,14.4400,14.4400,326
INTSSLV36343,20201214,8.4000,9.2500,7.8900,8.0400,1594
INTSSPX34140,20201214,9.6500,9.6500,9.0300,9.0300,2913
INTSSPX34215,20201214,21.2500,21.2500,21.2500,21.2500,70
INTSSPX34439,20201214,34.0000,34.0000,34.0000,34.0000,100
INTSSPX36574,20201214,41.1500,41.1500,40.4500,40.4500,19
INTSUSD32698,20201214,43.7000,43.7000,43.7000,43.7000,100
INTSUSD35428,20201214,37.6000,37.6000,37.6000,37.6000,5
INTSUSD36061,20201214,26.6500,26.6500,26.6500,26.6500,40
INTSW2019588,20201214,6.1100,6.1900,6.1100,6.1900,300
INTSW2024257,20201214,3.3800,3.3800,3.3800,3.3800,2000
INTSW2026005,20201214,3.2800,3.2800,3.2800,3.2800,825
INTSW2026328,20201214,2.9200,2.9900,2.9200,2.9900,13761
INTSW2027060,20201214,2.4000,2.4000,2.4000,2.4000,1000
INTSW2027078,20201214,2.6700,2.6700,2.6700,2.6700,180
INTSW2027243,20201214,2.0800,2.1300,2.0500,2.1300,10000
INTSW2027391,20201214,1.5700,1.7400,1.4700,1.6300,405199
INTSW2027409,20201214,1.8900,1.9700,1.7300,1.9000,94700
INVCEEFIZ,20201214,461.1700,461.1700,461.1600,461.1600,35
INVFIZ,20201214,945.1100,945.1100,945.1100,945.1100,2
INVGLDFIZ,20201214,1799.9000,1800.0000,1751.0200,1751.0200,26
INVISTA,20201214,0.3000,0.3000,0.3000,0.3000,20
INVPEFIZ,20201214,801.2000,801.2000,801.2000,801.2000,2
IPOPEMA,20201214,3.8400,3.9000,3.7200,3.8000,15666
ITMTRADE,20201214,0.1370,0.1370,0.1350,0.1350,31204
IZOBLOK,20201214,37.9000,37.9000,37.9000,37.9000,26
IZOLACJA,20201214,1.9600,1.9600,1.9400,1.9400,8606
IZOSTAL,20201214,2.4400,2.4400,2.4000,2.4200,68220
JSW,20201214,27.8000,28.3200,25.6000,26.1000,1899578
JWCONSTR,20201214,3.1200,3.1400,3.0300,3.1400,1147
JWWINVEST,20201214,2.7800,3.0500,2.7000,2.7200,13232
K2INTERNT,20201214,24.6000,24.6000,23.0000,24.0000,2768
KCI,20201214,0.6880,0.8880,0.6880,0.7420,932467
KERNEL,20201214,45.2000,46.6500,45.0000,45.2500,72493
KETY,20201214,450.0000,452.0000,444.0000,449.0000,4902
KGHM,20201214,180.0000,184.8500,176.9500,176.9500,501826
KGL,20201214,16.9500,17.2000,16.8000,16.8000,1500
KINOPOL,20201214,8.1000,8.1000,7.9000,7.9000,1360
KOGENERA,20201214,32.5000,32.5000,32.1000,32.4000,1892
KOMPAP,20201214,10.8000,11.8000,10.8000,11.4000,9066
KOMPUTRON,20201214,2.2700,2.2700,2.2100,2.2100,26565
KPPD,20201214,29.2000,29.2000,28.0000,29.2000,216
KREC,20201214,8.8600,9.6800,8.8000,8.9800,25558
KREDYTIN,20201214,10.5000,10.5000,10.5000,10.5000,2
KRKA,20201214,410.0000,410.0000,402.0000,403.0000,86
KRUK,20201214,137.0000,139.9000,135.0000,136.0000,16101
KRUSZWICA,20201214,65.6000,66.0000,65.6000,65.8000,42942
KRVITAMIN,20201214,18.6000,18.8500,17.6000,18.3000,17201
KSGAGRO,20201214,2.3000,2.3400,2.1800,2.2800,55651
LABOPRINT,20201214,11.5000,11.5000,11.5000,11.5000,52
LARQ,20201214,1.7100,1.7100,1.6000,1.6000,14240
LENA,20201214,3.8500,3.8500,3.7100,3.7200,9607
LENTEX,20201214,11.0000,11.1500,10.9000,11.1000,41419
LIBET,20201214,2.1100,2.3000,2.0700,2.3000,570963
LIVECHAT,20201214,97.5000,98.1000,96.9000,97.1000,40240
LMDSFIZ,20201214,1200.0000,1200.0000,1101.1000,1101.1000,55
LOKUM,20201214,12.5000,12.5000,12.0500,12.2500,2318
LOTOS,20201214,44.4500,44.8000,42.0500,42.6000,1132036
LPP,20201214,7200.0000,7320.0000,7090.0000,7230.0000,2784
LSISOFT,20201214,12.5000,12.5000,12.0000,12.2500,11199
LUBAWA,20201214,1.3950,1.3950,1.3450,1.3650,448472
MABION,20201214,21.9000,22.4500,21.2500,21.6000,29051
MAKARONPL,20201214,5.6500,5.6500,5.6000,5.6500,1668
MANGATA,20201214,56.0000,58.0000,56.0000,58.0000,641
MARVIPOL,20201214,5.1600,5.1600,4.9400,5.0800,17839
MASTERPHA,20201214,3.9400,4.1000,3.9400,4.1000,440
MAXCOM,20201214,12.4000,12.4000,12.0000,12.2500,790
MBANK,20201214,181.9000,185.3000,176.0000,176.8000,53952
MBWS,20201214,5.7500,5.7500,5.7500,5.7500,1
MCI,20201214,15.3000,15.9000,14.9500,15.2500,34112
MDIENERGIA,20201214,3.5000,3.5000,3.2800,3.3600,13986
MEDIACAP,20201214,1.8100,1.8100,1.6500,1.7100,21451
MEDICALG,20201214,20.5000,20.9500,19.6200,20.2500,25034
MENNICA,20201214,19.6000,19.7000,19.3000,19.4000,1325
MERCATOR,20201214,410.0000,411.0000,340.0000,342.0000,482980
MERCOR,20201214,10.0000,10.3000,10.0000,10.0500,1676
MEXPOLSKA,20201214,1.4000,1.4100,1.3500,1.4100,6455
MFO,20201214,24.8000,24.8000,23.8000,24.0000,89179
MILKILAND,20201214,0.6760,0.6760,0.6084,0.6565,124224
MILLENNIUM,20201214,3.2400,3.2400,3.1200,3.1620,1059717
MIRACULUM,20201214,1.1500,1.1500,1.1350,1.1500,13400
MIRBUD,20201214,3.3200,3.4000,3.2800,3.3700,861492
MLPGROUP,20201214,84.0000,84.0000,80.0000,80.0000,154
MLSYSTEM,20201214,81.0000,81.8000,77.0000,79.0000,16547
MOBRUK,20201214,208.0000,212.0000,206.0000,206.0000,6830
MOJ,20201214,1.1600,1.1600,1.1500,1.1500,2602
MOL,20201214,26.8000,27.7000,26.8000,27.6200,4213
MONNARI,20201214,2.0400,2.0500,1.9700,2.0200,92785
MOSTALPLC,20201214,8.5800,8.7600,8.5800,8.5800,1218
MOSTALWAR,20201214,4.4300,4.4400,4.2700,4.3500,2648
MOSTALZAB,20201214,1.0000,1.0150,0.9900,1.0100,65569
MUZA,20201214,3.3000,3.3000,3.2600,3.3000,2110
MWTRADE,20201214,1.8000,1.8000,1.8000,1.8000,310
NANOGROUP,20201214,4.9200,5.1500,4.8400,5.1000,39278
NANOGROUP-PDA,20201214,4.4000,4.5000,4.3000,4.3400,41640
NETIA,20201214,4.4700,4.4700,4.4400,4.4500,18140
NEUCA,20201214,633.0000,640.0000,631.0000,637.0000,781
NEWAG,20201214,25.8000,25.8000,24.8000,25.0000,5233
NEXITY,20201214,19.9000,20.2000,19.8000,20.0000,134
NOVATURAS,20201214,12.4000,12.4000,11.8000,12.4000,396
NOVAVISGR,20201214,1.6500,1.6900,1.6100,1.6100,8769
NOVITA,20201214,128.5000,131.0000,123.0000,130.5000,1913
NOWAGALA,20201214,0.9900,0.9900,0.9900,0.9900,120
NTTSYSTEM,20201214,4.4000,4.4000,4.0000,4.3900,24344
OAT,20201214,47.0000,48.4000,44.1000,48.1000,70126
ODLEWNIE,20201214,4.8800,4.8900,4.8800,4.8800,1482
OEX,20201214,15.6000,15.8000,15.6000,15.7000,1646
OPENFIN,20201214,0.9500,0.9500,0.9300,0.9320,1668
OPERA3GR,20201214,254.9900,255.0000,254.9900,255.0000,23
OPONEO.PL,20201214,39.6000,40.0000,38.1000,38.9000,13963
OPTEAM,20201214,31.8000,32.0000,30.4000,30.6000,37983
ORANGEPL,20201214,6.4900,6.5000,6.4050,6.4100,932739
ORCOGROUP,20201214,1.4000,1.4600,1.3400,1.3400,9226
ORZBIALY,20201214,11.0500,11.3500,11.0000,11.3500,430
OTLOG,20201214,4.0200,4.0200,3.7400,3.7400,11439
OTMUCHOW,20201214,1.6900,1.7000,1.6500,1.6500,1672
PAMAPOL,20201214,1.3600,1.4800,1.3600,1.4300,49434
PANOVA,20201214,10.4500,10.5000,10.4000,10.5000,1058
PATENTUS,20201214,0.9900,0.9900,0.9800,0.9800,10181
PBKM,20201214,73.0000,75.4000,70.8000,75.4000,1001
PCCEXOL,20201214,3.6400,3.7200,3.4500,3.5000,351517
PCCROKITA,20201214,52.4000,52.4000,50.6000,50.8000,2352
PEKABEX,20201214,16.5500,16.5500,16.1500,16.4000,2821
PEKAO,20201214,61.5000,62.9600,61.1000,62.4800,809433
PEMANAGER,20201214,15.0000,15.0000,14.8500,14.9000,1118
PEP,20201214,50.8000,51.2000,50.6000,50.6000,1880
PEPEES,20201214,1.2800,1.2900,1.2800,1.2900,11902
PGE,20201214,6.6400,6.8600,6.5200,6.6620,4232741
PGNIG,20201214,5.6000,5.6640,5.3500,5.3680,4227542
PGO,20201214,1.3100,1.3250,1.3050,1.3250,16303
PGSSOFT,20201214,12.9500,12.9500,12.7500,12.7500,3158
PHARMENA,20201214,10.2000,10.2000,9.4000,9.5000,12136
PHN,20201214,10.8500,11.1000,10.6000,10.9000,2907
PKNORLEN,20201214,62.0400,63.2000,60.2200,60.8600,1164814
PKOASZEWZ,20201214,98.1500,98.1500,98.1500,98.1500,10
PKOBP,20201214,29.0000,29.5000,28.4700,28.4700,2021263
PKOGS,20201214,92.0000,92.0000,92.0000,92.0000,270
PKPCARGO,20201214,14.1000,14.2600,13.9000,14.1000,91381
PLASTBOX,20201214,1.8700,1.8700,1.8300,1.8300,2828
PLAY,20201214,38.4600,38.6800,38.4600,38.6400,20347
PLAYWAY,20201214,579.0000,586.0000,558.0000,586.0000,5367
PLAZACNTR,20201214,1.5700,1.6600,1.5700,1.6500,1851
PMPG,20201214,1.8000,1.8000,1.8000,1.8000,5591
POLICE,20201214,12.1000,12.1000,11.4000,11.8000,8628
POLIMEXMS,20201214,2.4100,2.4850,2.3500,2.4700,333574
POLNORD,20201214,3.5000,3.5100,3.5000,3.5050,10299
POLWAX,20201214,3.4100,3.6200,3.3500,3.6200,150784
POZBUD,20201214,2.1900,2.2200,2.1200,2.2000,45773
PRAGMAFA,20201214,24.2000,24.2000,24.0000,24.2000,2509
PRAGMAINK,20201214,6.0400,6.2800,6.0000,6.2000,951
PRAIRIE,20201214,0.5650,0.5650,0.5400,0.5430,271761
PRIMETECH,20201214,1.2900,1.3000,1.1650,1.1650,990
PROCHEM,20201214,18.7000,18.7000,18.6000,18.7000,2156
PROJPRZEM,20201214,16.0000,16.0000,16.0000,16.0000,102
PROTEKTOR,20201214,3.8000,3.8000,3.5400,3.7200,125312
PROVIDENT,20201214,4.2800,4.5400,4.2500,4.4000,33958
PULAWY,20201214,85.8000,86.4000,85.0000,85.0000,334
PUNKPIRAT,20201214,0.7200,0.7200,0.6200,0.6600,135054
PURE,20201214,115.0000,115.0000,98.6000,99.8000,10929
PURE-PDA,20201214,103.0000,105.0000,92.8000,94.0000,38794
PZU,20201214,29.2000,29.6000,28.7100,29.1100,2028104
PZUAKORD,20201214,121.0000,121.0000,120.2000,120.2000,500
QUERCUS,20201214,3.4000,3.4200,3.4000,3.4200,2500
R22,20201214,33.5000,34.2000,33.2000,34.0000,6317
RADPOL,20201214,2.3000,2.3000,2.2600,2.2900,20615
RAFAKO,20201214,1.0600,1.0680,0.9700,0.9970,841755
RAINBOW,20201214,23.9000,24.2000,20.0000,22.8000,47044
RANKPROGR,20201214,1.8900,1.8950,1.7800,1.8950,33635
RAWLPLUG,20201214,8.8000,8.8000,8.5000,8.5000,355
RCEW200325,20201214,1027.5000,1027.5000,1027.5000,1027.5000,50
RCFL10GOLD,20201214,6.7800,7.1700,6.5200,6.7800,2301
RCFL10GOLD1,20201214,3.0900,3.1600,3.0900,3.1600,3000
RCFL2OIL,20201214,2.9000,2.9000,2.9000,2.9000,200
RCFL2PLAT1,20201214,9.1200,9.1200,8.9000,8.9000,151
RCFL311B,20201214,3.7000,3.7400,3.4000,3.7400,5030
RCFL3ALR1,20201214,9.2800,9.2800,9.2800,9.2800,50
RCFL3BAS,20201214,23.4500,23.4500,23.4500,23.4500,16
RCFL3CCC1,20201214,19.0000,19.0000,14.4000,17.8000,2122
RCFL3CDPRO1,20201214,16.4800,29.1500,16.4800,28.7000,1897
RCFL3CDPRO2,20201214,1.6500,2.7900,1.4900,2.7500,239403
RCFL3COFF,20201214,0.5000,0.5000,0.5000,0.5000,5000
RCFL3CORN2,20201214,13.8400,13.8400,13.8400,13.8400,1
RCFL3DBK,20201214,0.0900,0.0900,0.0900,0.0900,2315
RCFL3ENA,20201214,4.4500,4.4500,4.4500,4.4500,200
RCFL3EUH,20201214,0.7500,0.7500,0.7500,0.7500,4000
RCFL3FDX,20201214,128.2000,128.2000,128.2000,128.2000,4
RCFL3GAMES,20201214,37.1000,40.1500,37.1000,40.1500,157
RCFL3GOLD,20201214,58.2000,58.2000,58.2000,58.2000,60
RCFL3JSW,20201214,0.7000,0.7300,0.5400,0.5900,653999
RCFL3JSW1,20201214,24.7000,25.0500,18.9200,20.1500,2123
RCFL3KGH,20201214,10.9000,10.9000,10.1800,10.1800,1779
RCFL3LTS1,20201214,0.3700,0.3700,0.3200,0.3400,34343
RCFL3MBK,20201214,1.4600,1.4600,1.3100,1.3100,24708
RCFL3MSBAS,20201214,14.8400,14.8400,14.8400,14.8400,15
RCFL3MSFIN,20201214,2.1000,2.1100,2.0200,2.0600,1650
RCFL3NAG2,20201214,2.0300,2.0300,2.0300,2.0300,2460
RCFL3OIL2,20201214,1.9000,1.9800,1.8600,1.9800,8934
RCFL3OIL3,20201214,0.1700,0.1800,0.1700,0.1700,10984
RCFL3OPL,20201214,5.1000,5.1000,5.1000,5.1000,3914
RCFL3PALL3,20201214,1.0400,1.0400,1.0400,1.0400,188
RCFL3PEO,20201214,1.2000,1.2400,1.2000,1.2400,2000
RCFL3PEO1,20201214,14.6200,14.8200,14.6200,14.8200,194
RCFL3PGE1,20201214,12.8000,12.8000,12.8000,12.8000,500
RCFL3PKN,20201214,15.2600,15.3800,15.2600,15.3800,1052
RCFL3PLAT1,20201214,5.9300,5.9300,5.7100,5.7100,2145
RCFL3PZU,20201214,12.4800,12.9400,12.0200,12.9400,517
RCFL3SILVE,20201214,5.3000,5.3000,5.3000,5.3000,400
RCFL3SILVE3,20201214,14.9000,15.5000,14.8000,15.5000,178
RCFL3TEN,20201214,5.0400,5.3200,4.8400,5.3200,1970
RCFL3TOTF,20201214,2.9600,2.9600,2.9600,2.9600,6
RCFL3TPE,20201214,8.6200,8.9600,8.1100,8.9600,1560
RCFL3W20,20201214,29.0000,29.0000,29.0000,29.0000,100
RCFL4CDPRO,20201214,2.3700,3.8600,2.3700,3.7700,768886
RCFL4CDPRO1,20201214,0.4100,0.6700,0.4100,0.6600,1028700
RCFL4COFF,20201214,0.6500,0.6500,0.6500,0.6500,6000
RCFL4GAMES,20201214,39.6000,39.6000,26.6000,36.0500,5566
RCFL4JMT,20201214,5.8500,5.8500,5.8500,5.8500,3200
RCFL4PEO1,20201214,7.6400,7.6400,7.6400,7.6400,10
RCFL4PGN2,20201214,8.4600,8.5600,8.4600,8.5600,170
RCFL4PKN1,20201214,4.0000,4.0000,3.7800,3.7800,1700
RCFL4PKO,20201214,0.6000,0.6000,0.6000,0.6000,3000
RCFL4PZU,20201214,0.6100,0.6100,0.6100,0.6100,4000
RCFL4SILVE2,20201214,7.5000,7.5000,7.5000,7.5000,40
RCFL5ALE,20201214,15.4000,17.4000,15.4000,17.3200,254
RCFL5COFF4,20201214,6.8200,7.8600,6.8200,7.8600,50
RCFL5GOLD,20201214,18.5000,19.1600,18.5000,19.1600,21
RCFL5MWIG40,20201214,1.9800,1.9800,1.9800,1.9800,800
RCFL5SILVE,20201214,0.9600,1.0800,0.9600,1.0800,1000
RCFL5SUGA2,20201214,21.5000,21.5000,19.9400,19.9400,200
RCFL6COFF3,20201214,5.9400,5.9400,5.9400,5.9400,932
RCFL6COPP2,20201214,56.2000,56.2000,56.2000,56.2000,50
RCFL6GOLD1,20201214,8.7200,8.9300,8.7200,8.9300,104
RCFL6SILVE,20201214,1.1400,1.2300,1.1400,1.1900,4900
RCFL6SILVE2,20201214,7.7100,7.7100,7.7100,7.7100,217
RCFL6SUGA,20201214,1.6600,1.6600,1.6000,1.6000,12300
RCFL6W20,20201214,15.7000,16.1400,15.2000,15.2000,2158
RCFL6W201,20201214,0.5400,0.5400,0.5400,0.5400,1568
RCFL8COFF,20201214,0.1400,0.1400,0.1400,0.1400,2006
RCFL8COFF1,20201214,0.4600,0.5300,0.4600,0.5300,15834
RCFL8OIL2,20201214,16.3600,16.3600,16.3400,16.3400,180
RCFODAOPEN,20201214,41.0500,41.0500,41.0500,41.0500,1
RCFS10GOLD1,20201214,0.2000,0.2000,0.2000,0.2000,93052
RCFS10SILVE2,20201214,2.8300,2.8300,2.8300,2.8300,869
RCFS2GAMES,20201214,3.9000,3.9000,3.6900,3.6900,2000
RCFS2KGH,20201214,1.7400,1.7400,1.7400,1.7400,500
RCFS3CDPRO,20201214,6.3800,6.3800,4.8900,5.0000,11072
RCFS3CDPRO2,20201214,0.2100,0.2100,0.2100,0.2100,21140
RCFS3COFF2,20201214,8.9600,8.9600,8.9600,8.9600,1200
RCFS3COPP,20201214,1.1100,1.1600,1.1100,1.1600,10001
RCFS3FDX,20201214,4.3100,4.3100,4.2700,4.2700,1100
RCFS3GAMES,20201214,1.8400,1.8400,1.6900,1.8100,11345
RCFS3KGH1,20201214,2.7200,2.8300,2.6900,2.8300,11858
RCFS3MRC,20201214,1.2100,1.2100,1.2100,1.2100,2
RCFS3MWIG40,20201214,7.6500,7.6500,7.6500,7.6500,300
RCFS3OIL,20201214,0.7600,0.7600,0.7600,0.7600,20
RCFS3PEO,20201214,7.6300,7.6900,7.6300,7.6900,1100
RCFS3PGE,20201214,0.6700,0.7300,0.6700,0.7300,158000
RCFS3PGN,20201214,2.7100,2.7100,2.7100,2.7100,1500
RCFS3PKN1,20201214,6.7400,6.7400,6.7400,6.7400,750
RCFS3TPE,20201214,0.4000,0.4400,0.3700,0.3700,691230
RCFS3W20,20201214,20.6000,21.2500,20.4500,21.1500,1429
RCFS4CDPRO,20201214,0.0200,0.0200,0.0200,0.0200,11300
RCFS4CDPRO1,20201214,3.8800,3.8800,2.8200,2.9400,216242
RCFS4DNP,20201214,2.5200,2.5200,2.5200,2.5200,500
RCFS4ESX,20201214,0.2600,0.2600,0.2600,0.2600,8310
RCFS4KGH1,20201214,1.5300,1.7600,1.5300,1.7600,8644
RCFS4LPP,20201214,1.7700,1.7700,1.7700,1.7700,3440
RCFS4PGE,20201214,0.5000,0.5000,0.5000,0.5000,6000
RCFS4PGN,20201214,0.5300,0.6400,0.5300,0.6400,3300
RCFS4PKN,20201214,3.3600,3.3600,3.3600,3.3600,250
RCFS5FW20,20201214,2.0800,2.0800,2.0800,2.0800,152
RCFS5SUGA,20201214,1.9000,2.0000,1.9000,2.0000,1500
RCFS6COCO1,20201214,1.4000,1.4000,1.4000,1.4000,10
RCFS6CORN,20201214,1.6200,1.6500,1.6200,1.6500,264
RCFS6SILVE2,20201214,8.8800,8.8800,8.8800,8.8800,568
RCFS6W201,20201214,1.4000,1.4600,1.3600,1.4500,34549
RCFS7NAG1,20201214,2.4600,2.5400,2.3400,2.3700,9918
RCFS7SILVE1,20201214,7.3700,7.3700,7.3700,7.3700,10
RCGBSH10921,20201214,1062.0000,1062.0000,1062.0000,1062.0000,70
RCGBSK0721,20201214,1052.0000,1052.0000,1052.0000,1052.0000,9
RCGETNA0421,20201214,986.5000,986.5000,986.5000,986.5000,9
RCGETNA0722,20201214,995.0000,995.0000,995.0000,995.0000,113
RCGLDAOPEN,20201214,690.0000,690.0000,681.0000,686.0000,30
RCGSDGP0921,20201214,1014.5000,1014.5000,1014.5000,1014.5000,60
RCGSXHC0122,20201214,1150.5000,1150.5000,1150.5000,1150.5000,53
RCLOILAOPEN,20201214,16.0000,16.0000,15.9000,15.9000,1650
RCSILAOPEN,20201214,91.5000,92.8000,91.5000,92.8000,110
RCSUGAOPEN,20201214,2.3700,2.3700,2.3700,2.3700,45
RCTLALR2,20201214,0.7900,0.7900,0.7900,0.7900,1029
RCTS11B,20201214,20.2000,20.2000,19.9400,19.9400,44
RCWHTAOPEN1,20201214,14.7600,14.7600,14.4000,14.4400,5400
REDAN,20201214,0.1900,0.1940,0.1700,0.1940,202529
REINO,20201214,1.4300,1.4300,1.4300,1.4300,2
RELPOL,20201214,5.3600,5.4000,5.2600,5.3400,10964
REMAK,20201214,10.1500,10.1500,9.9200,9.9200,1542
RONSON,20201214,1.4350,1.4350,1.3700,1.3700,7903
ROPCZYCE,20201214,23.2000,23.5000,23.2000,23.5000,272
RYVU,20201214,48.0000,48.0000,44.0000,45.8000,56230
SANOK,20201214,19.4000,19.4000,18.6000,18.9000,13213
SANPL,20201214,189.4000,190.1000,184.5000,185.3000,44689
SANTANDER,20201214,11.6400,11.8500,11.6000,11.7740,22319
SANWIL,20201214,2.9000,2.9000,2.6800,2.7200,147295
SECOGROUP,20201214,13.4000,13.9000,13.4000,13.9000,161
SEKO,20201214,9.1000,9.1000,9.0000,9.1000,750
SELENAFM,20201214,16.8000,17.4000,16.8000,17.1000,9160
SELVITA,20201214,46.8000,46.8000,43.4000,45.7000,4952
SERINUS,20201214,0.2140,0.2140,0.2040,0.2120,567192
SESCOM,20201214,28.6000,28.6000,28.0000,28.0000,25
SFINKS,20201214,0.3500,0.3500,0.3200,0.3480,166193
SILVAIR-REGS,20201214,7.5000,7.5000,7.5000,7.5000,100
SILVANO,20201214,7.0000,7.0000,7.0000,7.0000,75
SIMPLE,20201214,12.8000,12.9000,12.7000,12.9000,13224
SKARBIEC,20201214,25.0000,25.0000,24.7000,24.9000,1370
SKOTAN,20201214,1.7100,1.7400,1.6900,1.7300,15961
SKYLINE,20201214,0.6500,0.7000,0.6500,0.7000,120
SLEEPZAG,20201214,0.3300,0.3300,0.2760,0.2760,8774
SNIEZKA,20201214,88.6000,88.6000,87.8000,87.8000,79
SOLAR,20201214,3.8900,3.9100,3.5100,3.8900,11628
SONEL,20201214,9.4000,9.4000,9.1000,9.2500,3452
SOPHARMA,20201214,9.6500,9.6500,9.3000,9.3000,413
STALEXP,20201214,3.2100,3.2100,3.1700,3.2000,33125
STALPROD,20201214,240.0000,249.5000,236.0000,248.0000,8139
STALPROFI,20201214,7.0000,7.3800,7.0000,7.3800,21777
STAPORKOW,20201214,2.4600,2.4600,2.4600,2.4600,720
STARHEDGE,20201214,0.4160,0.4300,0.4160,0.4300,3400
SUNEX,20201214,4.4800,4.5700,4.4000,4.5700,47203
SUWARY,20201214,16.6000,16.6000,15.8000,15.8000,15
SWISSMED,20201214,7.2000,8.7000,7.2000,8.1400,104629
SYGNITY,20201214,8.2000,8.3800,8.0600,8.3200,20162
SYNEKTIK,20201214,26.9000,27.5000,25.6000,25.6000,28346
TALANX,20201214,140.2000,146.9000,140.0000,146.9000,21
TALEX,20201214,11.6000,11.6000,11.6000,11.6000,216
TAURONPE,20201214,2.5000,2.6200,2.4860,2.6080,6551114
TBULL,20201214,32.9000,34.0000,30.0000,31.8000,12242
TERMOREX,20201214,0.9100,0.9100,0.8800,0.8800,410
TESGAS,20201214,4.5400,4.5400,4.3200,4.4000,17042
TIM,20201214,18.5500,18.5500,18.0000,18.3000,25621
TORPOL,20201214,12.2000,12.2000,11.8500,11.9000,15406
TOWERINVT,20201214,12.9000,12.9000,11.7000,11.9000,2939
TOYA,20201214,5.9200,5.9200,5.7400,5.8800,55963
TRAKCJA,20201214,1.9000,1.9300,1.8500,1.9000,171842
TRANSPOL,20201214,2.8000,2.8000,2.6800,2.7600,13117
TRIGONPP3,20201214,45.2000,45.2000,45.2000,45.2000,90
TRIGONPP6,20201214,44.1200,44.1200,44.1200,44.1200,375
TRITON,20201214,2.1500,2.4300,2.1500,2.4300,19638
TSGAMES,20201214,513.0000,519.0000,503.0000,515.0000,11650
ULMA,20201214,46.4000,46.4000,46.2000,46.2000,22
ULTGAMES,20201214,32.3500,32.3500,31.3000,31.5000,11158
UNIBEP,20201214,7.8200,7.8200,7.5600,7.7800,1727
UNICREDIT,20201214,34.8100,34.9000,34.8100,34.8100,1140
UNIMA,20201214,2.9400,2.9400,2.8800,2.8800,3534
UNIMOT,20201214,34.9000,35.4000,31.4500,35.0000,28685
URSUS,20201214,0.7250,0.7300,0.7000,0.7270,173932
VENTUREIN,20201214,2.1000,2.1000,1.9500,1.9700,6732
VIGOSYS,20201214,590.0000,595.0000,575.0000,580.0000,315
VINDEXUS,20201214,4.3700,4.4000,4.3100,4.3200,11479
VISTAL,20201214,2.8600,2.9800,2.7600,2.9200,8656
VIVID,20201214,1.6900,1.6920,1.5380,1.6400,64816
VOTUM,20201214,11.6000,11.6000,11.1000,11.5000,12492
VOXEL,20201214,43.0000,43.0000,41.6000,42.5000,2959
VRG,20201214,2.7000,2.8800,2.6200,2.8800,330875
WARIMPEX,20201214,5.0000,5.0000,5.0000,5.0000,500
WASKO,20201214,1.2800,1.2800,1.2300,1.2600,51430
WAWEL,20201214,578.0000,578.0000,570.0000,572.0000,68
WIELTON,20201214,5.8500,5.9000,5.7600,5.9000,131281
WIKANA,20201214,2.2600,2.4000,2.1800,2.2400,31589
WIRTUALNA,20201214,81.0000,83.4000,80.4000,81.6000,588
WITTCHEN,20201214,8.9000,8.9000,8.3200,8.5800,10241
WOJAS,20201214,4.7800,4.9000,4.7800,4.8000,1580
WORKSERV,20201214,1.4000,1.4000,1.2600,1.2700,1014855
XTB,20201214,16.6000,16.7000,16.0500,16.2000,508312
XTPL,20201214,75.0000,75.0000,72.2000,73.0000,1914
ZAMET,20201214,0.7800,0.7900,0.7600,0.7900,26508
ZASTAL,20201214,30.0000,30.0000,28.4000,29.2000,393
ZEPAK,20201214,9.4800,9.6000,9.3400,9.3800,5877
ZPUE,20201214,143.5000,143.5000,138.0000,140.0000,1049
ZREMB,20201214,0.6950,0.7200,0.6950,0.7200,21442
ZUE,20201214,3.5800,3.5800,3.5000,3.5000,5338
ZYWIEC,20201214,482.0000,484.0000,482.0000,484.0000,46
INVESTORMS,20201214,4102.1200,4119.5600,4102.1200,4119.5600,426763.487
MWIG40,20201214,3783.2600,3785.3100,3721.8100,3729.5500,275043.667
MWIG40DVP,20201214,63.1100,63.1100,63.1100,63.1100,275043.667
MWIG40TR,20201214,5010.7300,5010.7300,4929.5100,4939.5900,275043.667
SWIG80,20201214,15486.4500,15498.3900,15213.4300,15318.2600,37726.593
SWIG80DVP,20201214,311.2700,311.2700,311.2700,311.2700,37726.593
SWIG80TR,20201214,20060.6700,20060.6700,19707.0600,19842.7900,37726.593
WIG,20201214,55657.1200,55707.1100,54921.9700,55150.2100,2594946.366
WIG-BANKI,20201214,4772.9600,4829.3800,4710.5600,4715.7000,137136.733
WIG-BUDOW,20201214,3357.1700,3361.1600,3333.9400,3350.4100,10998.551
WIG-CEE,20201214,1217.2900,1217.2900,1214.1900,1214.3600,4765.618
WIG-CHEMIA,20201214,7617.5800,7689.8700,7422.7500,7508.7400,5326.460
WIG-ENERG,20201214,1983.5000,2033.2700,1970.1500,2006.4300,51943.315
WIG-ESG,20201214,9137.7900,9139.8200,8962.1200,9011.0000,2381945.650
WIG-GORNIC,20201214,5560.2300,5676.8900,5452.0000,5452.0000,142410.521
WIG-INFO,20201214,3706.8000,3718.8800,3681.5900,3698.1300,19122.692
WIG-LEKI,20201214,5001.0100,5004.0700,4812.2900,4852.4500,13941.738
WIG-MEDIA,20201214,5454.1700,5566.6600,5396.1200,5450.8100,1247.223
WIG-MOTO,20201214,3900.3100,3974.2800,3853.4000,3872.6400,3469.228
WIG-NRCHOM,20201214,2308.0000,2311.5200,2258.1900,2274.6600,1888.001
WIG-ODZIEZ,20201214,4448.0800,4526.0600,4322.8000,4451.4100,62135.615
WIG-PALIWA,20201214,5214.0800,5279.1600,5052.2200,5072.9700,145086.870
WIG-POLAND,20201214,56240.8200,56494.8000,56240.8200,56387.1400,2588380.966
WIG-SPOZYW,20201214,3456.1200,3483.3900,3400.4300,3401.2100,7180.795
WIG-TELKOM,20201214,925.3700,929.8000,917.1000,917.1000,14101.209
WIG-UKRAIN,20201214,429.1400,429.1400,424.4600,424.4600,3961.922
WIG.GAMES,20201214,29120.8500,29216.9300,26489.1000,28434.8100,1499897.511
WIG.MS-BAS,20201214,11255.2700,11542.6900,11176.6300,11196.6500,191661.222
WIG.MS-FIN,20201214,7233.4200,7334.7300,7132.8600,7170.6100,180665.619
WIG.MS-PET,20201214,6920.5600,7003.7400,6696.2200,6716.2300,148430.082
WIG20,20201214,1956.4800,1961.7700,1916.0300,1939.0700,2262450.626
WIG20DVP,20201214,10.3700,10.3700,10.3700,10.3700,2262450.626
WIG20LEV,20201214,417.4900,419.7400,400.2800,410.0800,2262450.626
WIG20SHORT,20201214,3648.4200,3724.2900,3638.5000,3681.0700,2262450.626
WIG20TR,20201214,3583.9700,3589.1600,3527.0500,3551.5000,2262450.626
WIG30,20201214,2264.7800,2268.6800,2235.3700,2245.4800,2302054.914
WIG30TR,20201214,4049.7000,4075.3400,4049.7000,4058.5400,2302054.914
WIGDIV,20201214,1058.4200,1063.3300,1047.6600,1047.7900,123610.810
WIGTECH,20201214,13848.7700,13969.9400,13848.7700,13969.9400,0.000
WIGTECHTR,20201214,14507.5200,14507.5200,14133.5200,14338.4700,0.000
