06MAGNA,20201123,1.4000,1.6800,1.3900,1.6000,417151
11BIT,20201123,498.0000,505.0000,490.5000,493.0000,4043
4FUNMEDIA,20201123,5.0000,5.0000,4.6000,4.6000,1821
ABPL,20201123,31.7000,32.2000,31.7000,31.7000,1097
ACAUTOGAZ,20201123,36.5000,36.9000,35.8000,36.0000,3986
ACTION,20201123,4.4900,4.5700,4.4000,4.5400,21084
ADIUVO,20201123,5.4000,5.5000,5.3000,5.4000,11965
AGORA,20201123,6.3600,6.8600,6.3600,6.6800,13410
AGROTON,20201123,4.7900,5.1600,4.7300,4.9300,65920
AIGAMES,20201123,16.3000,16.5500,16.2000,16.3500,5439
AILLERON,20201123,7.4400,7.7000,7.4400,7.5800,19308
AIRWAY,20201123,1.9300,2.0200,1.9150,1.9300,465940
ALIOR,20201123,17.1200,17.8000,17.0800,17.2000,757925
ALLEGRO,20201123,79.6000,81.6200,75.0000,76.6000,2947478
ALTA,20201123,1.2100,1.2100,1.1600,1.2100,3434
ALTUSTFI,20201123,0.8180,0.8400,0.7980,0.7980,150122
ALUMETAL,20201123,43.0000,43.8000,43.0000,43.8000,3696
AMBRA,20201123,17.6000,17.6000,17.3500,17.3500,5099
AMICA,20201123,146.0000,148.0000,143.8000,148.0000,3742
AMREST,20201123,23.9000,24.4000,23.4500,24.4000,156965
APATOR,20201123,21.3000,21.9000,21.3000,21.4000,8293
APLISENS,20201123,11.7000,11.8000,11.3000,11.5000,1753
APSENERGY,20201123,1.7100,1.7550,1.6900,1.7550,14057
ARCHICOM,20201123,19.9000,21.0000,18.7000,20.5000,57754
ARCTIC,20201123,4.9900,4.9900,4.8600,4.9100,120890
ARTERIA,20201123,4.1000,4.1000,4.0800,4.0800,211
ARTIFEX,20201123,9.2600,9.3200,9.2200,9.2400,8463
ASBIS,20201123,7.3200,7.5100,7.2100,7.3000,234892
ASMGROUP,20201123,1.8000,1.8000,1.8000,1.8000,9800
ASSECOBS,20201123,34.8000,34.8000,34.0000,34.0000,514
ASSECOPOL,20201123,69.9000,69.9000,66.0000,67.1000,136841
ASSECOSEE,20201123,39.3000,41.0000,39.2000,40.1000,3079
ASTARTA,20201123,25.6000,26.8000,25.6000,26.2000,21390
ATAL,20201123,32.8000,32.8000,32.3000,32.5000,1366
ATENDE,20201123,3.3600,3.4000,3.3000,3.4000,8775
ATLANTAPL,20201123,6.3600,6.3600,6.1000,6.1000,1211
ATLANTIS,20201123,0.7200,0.7300,0.7000,0.7300,6041
ATLASEST,20201123,1.3700,1.3700,1.2850,1.3600,8295
ATMGRUPA,20201123,3.9700,4.1100,3.9500,3.9500,1145
ATREM,20201123,2.0700,2.0900,2.0000,2.0400,8801
AUTOPARTN,20201123,7.9000,7.9000,7.8000,7.8800,27157
BAHOLDING,20201123,0.6310,0.6480,0.6000,0.6400,4139417
BBIDEV,20201123,3.5800,3.5800,3.4200,3.4900,8917
BEDZIN,20201123,9.6000,9.6000,9.5500,9.6000,1500
BENEFIT,20201123,672.0000,672.0000,646.0000,669.0000,448
BEST,20201123,15.7000,16.2000,15.7000,16.2000,3188
BETACOM,20201123,10.5000,10.5000,10.5000,10.5000,25
BETAM40TR,20201123,52.0000,52.7600,52.0000,52.1000,7178
BETAW20LV,20201123,34.3000,35.3300,33.9200,34.1900,10066
BETAW20ST,20201123,399.9000,402.0000,393.5000,401.0000,3002
BETAW20TR,20201123,31.2250,31.6550,31.0300,31.6000,25821
BIK,20201123,11.5000,11.9500,11.5000,11.9500,335
BIOMEDLUB,20201123,14.5000,14.9000,14.3000,14.6000,718227
BIOTON,20201123,4.6400,4.7000,4.5600,4.5750,114079
BNPPBNK20622,20201123,1051.0000,1051.0000,1051.0000,1051.0000,200
BNPPBSK0824,20201123,1016.5000,1017.5000,1016.5000,1017.0000,232
BNPPBSK1022,20201123,981.5000,981.5000,981.5000,981.5000,80
BNPPENDL0422,20201123,998.0000,998.0000,998.0000,998.0000,50
BNPPPL,20201123,46.8000,50.0000,46.8000,50.0000,4500
BNPPSPX0422,20201123,998.5000,998.5000,998.5000,998.5000,50
BNPPSPX1022,20201123,997.0000,997.0000,997.0000,997.0000,50
BNPPSX5E0222,20201123,1009.5000,1009.5000,1009.5000,1009.5000,100
BNPPSXPP0624,20201123,106.2000,106.2000,106.2000,106.2000,300
BOGDANKA,20201123,18.1200,18.4200,18.1000,18.1800,32269
BOOMBIT,20201123,19.1200,19.1200,18.2000,18.7000,51759
BORYSZEW,20201123,2.9100,2.9500,2.9050,2.9200,164169
BOS,20201123,5.5000,5.7800,5.5000,5.7400,20985
BOWIM,20201123,2.1000,2.1000,2.0000,2.0000,28054
BRASTER,20201123,0.5040,0.5170,0.5000,0.5170,43119
BUDIMEX,20201123,251.5000,258.0000,251.0000,256.0000,5279
BUMECH,20201123,1.9700,2.0400,1.9650,2.0300,13234
CCC,20201123,61.0000,63.6200,59.0800,59.4000,543790
CDPROJEKT,20201123,377.5000,389.0000,372.0000,372.6000,325867
CDRL,20201123,16.0000,16.0000,15.5000,15.7000,1607
CELTIC,20201123,6.6000,6.6000,6.6000,6.6000,100
CEZ,20201123,80.8000,81.0000,80.2000,81.0000,42701
CFI,20201123,0.2240,0.2240,0.2110,0.2210,229669
CIECH,20201123,31.0000,32.2500,30.8000,31.6500,61411
CIGAMES,20201123,1.2600,1.3420,1.2560,1.3060,1717244
CITYSERV,20201123,7.4600,7.5000,7.4600,7.5000,198
CLNPHARMA,20201123,41.0000,41.7500,40.6000,40.9500,17520
CNT,20201123,13.0000,13.0000,12.8000,13.0000,844
COALENERG,20201123,0.5900,0.5900,0.5500,0.5550,18253
COGNOR,20201123,1.2000,1.2450,1.2000,1.2200,91757
COMARCH,20201123,196.0000,196.0000,194.0000,194.0000,1170
COMP,20201123,51.4000,52.0000,51.4000,52.0000,2709
COMPERIA,20201123,3.0200,3.1200,2.9000,2.9800,39666
CORMAY,20201123,1.4200,1.4700,1.3200,1.3550,420908
CPGROUP,20201123,6.6000,6.6000,6.5000,6.5000,1626
CYFRPLSAT,20201123,26.6200,26.9000,26.4400,26.7200,511107
CZTOREBKA,20201123,0.7700,0.9200,0.7500,0.7900,92488
DATAWALK,20201123,195.0000,199.0000,195.0000,198.5000,1615
DEBICA,20201123,78.2000,78.2000,76.2000,76.8000,1352
DECORA,20201123,32.0000,33.6000,32.0000,32.6000,10188
DEKPOL,20201123,28.6000,28.6000,26.6000,27.0000,3733
DELKO,20201123,17.2000,17.2000,16.6000,16.8000,11490
DEVELIA,20201123,1.8100,1.9080,1.7020,1.8300,238351
DGA,20201123,4.8700,4.8700,4.8700,4.8700,2
DIGITREE,20201123,5.7500,5.7500,5.7000,5.7500,457
DINOPL,20201123,269.2000,270.6000,256.4000,260.0000,207798
DOMDEV,20201123,98.0000,99.4000,96.0000,96.0000,9447
DROZAPOL,20201123,1.6900,1.7700,1.6300,1.7700,4990
ECHO,20201123,3.8900,4.0400,3.8000,3.8200,76718
EDINVEST,20201123,3.7000,3.7400,3.5800,3.7400,7505
EFEKT,20201123,5.3000,5.3500,5.1500,5.1500,2319
EKOEXPORT,20201123,3.6500,3.9000,3.6500,3.6900,41026
ELBUDOWA,20201123,1.0480,1.0500,0.9800,1.0200,34931
ELEKTROTI,20201123,5.9000,6.1800,5.8600,6.1000,4316
ELEMENTAL,20201123,2.3900,2.4050,2.3900,2.3950,41836
ELKOP,20201123,0.2540,0.2780,0.2500,0.2760,286397
ELZAB,20201123,4.2600,4.5800,4.2600,4.3800,13278
EMCINSMED,20201123,12.5000,12.9000,12.5000,12.9000,449
ENAP,20201123,1.3600,1.3600,1.3000,1.3600,35946
ENEA,20201123,5.5000,5.7050,5.5000,5.6050,492856
ENELMED,20201123,17.4000,17.4000,17.4000,17.4000,145
ENERGA,20201123,8.0450,8.1000,7.8800,8.0100,65057
ENERGOINS,20201123,0.6400,0.6400,0.6100,0.6400,8677
ENTER,20201123,28.8000,30.0000,28.7000,29.2000,5152
ERBUD,20201123,20.3000,20.3000,20.0000,20.3000,325
ERG,20201123,41.0000,41.0000,41.0000,41.0000,52
ESOTIQ,20201123,9.5400,12.5500,9.5400,12.4500,18966
ETFDAX,20201123,552.9000,557.7000,552.1000,555.0000,241
ETFSP500,20201123,138.1800,138.6400,137.4600,138.6400,5165
ETFW20L,20201123,225.7000,230.4000,225.7000,226.0000,2822
EUCO,20201123,4.4000,4.4900,4.3900,4.4900,4829
EUROCASH,20201123,14.5600,14.7200,14.1200,14.3700,288014
EUROTEL,20201123,25.0000,25.0000,24.5000,24.5000,10980
FAMUR,20201123,1.7000,1.7100,1.6500,1.6600,565528
FASING,20201123,11.0000,11.2500,10.9000,11.1000,1879
FEERUM,20201123,11.6000,11.6000,11.6000,11.6000,1
FERRO,20201123,20.2000,20.6000,20.0000,20.1000,9796
FERRUM,20201123,3.5600,3.6400,3.5600,3.6400,4778
FON,20201123,0.1070,0.1080,0.1030,0.1050,78371
FORTE,20201123,39.0000,39.3500,38.3000,38.9500,4956
GAMEOPS,20201123,25.7500,27.1900,24.9000,27.1800,2464
GAMFACTOR,20201123,16.4000,16.4000,15.1000,15.9000,2953
GAMFACTOR-PDA,20201123,15.4800,15.4800,14.8000,15.3000,3463
GETIN,20201123,0.9005,0.9670,0.9005,0.9160,648575
GETINOBLE,20201123,0.1890,0.2195,0.1890,0.2075,6591459
GLCOSMED,20201123,4.8800,4.8800,4.6400,4.7000,60179
GPW,20201123,44.0000,44.2000,43.3000,43.6000,60861
GROCLIN,20201123,1.0400,1.1400,1.0200,1.0500,26466
GRODNO,20201123,12.5500,12.5500,12.2000,12.4000,59576
GRUPAAZOTY,20201123,26.0000,26.4500,25.5500,25.7500,133376
GTC,20201123,6.0600,6.3000,6.0600,6.3000,119415
HANDLOWY,20201123,33.6000,35.6000,33.6000,34.7000,25395
HARPER,20201123,14.2000,14.5000,13.8500,13.9000,25261
HELIO,20201123,10.5000,10.5000,10.1000,10.1000,337
HERKULES,20201123,1.3100,1.3100,1.2800,1.3000,5732
HMINWEST,20201123,12.1000,12.4000,12.1000,12.1000,2589
HUBSTYLE,20201123,1.1900,1.2700,1.0800,1.1800,29480
HYDROTOR,20201123,28.8000,28.8000,28.0000,28.6000,317
I2DEV,20201123,10.2000,10.2000,9.8000,9.8500,760
IALBGR,20201123,0.2800,0.2800,0.2800,0.2800,100
IDEABANK,20201123,1.6700,1.7340,1.6440,1.6660,226886
IDMSA,20201123,0.9300,0.9400,0.8900,0.8900,7071
IFIRMA,20201123,4.8000,4.8800,4.7500,4.7600,14574
IMCOMPANY,20201123,15.6500,15.9000,15.3000,15.9000,4145
IMMOBILE,20201123,2.4100,2.4100,2.3600,2.3600,1807
IMPEL,20201123,12.5000,12.5000,12.3000,12.3000,1850
IMPERA,20201123,1.3800,1.5000,1.3400,1.4700,211734
IMS,20201123,2.4900,2.6100,2.4900,2.6100,41484
INC,20201123,8.3400,8.3400,7.7000,7.9000,94429
INGBSK,20201123,156.0000,159.8000,155.2000,157.0000,8969
INPRO,20201123,4.6000,4.6200,4.6000,4.6200,2040
INSTALKRK,20201123,19.8000,19.8000,19.0500,19.7000,3923
INTERAOLT,20201123,15.4500,15.5000,15.2000,15.2000,8686
INTERCARS,20201123,241.0000,247.0000,236.0000,236.0000,2115
INTERFERI,20201123,4.2200,4.2800,4.2000,4.2800,759
INTERSPPL,20201123,1.2100,1.3000,1.1500,1.3000,15485
INTLALE35055,20201123,20.4500,22.0000,19.6600,20.1500,4830
INTLALE35063,20201123,23.5000,25.9000,23.5000,23.7500,1041
INTLALE35071,20201123,27.1500,27.5500,27.1500,27.5500,200
INTLALE35089,20201123,30.0000,30.0000,30.0000,30.0000,33
INTLALE35097,20201123,31.5500,31.5500,31.5500,31.5500,80
INTLBCO31179,20201123,92.2000,92.2000,91.4000,91.4000,47
INTLBCO31294,20201123,117.8000,117.8000,117.8000,117.8000,40
INTLBCO31682,20201123,63.1000,63.1000,63.1000,63.1000,733
INTLBCO35246,20201123,44.0000,44.6500,44.0000,44.6500,800
INTLBCO35691,20201123,36.4000,36.6000,34.0000,35.8500,2366
INTLBCO35725,20201123,28.4000,28.4000,27.1000,27.1000,2456
INTLCCC28977,20201123,4.1400,4.1400,4.1400,4.1400,222
INTLCCC30510,20201123,4.3800,4.3800,4.3800,4.3800,200
INTLCCC30734,20201123,4.0000,4.0000,4.0000,4.0000,100
INTLCCC30999,20201123,3.3400,3.3500,2.9200,3.0000,36176
INTLCCC31005,20201123,3.3200,3.3200,3.3200,3.3200,500
INTLCDR30478,20201123,13.4000,13.5400,12.4600,12.4600,1462
INTLCDR30486,20201123,14.5800,14.6000,14.5800,14.6000,7200
INTLCDR30494,20201123,15.4600,15.4600,14.6800,14.6800,1800
INTLCDR30726,20201123,11.8400,12.6200,11.3600,11.3600,1281
INTLCDR35345,20201123,8.0500,8.6800,6.9500,7.1400,42068
INTLCDR35352,20201123,9.4600,9.9400,8.3900,8.5400,16932
INTLDAX31872,20201123,101.6000,101.6000,101.6000,101.6000,9
INTLDAX32193,20201123,90.5000,90.5000,90.5000,90.5000,12
INTLDAX35303,20201123,82.1000,82.1000,82.1000,82.1000,294
INTLDAX35592,20201123,49.7500,54.0000,49.7500,49.8500,1481
INTLDAX35618,20201123,74.6000,74.6000,72.8000,72.8000,20
INTLDAX35923,20201123,28.2000,32.0500,26.6000,28.1500,5103
INTLDAX35931,20201123,38.6500,38.6500,38.6500,38.6500,257
INTLDNP29876,20201123,14.7000,14.7000,14.7000,14.7000,80
INTLDNP34710,20201123,8.5500,8.5500,8.5500,8.5500,120
INTLDNP35881,20201123,4.7300,4.7300,4.4900,4.6900,1485
INTLDOW35964,20201123,95.7000,98.6000,95.7000,98.6000,30
INTLEUD33860,20201123,20.1000,20.1000,17.2200,17.2200,749
INTLEUR26823,20201123,46.0000,46.0000,46.0000,46.0000,22
INTLEUR28324,20201123,12.9000,12.9000,12.9000,12.9000,260
INTLEUR34603,20201123,9.5100,9.5100,9.5100,9.5100,350
INTLGBP34645,20201123,29.8000,29.8000,29.3500,29.3500,211
INTLGBU34850,20201123,31.2500,32.6000,30.8500,30.8500,533
INTLGLD22525,20201123,225.5000,225.5000,225.5000,225.5000,6
INTLGLD23903,20201123,185.0000,185.0000,185.0000,185.0000,10
INTLGLD30130,20201123,141.8000,141.8000,134.8000,134.8000,27
INTLGLD30148,20201123,287.0000,287.0000,287.0000,287.0000,10
INTLGLD30866,20201123,115.0000,115.0000,115.0000,115.0000,50
INTLGLD31310,20201123,100.2000,100.2000,86.1000,86.1000,119
INTLGLD33092,20201123,71.0000,71.0000,61.0000,61.0000,259
INTLGLD33100,20201123,53.9000,53.9000,49.8500,50.0000,399
INTLGLD33464,20201123,39.1000,39.1000,24.9000,25.8000,2791
INTLGLD33472,20201123,40.1000,40.1000,37.4500,38.0000,173
INTLJSW28993,20201123,12.1200,12.1200,12.0800,12.0800,4000
INTLJSW30569,20201123,13.1800,13.1800,13.1800,13.1800,50
INTLJSW32136,20201123,9.6200,9.6200,9.0500,9.0600,4076
INTLJSW35386,20201123,7.4900,7.9200,7.0900,7.0900,2540
INTLJSW35394,20201123,8.9000,8.9000,8.1200,8.1200,1400
INTLKGH34793,20201123,38.7000,38.7000,38.7000,38.7000,5
INTLKGH35436,20201123,32.2500,32.2500,32.2500,32.2500,14
INTLKGH35790,20201123,29.8500,29.8500,28.1500,28.1500,260
INTLLTS34702,20201123,12.2600,12.2600,12.0800,12.0800,200
INTLLTS35360,20201123,14.2600,14.2600,14.2600,14.2600,150
INTLLTS35378,20201123,16.4400,16.4400,16.4400,16.4400,70
INTLNAG31740,20201123,1.9100,1.9100,1.9100,1.9100,1000
INTLNAG33779,20201123,2.4100,2.4300,2.4100,2.4300,1037
INTLNDX33621,20201123,68.5000,68.5000,68.5000,68.5000,11
INTLNDX35659,20201123,34.0500,34.0500,34.0500,34.0500,31
INTLPEO29439,20201123,26.1000,26.1000,26.1000,26.1000,12
INTLPEO35451,20201123,22.5000,22.5000,21.5500,21.5500,300
INTLPEO35824,20201123,16.3000,16.3000,16.2000,16.2000,200
INTLPGE31427,20201123,2.5900,2.6200,2.5600,2.6200,4500
INTLPGE35329,20201123,1.9700,1.9700,1.8900,1.9100,3000
INTLPGN32094,20201123,1.4700,1.4700,1.4700,1.4700,1000
INTLPGN32615,20201123,1.3000,1.3000,1.2700,1.2800,22500
INTLPKN04101,20201123,21.3500,22.0000,21.3000,21.3000,1700
INTLPKN04119,20201123,23.7000,23.8000,23.3000,23.3000,195
INTLPKN05496,20201123,19.1200,19.8600,19.1200,19.2800,1269
INTLPKN35840,20201123,11.5000,12.4400,11.5000,12.1800,3606
INTLPKN35857,20201123,12.9200,14.4400,12.9200,13.8400,1352
INTLPKN35865,20201123,14.3400,14.3400,14.3400,14.3400,1000
INTLPKO29405,20201123,12.6000,12.7800,12.6000,12.7800,400
INTLPKO29413,20201123,14.5800,14.5800,14.5800,14.5800,70
INTLPKO30395,20201123,10.5000,11.1000,10.5000,10.9400,6700
INTLPKO35444,20201123,9.6400,10.3400,9.6400,10.1200,1346
INTLPKO35808,20201123,6.9600,7.6100,6.9600,7.3300,1241
INTLPLA30270,20201123,11.0400,11.3000,11.0400,11.3000,700
INTLPLA30288,20201123,13.1600,13.1600,13.1600,13.1600,800
INTLPLA31757,20201123,7.5200,7.5200,7.0400,7.0400,260
INTLPLA33084,20201123,6.5200,6.5200,6.0300,6.0300,4080
INTLPLA35709,20201123,4.5500,4.5500,4.0000,4.1100,3437
INTLPLA35717,20201123,5.7900,5.7900,5.7900,5.7900,200
INTLPZU15610,20201123,8.0900,8.8600,7.7500,7.9100,11497
INTLPZU15800,20201123,9.3200,10.0200,9.3200,9.5400,3824
INTLPZU35766,20201123,6.2600,6.9500,6.2200,6.5100,1702
INTLPZU35774,20201123,7.6700,7.6700,7.6700,7.6700,64
INTLSLV29330,20201123,57.9000,57.9000,57.9000,57.9000,25
INTLSLV29702,20201123,42.3500,42.3500,42.3500,42.3500,42
INTLSLV30890,20201123,36.5500,36.5500,36.5500,36.5500,200
INTLSLV31625,20201123,36.7000,36.7000,36.7000,36.7000,3001
INTLSLV33043,20201123,25.0000,25.0000,25.0000,25.0000,9
INTLSLV33340,20201123,12.8000,12.8000,11.2200,11.2200,97
INTLSLV33357,20201123,16.6400,16.6400,14.1400,14.1400,950
INTLSLV33373,20201123,21.4000,21.4000,21.4000,21.4000,15
INTLSLV33381,20201123,22.4000,22.4000,22.4000,22.4000,200
INTLSLV34967,20201123,9.6000,9.8200,8.6000,8.6000,1301
INTLSPX33894,20201123,25.5000,25.5000,25.5000,25.5000,260
INTLSPX34900,20201123,16.6400,16.8000,16.4200,16.4200,3178
INTLSPX35972,20201123,11.8000,11.8000,11.8000,11.8000,115
INTLTNF25320,20201123,82.0000,82.0000,82.0000,82.0000,18
INTLUSD20602,20201123,21.9000,23.6000,21.9000,23.6000,216
INTLUSD20610,20201123,30.0500,30.0500,30.0500,30.0500,15
INTLUSD20842,20201123,38.6500,38.6500,38.6500,38.6500,27
INTLUSD21170,20201123,16.6600,16.6600,16.5000,16.5000,230
INTLUSD34256,20201123,11.6000,13.9400,11.2000,13.8400,5020
INTLW2028613,20201123,9.3200,9.3200,9.3200,9.3200,110
INTLW2029892,20201123,4.2400,4.4000,4.1500,4.2400,20500
INTLW2030585,20201123,4.0000,4.0000,4.0000,4.0000,249
INTLW2035261,20201123,3.4500,3.5400,3.3500,3.3500,52689
INTLW2035543,20201123,2.4100,2.5700,2.4100,2.5000,17569
INTLW2035550,20201123,2.6800,2.8100,2.5000,2.5600,15200
INTLW2035568,20201123,3.0000,3.0000,3.0000,3.0000,1000
INTLW2035899,20201123,1.9100,2.0200,1.8200,1.8500,80336
INTLW2035907,20201123,2.0800,2.1400,1.9600,1.9600,7276
INTLW2035915,20201123,2.3500,2.3500,2.2100,2.2100,800
INTROL,20201123,3.9200,4.0000,3.8600,3.9400,25827
INTSALE35212,20201123,63.8000,65.2000,62.6000,64.5000,2516
INTSALE35220,20201123,75.9000,75.9000,75.9000,75.9000,6
INTSBCO28027,20201123,25.4000,27.4000,24.8000,27.4000,228
INTSBCO28035,20201123,32.0000,33.6500,32.0000,33.1000,328
INTSBCO28308,20201123,18.1600,18.1600,18.1600,18.1600,350
INTSBCO34454,20201123,12.0800,12.0800,10.8000,11.9200,604
INTSCCC23978,20201123,15.8800,15.8800,15.8800,15.8800,1890
INTSCCC34207,20201123,2.3500,2.5800,2.3500,2.5300,650
INTSCDR34124,20201123,17.4600,17.8600,17.4600,17.8600,900
INTSCDR34199,20201123,21.0500,21.0500,21.0500,21.0500,28
INTSCDR34249,20201123,13.5800,13.5800,13.3800,13.4000,3150
INTSCDR34801,20201123,10.2400,11.1800,9.6700,11.0800,9236
INTSDAX25783,20201123,28.4500,30.0000,24.0000,28.4000,15743
INTSDAX25825,20201123,36.6500,41.7000,36.6500,41.7000,876
INTSDAX26591,20201123,50.5000,53.0000,49.0000,53.0000,660
INTSDAX26609,20201123,65.6000,67.6000,61.4000,67.6000,883
INTSDAX34330,20201123,15.3000,15.3000,11.3400,11.3400,3582
INTSDOW27128,20201123,78.5000,78.5000,78.5000,78.5000,70
INTSEUD21246,20201123,12.9600,15.6200,12.9600,15.6200,328
INTSGBU21030,20201123,62.8000,62.8000,62.8000,62.8000,36
INTSGBU31831,20201123,13.6200,15.4800,13.2400,15.4800,609
INTSGLD31591,20201123,160.4000,160.4000,160.4000,160.4000,10
INTSGLD33886,20201123,212.0000,212.0000,212.0000,212.0000,35
INTSGLD34504,20201123,73.0000,87.9000,73.0000,87.9000,779
INTSHSC28225,20201123,16.3000,16.3000,16.3000,16.3000,1000
INTSLTS34041,20201123,22.1000,22.1000,22.1000,22.1000,300
INTSNDX33225,20201123,34.1500,37.1000,33.1000,37.1000,12297
INTSNDX33639,20201123,110.6000,110.6000,110.6000,110.6000,6
INTSNDX33647,20201123,131.6000,131.6000,131.6000,131.6000,1
INTSNKX27094,20201123,52.2000,53.7000,51.6000,51.6000,188
INTSPEO24687,20201123,62.4000,62.6000,62.4000,62.6000,75
INTSPEO32334,20201123,25.4500,25.4500,25.4500,25.4500,100
INTSPGE26989,20201123,3.5000,3.5000,3.5000,3.5000,1000
INTSPKN27649,20201123,26.7500,26.7500,26.4500,26.6500,1000
INTSPKN34173,20201123,16.7000,16.7000,15.4000,16.5400,2896
INTSPKO23630,20201123,19.5200,19.5800,19.5200,19.5800,273
INTSPKO26997,20201123,16.8000,16.8000,16.1800,16.4200,5662
INTSPKO32300,20201123,3.7100,3.7100,2.7400,3.0100,50536
INTSPLA34488,20201123,4.1400,4.1400,4.1400,4.1400,30
INTSPZU20131,20201123,20.8000,20.8000,20.8000,20.8000,100
INTSPZU34165,20201123,10.7200,11.1000,10.7200,11.1000,130
INTSSLV34520,20201123,23.0000,25.1000,23.0000,25.1000,115
INTSSLV34538,20201123,20.8000,21.0000,20.8000,21.0000,900
INTSSLV34553,20201123,14.4800,16.8800,14.4600,16.4400,671
INTSSPX34140,20201123,14.2000,14.4800,14.1400,14.4800,533
INTSSPX34413,20201123,8.4000,8.8800,8.2000,8.8800,11479
INTSSPX34421,20201123,33.1000,33.1000,33.1000,33.1000,58
INTSUSD32235,20201123,39.2000,39.9500,39.2000,39.9500,1550
INTSUSD35535,20201123,21.4500,21.4500,19.0000,19.0000,320
INTSW2005892,20201123,6.1500,6.1500,6.1500,6.1500,500
INTSW2019596,20201123,7.4100,7.4700,7.4100,7.4700,456
INTSW2019976,20201123,9.6900,9.6900,9.6900,9.6900,750
INTSW2020867,20201123,5.3600,5.3600,5.3600,5.3600,200
INTSW2026005,20201123,4.3200,4.4300,4.1600,4.4300,3538
INTSW2027078,20201123,3.8700,3.8700,3.8700,3.8700,279
INTSW2027243,20201123,3.1100,3.2800,3.1100,3.1600,3012
INTSW2027391,20201123,2.5900,2.7200,2.5900,2.7200,774
INTSW2028464,20201123,1.1600,1.2500,0.8900,1.2000,82072
INTSW2028472,20201123,1.6200,1.7000,1.5200,1.7000,27664
INTSW2028480,20201123,2.1800,2.2700,1.9700,2.2700,36960
INTSW2034306,20201123,0.9300,0.9500,0.6600,0.6600,34884
INVCEEFIZ,20201123,482.9000,482.9000,482.9000,482.9000,15
INVFIZ,20201123,947.0000,947.0000,947.0000,947.0000,5
INVISTA,20201123,0.3300,0.3300,0.3300,0.3300,750
INVPEFIZ,20201123,860.1000,860.1000,860.1000,860.1000,2
IPOPEMA,20201123,4.0200,4.0600,3.8800,3.8800,53182
ITMTRADE,20201123,0.1475,0.1480,0.1470,0.1470,13804
IZOBLOK,20201123,33.4000,35.0000,33.1000,35.0000,818
IZOLACJA,20201123,1.6050,1.9350,1.6050,1.9000,70280
IZOSTAL,20201123,2.4000,2.4000,2.3500,2.3900,21164
JSW,20201123,21.1000,21.9300,20.9700,21.2000,991262
JWCONSTR,20201123,3.0000,3.0400,2.9700,3.0400,3082
K2INTERNT,20201123,21.6000,22.0000,20.8000,20.8000,5586
KCI,20201123,0.6740,0.7260,0.6740,0.6800,54263
KERNEL,20201123,44.4000,46.8000,44.1000,46.0000,26426
KETY,20201123,455.0000,458.0000,451.5000,456.0000,4512
KGHM,20201123,142.0000,144.1000,139.8000,141.0000,408033
KGL,20201123,16.4500,16.9000,16.4500,16.8500,1296
KINOPOL,20201123,7.3000,7.8000,7.2000,7.7500,44304
KOGENERA,20201123,32.4000,33.8000,32.4000,33.8000,1228
KOMPAP,20201123,8.5000,8.9000,8.4000,8.8500,17665
KOMPUTRON,20201123,1.9800,2.0200,1.9050,2.0000,16245
KPPD,20201123,28.0000,28.4000,28.0000,28.4000,356
KREC,20201123,7.2200,7.7200,7.2000,7.7000,5138
KREDYTIN,20201123,11.4000,11.4000,11.4000,11.4000,6
KRKA,20201123,384.0000,394.0000,384.0000,394.0000,551
KRUK,20201123,136.1000,138.6000,132.1000,132.6000,19500
KRUSZWICA,20201123,54.8000,55.4000,54.6000,55.0000,850
KRVITAMIN,20201123,20.1000,21.4000,19.7500,20.8000,48645
KSGAGRO,20201123,2.9800,2.9800,2.6000,2.7200,210490
LABOPRINT,20201123,10.5000,10.5000,10.5000,10.5000,6
LARQ,20201123,1.7950,1.7950,1.7800,1.7800,50
LENA,20201123,3.6400,3.6500,3.6000,3.6400,9506
LENTEX,20201123,9.9000,9.9000,9.8000,9.8800,4097
LIBET,20201123,2.0900,2.0900,1.9800,1.9850,40573
LIVECHAT,20201123,94.8000,97.9000,94.8000,95.3000,12820
LOKUM,20201123,12.0000,12.0000,11.2000,11.9000,2531
LOTOS,20201123,33.8000,34.7100,33.3300,33.4400,1150624
LPP,20201123,7100.0000,7155.0000,6805.0000,6805.0000,2800
LSISOFT,20201123,12.4500,12.5500,12.4500,12.5500,2255
LUBAWA,20201123,1.4900,1.5300,1.4800,1.5000,252944
MABION,20201123,24.5000,24.8500,24.4000,24.8000,18865
MAKARONPL,20201123,5.6500,5.7000,5.6000,5.7000,1641
MANGATA,20201123,54.5000,54.5000,53.0000,54.5000,463
MARVIPOL,20201123,5.3000,5.3000,5.1000,5.2400,28332
MASTERPHA,20201123,4.0700,4.0700,4.0500,4.0500,2150
MAXCOM,20201123,12.0000,12.0500,11.7000,11.9000,4584
MBANK,20201123,163.6000,171.0000,163.6000,167.9000,78871
MBWS,20201123,5.8200,5.9000,5.8200,5.9000,12
MCI,20201123,14.5000,15.1500,14.5000,15.0000,61069
MDIENERGIA,20201123,3.9000,3.9000,3.7600,3.8400,10980
MEDIACAP,20201123,2.0000,2.0000,2.0000,2.0000,14509
MEDICALG,20201123,25.1000,25.4000,24.2500,24.3000,4222
MENNICA,20201123,20.0000,20.0000,19.6000,19.8000,1980
MERCATOR,20201123,455.0000,479.0000,455.0000,465.0000,52284
MERCOR,20201123,10.5000,10.5000,10.5000,10.5000,216
MEXPOLSKA,20201123,1.3900,1.3900,1.3900,1.3900,2262
MFO,20201123,23.2000,23.2000,21.2000,22.4000,3875
MILKILAND,20201123,0.7650,0.7900,0.7400,0.7790,45747
MILLENNIUM,20201123,2.8600,2.9420,2.8600,2.8960,1344897
MIRACULUM,20201123,1.2000,1.2100,1.1400,1.1800,41639
MIRBUD,20201123,2.4700,2.5000,2.4400,2.5000,131497
MLPGROUP,20201123,86.0000,86.0000,80.0000,84.0000,65
MLSYSTEM,20201123,83.0000,84.0000,80.0000,83.8000,33558
MOBRUK,20201123,324.0000,324.0000,304.0000,324.0000,200
MOJ,20201123,1.1600,1.1900,1.1400,1.1400,10350
MOL,20201123,24.8400,25.2000,24.6800,24.6800,739
MONNARI,20201123,1.8400,2.0200,1.7500,2.0200,651083
MOSTALPLC,20201123,8.8600,9.1600,8.8600,9.1600,2132
MOSTALWAR,20201123,4.6900,4.7800,4.3800,4.6800,11531
MOSTALZAB,20201123,0.8820,0.9000,0.8800,0.8940,81062
MUZA,20201123,2.5800,2.5800,2.5800,2.5800,4000
MWTRADE,20201123,1.7600,1.8500,1.7600,1.8400,11531
NANOGROUP,20201123,6.5500,6.5500,6.1500,6.2000,11659
NANOGROUP-PDA,20201123,5.8000,5.8000,5.3000,5.6500,20302
NETIA,20201123,4.6900,4.7600,4.6200,4.7000,21163
NEUCA,20201123,588.0000,600.0000,582.0000,594.0000,813
NEWAG,20201123,26.9000,27.5000,26.8000,26.9000,4059
NEXITY,20201123,20.0000,21.0000,19.7000,20.6000,1904
NOVATURAS,20201123,10.7000,10.7000,10.7000,10.7000,9
NOVAVISGR,20201123,1.7000,1.7000,1.5800,1.6200,4284
NOVITA,20201123,161.0000,169.0000,158.0000,162.0000,4082
NOWAGALA,20201123,0.9600,0.9600,0.9600,0.9600,55
NTTSYSTEM,20201123,3.1600,3.2700,3.1600,3.1900,9983
OAT,20201123,53.0000,56.2000,51.0000,53.0000,161650
ODLEWNIE,20201123,4.7500,4.7600,4.6400,4.7600,3353
OEX,20201123,15.6000,15.9000,15.6000,15.6000,796
OPENFIN,20201123,1.2000,1.2400,0.9100,0.9660,395487
OPONEO.PL,20201123,35.0000,35.0000,34.2000,34.7000,2646
OPTEAM,20201123,24.4000,24.6000,24.0000,24.0000,628
ORANGEPL,20201123,6.4300,6.4500,6.3000,6.3500,1238245
ORCOGROUP,20201123,1.3000,1.3000,1.3000,1.3000,1000
ORZBIALY,20201123,10.3500,10.8000,10.3500,10.8000,82
OTLOG,20201123,3.7000,3.8000,3.5400,3.7800,9758
OTMUCHOW,20201123,1.6400,1.6600,1.5000,1.6600,13389
OVOSTAR,20201123,73.0000,73.0000,72.5000,73.0000,501
PAMAPOL,20201123,1.4200,1.4700,1.3800,1.4600,22701
PANOVA,20201123,10.6000,11.6000,10.6000,11.4000,558
PATENTUS,20201123,1.0850,1.0850,1.0350,1.0700,3031
PCCEXOL,20201123,3.8200,3.8400,3.5500,3.5800,434694
PCCROKITA,20201123,48.4000,48.7000,48.0000,48.6000,4772
PEKABEX,20201123,15.7000,16.0000,15.6000,15.8500,10538
PEKAO,20201123,57.1000,59.6200,57.1000,58.7400,1057519
PEMANAGER,20201123,15.0000,15.0000,14.7000,14.8000,23349
PEP,20201123,50.6000,51.4000,50.4000,50.6000,21268
PEPEES,20201123,1.3500,1.3700,1.3200,1.3600,19304
PGE,20201123,6.0840,6.2000,6.0580,6.1280,1881703
PGNIG,20201123,4.8400,4.9880,4.8280,4.9700,3386598
PGO,20201123,1.0900,1.0900,1.0900,1.0900,110
PGSSOFT,20201123,12.7000,12.7000,12.2500,12.2500,10719
PHARMENA,20201123,12.0000,12.3500,11.8000,12.2500,6758
PHN,20201123,11.1500,11.3000,10.9000,11.3000,502
PKNORLEN,20201123,51.8000,52.8800,50.6000,52.5400,1743461
PKOBP,20201123,27.0000,28.0000,27.0000,27.8500,3690007
PKOGD,20201123,104.5000,104.5000,104.5000,104.5000,650
PKPCARGO,20201123,12.9800,13.2000,12.6000,12.6000,209298
PLASTBOX,20201123,1.8600,1.8600,1.8600,1.8600,1300
PLAY,20201123,38.7000,38.9200,38.7000,38.7000,95054
PLAYWAY,20201123,565.0000,570.0000,555.0000,568.0000,4183
PLAZACNTR,20201123,1.7000,1.7800,1.7000,1.7800,500
PMPG,20201123,1.9200,2.0800,1.9200,2.0400,5531
POLICE,20201123,12.0000,12.3000,12.0000,12.3000,2790
POLIMEXMS,20201123,2.4400,2.4500,2.3200,2.3200,358198
POLNORD,20201123,2.8600,2.9200,2.8600,2.9100,4706
POLWAX,20201123,3.3500,3.4400,3.3100,3.4000,73785
POZBUD,20201123,1.8200,1.8800,1.8200,1.8600,61601
PRAGMAFA,20201123,22.8000,23.0000,20.6000,21.0000,3344
PRAGMAINK,20201123,7.2800,7.4200,7.2800,7.4200,210
PRAIRIE,20201123,0.5800,0.6190,0.5800,0.5890,799218
PRIMETECH,20201123,1.1400,1.2000,1.1300,1.2000,1108
PROCHEM,20201123,18.0500,18.0500,18.0500,18.0500,49
PROJPRZEM,20201123,16.4000,16.4000,15.4500,15.4500,210
PROTEKTOR,20201123,4.1000,4.1800,4.0200,4.0800,15224
PROVIDENT,20201123,4.3000,4.6000,4.3000,4.5250,46682
PULAWY,20201123,88.0000,88.4000,85.0000,85.4000,1431
PUNKPIRAT,20201123,0.7200,0.7200,0.6800,0.6900,28327
PZU,20201123,26.7800,27.6300,26.5500,26.8000,2333003
PZUAKORD,20201123,119.5000,119.5000,119.5000,119.5000,1240
QMULTIFIZ,20201123,1208.4100,1208.4100,1208.0000,1208.1000,142
QUERCUS,20201123,3.0900,3.1800,3.0800,3.1400,32268
R22,20201123,32.4000,32.8000,31.4000,32.8000,65145
RADPOL,20201123,2.3700,2.3700,2.2700,2.3500,1634
RAFAKO,20201123,1.0200,1.0580,1.0120,1.0360,496586
RAFAMET,20201123,13.9000,13.9000,13.9000,13.9000,3
RAINBOW,20201123,19.3000,19.5000,18.1500,19.5000,27423
RANKPROGR,20201123,1.4000,1.4500,1.4000,1.4500,8664
RAWLPLUG,20201123,8.8400,8.8400,8.8000,8.8000,2160
RCCOFFAOPEN1,20201123,2.8300,2.8300,2.8100,2.8300,150500
RCESX7E0621,20201123,645.0000,645.0000,645.0000,645.0000,107
RCESX7E0923,20201123,851.5000,851.5000,851.5000,851.5000,485
RCESXPP0823,20201123,1065.0000,1065.0000,1065.0000,1065.0000,100
RCESXPP0924,20201123,1058.0000,1058.0000,1058.0000,1058.0000,257
RCFL10GOLD,20201123,9.9500,9.9500,7.9200,8.0000,1200
RCFL10GOLD1,20201123,3.7000,3.7000,3.6900,3.6900,1200
RCFL2OIL,20201123,2.5000,2.5300,2.5000,2.5300,2450
RCFL2PKN1,20201123,5.6400,5.9100,5.6400,5.9100,3
RCFL2PZU1,20201123,8.0000,8.1500,8.0000,8.1500,500
RCFL2W20,20201123,56.4000,56.4000,56.4000,56.4000,4
RCFL3ALR1,20201123,9.0200,9.0700,8.6100,8.6100,536
RCFL3BAS,20201123,18.0200,18.1200,18.0200,18.1200,120
RCFL3BZW,20201123,2.6400,2.6400,2.6400,2.6400,2000
RCFL3CCC,20201123,0.0600,0.0600,0.0600,0.0600,5000
RCFL3CCC1,20201123,12.9400,13.0600,11.3600,11.3800,1080
RCFL3CDPRO1,20201123,74.5000,77.3000,69.6000,69.6000,161
RCFL3CDPRO2,20201123,7.1200,7.3500,7.1200,7.3500,384
RCFL3CORN2,20201123,15.1200,15.2000,15.1200,15.2000,150
RCFL3EAD,20201123,1.1300,1.1300,1.1300,1.1300,1
RCFL3ENA,20201123,3.1000,3.1000,3.1000,3.1000,3225
RCFL3EUH,20201123,0.8200,0.8300,0.8200,0.8300,4000
RCFL3GOLD,20201123,63.2000,63.2000,60.5000,60.5000,941
RCFL3GOLD2,20201123,23.7000,23.7000,22.8000,22.8000,225
RCFL3JSW,20201123,0.3400,0.3700,0.3200,0.3200,460154
RCFL3JSW1,20201123,11.5600,12.4800,11.4000,11.4000,713
RCFL3KGH,20201123,5.3400,5.3400,5.3400,5.3400,5000
RCFL3LTS1,20201123,0.1700,0.1900,0.1700,0.1700,28076
RCFL3MBK,20201123,1.1500,1.2300,1.1500,1.2300,64074
RCFL3MSFIN,20201123,1.8800,1.8800,1.7900,1.7900,2700
RCFL3OIL2,20201123,1.5000,1.5000,1.5000,1.5000,1257
RCFL3PALL3,20201123,1.1100,1.1300,1.1100,1.1300,20
RCFL3PEO,20201123,1.0500,1.1200,1.0500,1.0800,15200
RCFL3PGE,20201123,0.1300,0.1400,0.1300,0.1400,15000
RCFL3PGE1,20201123,10.7200,10.7200,10.7200,10.7200,400
RCFL3PKN,20201123,9.0900,9.8600,9.0900,9.3100,12037
RCFL3PKO,20201123,4.3300,4.6000,4.3300,4.5600,12607
RCFL3PLAT2,20201123,10.1800,10.1800,9.8300,9.9500,750
RCFL3PLW,20201123,9.9400,10.3400,9.9400,10.3400,610
RCFL3PZU,20201123,10.2800,11.0400,9.9800,9.9800,2545
RCFL3SILVE,20201123,5.7700,5.7700,5.5500,5.5500,2140
RCFL3SILVE3,20201123,15.5600,15.5600,15.2400,15.2400,230
RCFL3SUGA2,20201123,6.0100,6.0100,6.0100,6.0100,250
RCFL3TPE,20201123,5.5200,5.5200,5.5200,5.5200,300
RCFL3W20,20201123,25.1000,25.1500,24.4000,24.4000,8812
RCFL3WHT3,20201123,9.9000,9.9000,9.8800,9.8800,250
RCFL4ALE,20201123,14.8600,14.8600,13.2400,13.8200,500
RCFL4CDPRO,20201123,32.7000,34.0000,29.6000,30.0500,8309
RCFL4CDPRO1,20201123,5.6700,5.9500,5.6300,5.6300,848
RCFL4FW202,20201123,1.8000,1.8000,1.8000,1.8000,500
RCFL4FW203,20201123,2.5300,2.5300,2.5100,2.5100,1501
RCFL4GAMES,20201123,73.0000,74.0000,70.5000,70.5000,315
RCFL4KGH,20201123,5.8100,5.8100,5.4100,5.4500,1329
RCFL4MWIG40,20201123,3.4400,3.4400,3.4400,3.4400,100
RCFL4PALL2,20201123,1.1400,1.1400,1.1400,1.1400,1900
RCFL4PEO1,20201123,6.3800,6.8900,6.2800,6.2800,1070
RCFL4PGE,20201123,6.2100,6.2300,6.2100,6.2300,650
RCFL4PGN,20201123,0.3900,0.3900,0.3900,0.3900,50000
RCFL4PGN2,20201123,6.3800,6.3800,6.0100,6.0100,300
RCFL4PKN1,20201123,1.9500,2.0600,1.9500,2.0000,3292
RCFL4PKO,20201123,0.4800,0.5200,0.4800,0.5200,12083
RCFL4PLAT2,20201123,8.6700,8.8400,8.6700,8.8400,119
RCFL4PZU,20201123,0.4700,0.5000,0.4500,0.4500,56000
RCFL4PZU1,20201123,7.6900,7.6900,6.8200,7.2500,750
RCFL4SILVE2,20201123,8.0100,8.0100,7.4300,7.4300,2170
RCFL5ALE,20201123,12.5400,14.5400,12.5400,12.7600,2374
RCFL5COCO1,20201123,1.6600,1.6600,1.6400,1.6400,5000
RCFL5COFF4,20201123,6.8500,6.9400,6.1000,6.1000,640
RCFL5COPP,20201123,8.2500,8.2500,8.2500,8.2500,1100
RCFL5CORN,20201123,3.8700,3.8700,3.8700,3.8700,70
RCFL5FW20,20201123,0.6000,0.6000,0.6000,0.6000,4527
RCFL5MWIG40,20201123,2.0300,2.1000,2.0000,2.0000,5400
RCFL5OIL4,20201123,11.1600,11.1800,11.1600,11.1600,2000
RCFL5SBO1,20201123,15.5600,15.8800,15.5600,15.8800,451
RCFL5SILVE1,20201123,2.6500,2.6500,2.6500,2.6500,300
RCFL5W20,20201123,12.5000,12.5000,12.2600,12.2600,570
RCFL6COCO,20201123,7.8300,7.8300,7.8300,7.8300,100
RCFL6COFF1,20201123,0.8900,0.8900,0.8900,0.8900,2000
RCFL6COFF3,20201123,5.7700,5.8200,5.3300,5.3300,420
RCFL6FW201,20201123,0.5500,0.5500,0.5500,0.5500,3000
RCFL6GOLD1,20201123,9.5100,9.5100,9.5100,9.5100,100
RCFL6NAG2,20201123,0.1800,0.1800,0.1800,0.1800,5000
RCFL6PALL,20201123,0.0900,0.0900,0.0900,0.0900,500
RCFL6PLAT2,20201123,4.4100,4.8200,4.4100,4.8200,1596
RCFL6SILVE,20201123,1.3400,1.3400,1.2400,1.2400,6058
RCFL6SILVE2,20201123,8.0000,8.0000,8.0000,8.0000,300
RCFL6SUGA,20201123,2.4800,2.7400,2.4800,2.7400,5209
RCFL6W20,20201123,11.7200,12.4400,11.1800,11.1800,2286
RCFL6W201,20201123,0.4000,0.4000,0.4000,0.4000,28050
RCFL8COCO,20201123,1.5700,1.5700,1.5700,1.5700,4108
RCFL8COFF1,20201123,0.4600,0.4600,0.4600,0.4600,16893
RCFL8COPP1,20201123,5.9200,5.9200,5.9200,5.9200,1000
RCFS10GOLD1,20201123,0.2600,0.2600,0.2600,0.2600,22392
RCFS10GOLD2,20201123,12.3200,12.3200,12.3200,12.3200,90
RCFS10OIL2,20201123,0.5300,0.5300,0.5000,0.5000,40326
RCFS10SILVE2,20201123,5.0000,5.8400,5.0000,5.8400,1685
RCFS3ALR,20201123,19.8000,19.8400,18.4600,18.4600,350
RCFS3ALR1,20201123,2.8500,2.8500,2.8200,2.8200,2109
RCFS3BZW,20201123,10.9400,10.9400,10.9400,10.9400,250
RCFS3CBK,20201123,0.2100,0.2100,0.2100,0.2100,5000
RCFS3CDPRO,20201123,2.8500,2.8500,2.8500,2.8500,30
RCFS3COCO2,20201123,8.7500,8.7500,8.7500,8.7500,200
RCFS3ENA,20201123,6.4000,6.4000,6.4000,6.4000,400
RCFS3EUH2,20201123,7.8300,7.8300,7.8300,7.8300,400
RCFS3KGH,20201123,0.1200,0.1300,0.1200,0.1300,967135
RCFS3KGH1,20201123,6.5800,6.8600,6.5800,6.8600,10537
RCFS3MWIG40,20201123,7.6700,7.6700,7.6100,7.6100,1801
RCFS3OIL4,20201123,6.4200,6.4200,6.4200,6.4200,120
RCFS3PEO,20201123,10.2000,10.2000,10.2000,10.2000,400
RCFS3PGE,20201123,0.9700,0.9700,0.9700,0.9700,2500
RCFS3PKO,20201123,3.0500,3.0500,2.8500,2.8600,5900
RCFS3SOY,20201123,4.9800,5.1100,4.9700,5.1100,17102
RCFS3W20,20201123,25.1500,25.7000,24.4000,25.5500,512
RCFS4CDPRO1,20201123,1.5200,1.7100,1.4600,1.7100,16960
RCFS4KGH1,20201123,5.7100,5.7100,5.7100,5.7100,100
RCFS4LPP,20201123,2.0900,2.2300,2.0900,2.2300,10010
RCFS4OIL4,20201123,5.3900,5.3900,5.3900,5.3900,200
RCFS4PEO,20201123,6.9400,7.2300,6.9400,7.2300,600
RCFS4PGE,20201123,0.8100,0.8200,0.8100,0.8200,15000
RCFS4PKN,20201123,7.7700,7.7700,7.0700,7.0700,2000
RCFS4PKO,20201123,3.4700,3.4700,3.1000,3.1000,1500
RCFS4PLAT2,20201123,2.1900,2.1900,2.1900,2.1900,2000
RCFS4PZU,20201123,9.4400,9.5600,8.8800,9.5600,3000
RCFS5COFF,20201123,0.9400,0.9400,0.9400,0.9400,5000
RCFS5FW20,20201123,2.8900,2.8900,2.8100,2.8100,571
RCFS5FW202,20201123,2.1800,2.1800,2.0500,2.0500,7100
RCFS5NAG1,20201123,1.7600,1.7600,1.7600,1.7600,2000
RCFS5PLAT2,20201123,0.9900,0.9900,0.9900,0.9900,500
RCFS5SOY,20201123,1.5600,1.6200,1.5600,1.6200,19661
RCFS5SUGA,20201123,1.5000,1.5800,1.4700,1.5800,15500
RCFS5SUGA1,20201123,0.8700,0.8900,0.8500,0.8900,11400
RCFS6COCO1,20201123,1.1400,1.1400,1.1400,1.1400,1764
RCFS6COFF1,20201123,2.1800,2.1800,2.1800,2.1800,500
RCFS6CORN,20201123,1.4700,1.4700,1.4700,1.4700,682
RCFS6PLAT1,20201123,0.3600,0.3600,0.3600,0.3600,7748
RCFS6W201,20201123,2.1000,2.1600,1.9900,2.1600,76742
RCFS7NAG1,20201123,3.1800,3.1800,3.1800,3.1800,40
RCFS8COPP1,20201123,0.6100,0.6100,0.6100,0.6100,750
RCFS9GOLD,20201123,0.5100,0.5100,0.5100,0.5100,5000
RCGLDAOPEN,20201123,707.0000,707.0000,689.0000,689.0000,34
RCGXAU0322,20201123,1076.5000,1076.5000,1076.5000,1076.5000,300
RCLOILAOPEN,20201123,14.8000,14.9000,14.8000,14.9000,8847
RCRBSPX1122,20201123,596.5000,596.5000,596.5000,596.5000,200
RCSDAXOPEN,20201123,83.2000,83.2000,83.2000,83.2000,16
RCSDGP0421,20201123,1032.5000,1032.5000,1032.5000,1032.5000,60
RCSILAOPEN,20201123,92.5000,92.5000,92.5000,92.5000,37
RCTL11B,20201123,16.5800,16.5800,16.5000,16.5000,113
RCTLBME1,20201123,7.8400,7.8400,7.8400,7.8400,100
RCTLCOFF014,20201123,1.0000,1.0000,1.0000,1.0000,5859
RCTSJSW2,20201123,1.5200,1.5400,1.5200,1.5400,4000
REDAN,20201123,0.2180,0.2180,0.2160,0.2160,14520
REINO,20201123,1.4600,1.4600,1.4600,1.4600,2
RELPOL,20201123,5.2200,5.5800,5.2200,5.5200,30587
REMAK,20201123,10.0000,10.0500,10.0000,10.0500,2210
RONSON,20201123,1.3100,1.3100,1.2900,1.2900,17584
ROPCZYCE,20201123,22.1000,23.4000,22.1000,23.4000,4150
RYVU,20201123,51.4000,52.0000,50.2000,52.0000,12874
SANOK,20201123,13.9000,14.4000,13.8500,14.3000,42625
SANPL,20201123,178.6000,181.5000,176.5000,179.6000,66815
SANTANDER,20201123,10.4840,10.6000,10.3700,10.5900,16743
SANWIL,20201123,3.7600,3.8400,3.5800,3.6600,62582
SEKO,20201123,8.7000,8.8000,8.7000,8.8000,820
SELENAFM,20201123,16.0000,16.0000,15.5500,15.9500,3459
SELVITA,20201123,44.6000,44.6000,43.0000,43.8000,11774
SERINUS,20201123,0.2960,0.2980,0.2900,0.2920,234040
SESCOM,20201123,28.0000,28.0000,28.0000,28.0000,40
SFINKS,20201123,0.3100,0.3200,0.3000,0.3200,56336
SILVAIR-REGS,20201123,7.9000,7.9000,7.7000,7.7000,1000
SIMPLE,20201123,12.0000,12.0000,11.9000,11.9000,3054
SKARBIEC,20201123,26.9000,28.0000,26.6000,27.4000,11346
SKOTAN,20201123,1.7500,1.8000,1.7200,1.7900,3941
SKYLINE,20201123,0.7000,0.7000,0.7000,0.7000,20
SLEEPZAG,20201123,0.4080,0.4080,0.4080,0.4080,10000
SNIEZKA,20201123,88.6000,88.6000,87.4000,88.4000,551
SOLAR,20201123,4.0000,4.2800,3.9100,4.1200,33754
SONEL,20201123,9.6500,10.4000,9.5000,9.9000,12854
SOPHARMA,20201123,10.7000,11.0000,10.5000,11.0000,718
STALEXP,20201123,3.1400,3.1400,3.1100,3.1400,105177
STALPROD,20201123,206.0000,219.0000,206.0000,215.5000,2100
STALPROFI,20201123,6.1600,6.1800,5.9600,6.1000,5882
STAPORKOW,20201123,2.5400,2.5400,2.4200,2.5000,3891
STARHEDGE,20201123,0.4300,0.4550,0.4140,0.4500,6570
SUNEX,20201123,4.7800,4.9800,4.6500,4.9000,39356
SUWARY,20201123,16.0000,16.0000,16.0000,16.0000,25
SWISSMED,20201123,3.8700,4.0000,3.8400,3.8400,9687
SYGNITY,20201123,8.3200,8.3200,8.0200,8.2000,7362
SYNEKTIK,20201123,26.8000,27.3000,26.2000,27.0000,15107
TALEX,20201123,11.5000,11.6500,11.5000,11.6500,410
TATRY,20201123,150.0000,159.0000,145.0000,145.0000,170
TAURONPE,20201123,2.1720,2.2060,2.1480,2.1800,2898804
TBULL,20201123,24.0000,26.3000,23.7000,26.0000,9990
TESGAS,20201123,4.7400,4.7600,4.5600,4.6600,10833
TIM,20201123,15.1000,15.7000,15.1000,15.6000,63855
TORPOL,20201123,10.9000,11.4000,10.6000,11.2000,62341
TOWERINVT,20201123,13.7000,13.7000,12.8000,12.9000,2245
TOYA,20201123,6.6000,6.6000,5.9400,6.2000,144306
TRAKCJA,20201123,1.7800,1.8300,1.7400,1.7600,329295
TRANSPOL,20201123,3.4400,3.4400,2.9900,3.1000,237347
TRIGONPP,20201123,43.5000,43.8900,43.5000,43.8900,331
TRIGONPP3,20201123,43.8900,43.8900,43.8900,43.8900,202
TRIGONPP7,20201123,44.8500,44.8500,44.8500,44.8500,1
TRITON,20201123,2.2400,2.2400,2.1600,2.1600,4225
TSGAMES,20201123,614.0000,619.0000,605.0000,615.0000,14453
UCEXDTEGN0423,20201123,1050.5000,1050.5000,1050.5000,1050.5000,49
ULMA,20201123,45.4000,45.4000,45.2000,45.4000,402
ULTGAMES,20201123,31.3500,33.5000,31.3500,32.9000,43364
UNIBEP,20201123,7.9800,8.1000,7.9800,8.1000,1875
UNICREDIT,20201123,38.1000,39.7000,38.1000,39.7000,689
UNIMA,20201123,2.9600,2.9600,2.9600,2.9600,140
UNIMOT,20201123,32.0000,33.3000,31.0000,32.1500,24711
URSUS,20201123,0.7560,0.7880,0.7100,0.7700,639187
VIGOSYS,20201123,555.0000,560.0000,550.0000,560.0000,19
VINDEXUS,20201123,4.6100,4.9000,4.6000,4.9000,6038
VISTAL,20201123,3.2700,3.3300,3.1150,3.3200,64368
VIVID,20201123,1.7780,1.8000,1.7400,1.8000,35445
VOTUM,20201123,12.7000,12.7000,12.4000,12.4000,9130
VOXEL,20201123,44.4000,44.4000,43.6000,44.4000,2177
VRG,20201123,2.5600,2.6600,2.4700,2.5000,243130
WARIMPEX,20201123,5.1000,5.1000,5.0600,5.1000,703
WASKO,20201123,1.2500,1.2500,1.1650,1.2000,89172
WAWEL,20201123,556.0000,570.0000,556.0000,570.0000,117
WIELTON,20201123,5.8600,5.9900,5.8000,5.8000,138867
WIKANA,20201123,1.9500,2.0200,1.9500,2.0200,3126
WIRTUALNA,20201123,80.2000,83.0000,79.8000,79.8000,7221
WITTCHEN,20201123,8.3000,8.6000,8.3000,8.4600,11623
WOJAS,20201123,4.8400,5.3000,4.7000,5.2000,15041
WORKSERV,20201123,0.9130,0.9580,0.9020,0.9230,432594
XTB,20201123,16.7000,16.7500,16.4000,16.5500,249845
XTPL,20201123,76.0000,77.0000,73.0000,75.0000,1122
ZAMET,20201123,0.8200,0.8500,0.8200,0.8250,39048
ZASTAL,20201123,29.8000,31.8000,29.6000,30.2000,954
ZEPAK,20201123,9.8600,9.9800,9.7400,9.9200,15492
ZPUE,20201123,152.0000,155.5000,145.0000,152.5000,347
ZREMB,20201123,0.7400,0.7400,0.7000,0.7000,18022
ZUE,20201123,3.4400,3.6200,3.4400,3.4800,11322
ZYWIEC,20201123,490.0000,492.0000,488.0000,492.0000,33
INVESTORMS,20201123,4081.6900,4081.6900,4049.3200,4049.3200,229590.742
MWIG40,20201123,3709.9900,3760.9800,3708.1400,3725.7700,119254.059
MWIG40DVP,20201123,63.1100,63.1100,63.1100,63.1100,119254.059
MWIG40TR,20201123,4913.6900,4980.2700,4913.6900,4934.5900,119254.059
SWIG80,20201123,14987.7200,15083.2600,14980.0000,15028.0600,45970.797
SWIG80DVP,20201123,300.6900,300.6900,300.6900,300.6900,45970.797
SWIG80TR,20201123,19401.0200,19524.4300,19401.0200,19453.2400,45970.797
WIG,20201123,52721.2800,53359.6200,52529.6400,52734.8400,1166543.355
WIG-BANKI,20201123,4455.7500,4602.2100,4455.7500,4565.3900,212185.501
WIG-BUDOW,20201123,3089.2500,3140.2100,3089.0100,3121.8100,5861.806
WIG-CEE,20201123,1188.1600,1188.9700,1185.0600,1188.9700,6899.213
WIG-CHEMIA,20201123,7331.2100,7456.9600,7331.2100,7375.5400,5907.405
WIG-ENERG,20201123,1813.6300,1844.0200,1808.8600,1827.3100,28803.400
WIG-ESG,20201123,8664.4400,8787.3300,8634.6300,8670.0100,869876.149
WIG-GORNIC,20201123,4385.5300,4451.0000,4331.3500,4357.8700,80025.374
WIG-INFO,20201123,3758.5700,3761.2800,3682.5400,3704.0800,11927.814
WIG-LEKI,20201123,5576.2900,5647.3800,5556.2200,5571.4500,13114.067
WIG-MEDIA,20201123,5337.8700,5526.4400,5337.8700,5358.3100,1231.873
WIG-MOTO,20201123,3875.9900,3941.0400,3828.2800,3828.2800,4158.412
WIG-NRCHOM,20201123,2164.3900,2200.4300,2157.6400,2180.1200,4059.342
WIG-ODZIEZ,20201123,4259.4500,4309.7500,4103.4600,4103.4600,56678.324
WIG-PALIWA,20201123,4365.1500,4464.0000,4316.9400,4429.0600,147676.179
WIG-POLAND,20201123,54412.1500,54412.1500,53840.8500,53840.8500,1157217.000
WIG-SPOZYW,20201123,3322.0100,3445.0300,3312.2000,3408.8200,4061.870
WIG-TELKOM,20201123,893.7300,896.5600,888.9800,892.5600,25273.460
WIG-UKRAIN,20201123,428.1100,431.5000,428.1100,431.5000,2769.188
WIG.GAMES,20201123,33071.2000,33480.9700,32732.7000,32923.2900,139170.318
WIG.MS-BAS,20201123,9431.5800,9576.0200,9391.6300,9445.5700,99608.190
WIG.MS-FIN,20201123,6719.4600,6940.1500,6719.0600,6845.2100,253172.246
WIG.MS-PET,20201123,5843.3300,5980.3600,5787.0700,5927.3800,152175.180
WIG20,20201123,1835.5300,1860.7300,1823.3200,1832.0400,980120.386
WIG20DVP,20201123,10.3700,10.3700,10.3700,10.3700,980120.386
WIG20LEV,20201123,368.4000,378.4300,363.5400,367.0100,980120.386
WIG20SHORT,20201123,3898.4800,3924.8300,3844.1100,3906.0100,980120.386
WIG20TR,20201123,3370.5100,3405.7400,3340.8300,3355.4800,980120.386
WIG30,20201123,2119.7200,2144.0700,2105.4500,2115.2500,1025814.944
WIG30TR,20201123,3866.6800,3866.6800,3822.7400,3823.1500,1025814.944
WIGDIV,20201123,1000.2700,1011.9300,997.3300,1007.2900,129819.951
WIGTECH,20201123,14604.5300,14636.9800,14472.6800,14531.2100,0.000
