06MAGNA,20201222,1.5400,1.5400,1.4500,1.5100,137219
11BIT,20201222,449.0000,457.0000,448.0000,456.0000,6828
4FUNMEDIA,20201222,4.9000,4.9000,4.5500,4.7000,10495
ABPL,20201222,28.4000,28.5000,27.7000,28.0000,15559
ACAUTOGAZ,20201222,35.3000,35.3000,34.9000,35.0000,2391
ACTION,20201222,5.6400,5.7800,5.4000,5.5000,28563
ADIUVO,20201222,5.0000,5.0000,4.6000,4.7000,12153
AGORA,20201222,6.6600,6.8000,6.4200,6.6000,12145
AGROTON,20201222,4.1900,4.4000,4.0700,4.2700,36659
AIGAMES,20201222,12.5500,13.2000,12.3500,12.8000,21133
AILLERON,20201222,11.1500,11.8500,11.1500,11.7000,8509
AIRWAY,20201222,1.5700,1.6250,1.5700,1.5900,313742
ALIOR,20201222,16.2850,16.6850,16.1800,16.4300,224292
ALLEGRO,20201222,81.1000,85.6500,81.1000,83.0400,915077
ALTA,20201222,1.2900,1.3200,1.2300,1.3000,2826
ALTUSTFI,20201222,0.9660,1.0500,0.9660,1.0000,18903
ALUMETAL,20201222,46.0000,46.2000,45.9000,46.2000,1201
AMBRA,20201222,18.3000,18.9000,18.3000,18.5000,6729
AMICA,20201222,137.0000,139.2000,136.0000,137.2000,4562
AMREST,20201222,25.0000,25.7500,24.4500,25.5500,88428
APATOR,20201222,22.5000,22.5000,22.1000,22.3000,2347
APLISENS,20201222,10.6000,10.7000,10.6000,10.7000,1904
APSENERGY,20201222,1.8450,1.8450,1.7200,1.7950,33719
ARCHICOM,20201222,21.8000,22.0000,21.8000,22.0000,8904
ARCTIC,20201222,5.2400,5.2800,5.1400,5.2400,49664
ARTERIA,20201222,3.8600,3.8600,3.7000,3.8600,1364
ARTIFEX,20201222,8.5600,8.7000,8.3200,8.7000,7292
ASBIS,20201222,7.0500,7.2800,7.0200,7.2700,208457
ASSECOBS,20201222,36.4000,37.0000,36.0000,36.0000,1925
ASSECOPOL,20201222,66.4000,66.7000,65.7000,66.2000,81877
ASSECOSEE,20201222,40.0000,41.0000,40.0000,41.0000,11480
ASTARTA,20201222,24.6000,25.3000,24.4000,25.2000,16495
ATAL,20201222,31.6000,32.5000,31.6000,32.5000,1202
ATENDE,20201222,3.7000,3.7000,3.6200,3.7000,323
ATLANTAPL,20201222,6.5000,7.1800,6.4800,6.7000,16784
ATLASEST,20201222,1.6100,1.7550,1.6100,1.6800,21317
ATMGRUPA,20201222,4.0000,4.0000,4.0000,4.0000,533
ATREM,20201222,2.1600,2.1600,2.1000,2.1500,490
AUTOPARTN,20201222,7.7800,7.8400,7.7200,7.7600,6280
BAHOLDING,20201222,0.7770,0.7790,0.7000,0.7470,2723659
BBIDEV,20201222,3.5100,3.6500,3.5100,3.5200,2431
BEDZIN,20201222,9.9000,9.9000,9.7500,9.9000,2034
BENEFIT,20201222,796.0000,796.0000,770.0000,780.0000,589
BETACOM,20201222,10.2000,10.2000,10.2000,10.2000,5
BETAM40TR,20201222,52.5000,53.1700,52.5000,52.9500,6349
BETAW20LV,20201222,36.9100,37.7500,36.9100,37.7000,22159
BETAW20ST,20201222,382.3000,382.3000,376.1500,376.1500,2906
BETAW20TR,20201222,32.5350,32.9450,32.5350,32.8000,14872
BIK,20201222,14.7000,14.7000,14.0000,14.5000,1893
BIOMEDLUB,20201222,10.5000,10.6500,10.1500,10.2500,692596
BIOTON,20201222,4.1000,4.1200,4.0300,4.0400,119091
BNPPBSK0725,20201222,947.5000,947.5000,947.5000,947.5000,69
BNPPBSK0824,20201222,997.0000,997.0000,997.0000,997.0000,70
BNPPBSK0825,20201222,957.0000,957.0000,957.0000,957.0000,158
BNPPENDL10522,20201222,996.0000,996.0000,996.0000,996.0000,70
BNPPPL,20201222,57.0000,57.8000,57.0000,57.8000,764
BNPPSLVR0323,20201222,993.0000,993.0000,993.0000,993.0000,80
BNPPSOGO1021,20201222,1051.5000,1051.5000,1051.5000,1051.5000,10
BNPPSOHU0923,20201222,973.0000,973.0000,973.0000,973.0000,30
BNPPSOLED1221,20201222,1053.5000,1053.5000,1053.5000,1053.5000,58
BNPPSXPP0221,20201222,1030.0000,1030.0000,1028.0000,1029.0000,749
BNPPSXPP0421,20201222,1055.5000,1055.5000,1055.5000,1055.5000,25
BOGDANKA,20201222,18.6000,19.5800,18.6000,19.2000,40621
BOOMBIT,20201222,16.2200,17.0000,16.2200,16.4000,7033
BORYSZEW,20201222,2.9900,3.0500,2.9800,3.0200,90050
BOS,20201222,5.6800,5.7000,5.5000,5.6600,9390
BOWIM,20201222,2.3000,2.3400,2.2800,2.3400,752
BRASTER,20201222,0.3930,0.4000,0.3850,0.3900,217014
BUDIMEX,20201222,288.5000,294.0000,288.5000,294.0000,3589
BUMECH,20201222,4.2300,4.2400,3.0900,3.3000,641854
CCC,20201222,76.5000,80.0000,76.0200,80.0000,263252
CDPROJEKT,20201222,262.6000,275.9000,262.0000,267.7000,1494473
CDRL,20201222,14.4500,14.4500,14.1000,14.4500,649
CELTIC,20201222,6.6500,6.6500,6.6500,6.6500,10
CEZ,20201222,83.7000,84.8000,83.7000,84.6000,450
CFI,20201222,0.2130,0.2240,0.2130,0.2200,32261
CIECH,20201222,30.8000,30.8000,29.7000,30.6000,81174
CIGAMES,20201222,1.2220,1.2460,1.2220,1.2360,392675
CLNPHARMA,20201222,39.0000,39.4000,38.4000,39.2000,14628
CNT,20201222,14.0000,14.0000,13.3000,13.9000,2263
COALENERG,20201222,0.5800,0.5800,0.5500,0.5750,9822
COGNOR,20201222,1.5450,1.6000,1.5250,1.6000,166407
COMARCH,20201222,193.5000,194.0000,192.5000,193.0000,445
COMP,20201222,55.0000,55.6000,55.0000,55.4000,489
COMPERIA,20201222,2.7400,2.7600,2.7200,2.7600,590
CORMAY,20201222,1.1350,1.1950,1.1300,1.1600,556626
CPGROUP,20201222,7.0800,7.0800,6.8000,7.0200,6635
CYFRPLSAT,20201222,29.0000,29.0000,28.1000,28.7600,170587
CZTOREBKA,20201222,0.6900,0.7000,0.6900,0.7000,1515
DATAWALK,20201222,193.0000,196.0000,186.5000,194.0000,1256
DEBICA,20201222,76.4000,78.0000,76.4000,78.0000,848
DECORA,20201222,31.2000,31.6000,30.8000,31.0000,5993
DEKPOL,20201222,26.4000,28.4000,26.4000,28.0000,2859
DELKO,20201222,14.9000,15.3000,14.9000,15.2000,14876
DEVELIA,20201222,1.8700,1.9200,1.8600,1.9200,72055
DGA,20201222,5.0000,5.0000,4.8000,4.8000,607
DIGITREE,20201222,6.3000,6.3000,5.7500,6.2000,230
DINOPL,20201222,280.6000,280.6000,271.0000,275.2000,58816
DOMDEV,20201222,108.0000,111.0000,108.0000,111.0000,3519
DROZAPOL,20201222,1.6200,1.6450,1.5750,1.6450,449
ECHO,20201222,3.9100,4.0000,3.9100,3.9500,56098
EDINVEST,20201222,4.2000,4.2600,4.2000,4.2600,40
EFEKT,20201222,5.6500,5.6500,5.2000,5.3000,3356
EKOEXPORT,20201222,3.0800,3.1500,3.0500,3.1000,49759
ELBUDOWA,20201222,0.7440,0.7590,0.7000,0.7390,28099
ELEKTROTI,20201222,5.8000,5.8000,5.6000,5.6800,7058
ELKOP,20201222,0.2470,0.2680,0.2470,0.2670,382124
ELZAB,20201222,5.2000,5.4500,5.1000,5.4500,4390
EMCINSMED,20201222,12.7000,13.0000,11.7000,12.7000,336
ENAP,20201222,1.3700,1.3700,1.3700,1.3700,2
ENEA,20201222,6.0200,6.2400,6.0200,6.1000,251472
ENELMED,20201222,18.5000,18.7000,17.9000,18.0000,10474
ENERGA,20201222,7.8000,7.8600,7.8000,7.8450,63795
ENERGOINS,20201222,0.7140,0.7300,0.7100,0.7300,7357
ENTER,20201222,34.0000,34.8000,34.0000,34.5000,2761
ERBUD,20201222,25.0000,25.0000,24.4000,24.5000,2459
ERG,20201222,39.0000,39.0000,38.2000,38.2000,334
ESOTIQ,20201222,14.0000,14.6500,14.0000,14.6500,339
ETFDAX,20201222,577.9000,590.0000,558.1000,568.1000,284
ETFSP500,20201222,138.5000,139.5000,138.4400,139.2400,2661
ETFW20L,20201222,234.8000,239.5000,234.8000,237.1000,869
EUCO,20201222,3.6800,3.8900,3.5200,3.8900,103229
EUROCASH,20201222,13.4800,13.6500,13.3300,13.4800,193687
EUROTEL,20201222,26.3000,26.8000,26.3000,26.7000,284
FAMUR,20201222,2.1200,2.1900,2.1100,2.1600,461519
FASING,20201222,10.1500,10.7000,10.1000,10.1000,4201
FEERUM,20201222,10.1500,10.1500,10.0500,10.0500,702
FERRO,20201222,24.3000,25.3000,24.3000,24.8000,1808
FERRUM,20201222,3.2600,3.3400,3.2200,3.3400,1798
FON,20201222,0.1040,0.1110,0.1040,0.1090,181400
FORTE,20201222,38.5500,39.0000,37.3500,38.0000,4341
GAMEOPS,20201222,20.8000,22.0000,20.8000,21.2100,25415
GAMFACTOR,20201222,13.9800,13.9800,13.3200,13.4900,9885
GAMFACTOR-PDA,20201222,13.0220,13.2980,12.9000,12.9500,32917
GETIN,20201222,0.8010,0.8295,0.8010,0.8100,547471
GETINOBLE,20201222,0.2120,0.2175,0.2055,0.2100,2794153
GLCOSMED,20201222,4.3600,4.3600,4.0400,4.0800,165918
GPW,20201222,42.5000,43.4500,42.5000,43.2000,97759
GROCLIN,20201222,1.0150,1.0800,1.0100,1.0750,38858
GRODNO,20201222,13.6000,14.4000,13.6000,14.0000,78180
GRUPAAZOTY,20201222,25.1000,25.9500,25.1000,25.5500,100141
GTC,20201222,6.8000,6.9000,6.7800,6.8200,161300
HANDLOWY,20201222,34.3500,34.5000,33.8000,34.0000,26103
HARPER,20201222,13.3000,14.5000,13.3000,13.9500,85608
HELIO,20201222,11.0000,11.0000,10.4000,11.0000,2505
HERKULES,20201222,1.3200,1.3200,1.2400,1.3000,17119
HMINWEST,20201222,11.0000,11.0000,11.0000,11.0000,10
HUBSTYLE,20201222,1.1900,1.1900,1.0300,1.0900,42665
HYDROTOR,20201222,27.6000,27.6000,26.4000,26.8000,1299
I2DEV,20201222,8.7000,8.7500,8.7000,8.7500,255
IALBGR,20201222,0.2420,0.2580,0.2320,0.2580,47154
IDEABANK,20201222,1.5020,1.5400,1.5000,1.5020,88157
IDMSA,20201222,1.3100,1.4100,1.3100,1.4100,1279
IFCAPITAL,20201222,0.1100,0.1100,0.1100,0.1100,13000
IFIRMA,20201222,5.3200,5.3800,5.3000,5.3800,668
IMCOMPANY,20201222,17.0000,18.0000,17.0000,18.0000,9924
IMMOBILE,20201222,2.4000,2.4800,2.3700,2.3700,9006
IMPEL,20201222,13.0500,13.2500,13.0500,13.2500,2686
IMPERA,20201222,1.8600,1.9300,1.8500,1.9200,21370
IMS,20201222,2.3900,2.5700,2.3600,2.3900,18667
INC,20201222,6.5600,6.6800,6.2400,6.3200,113451
INGBSK,20201222,156.0000,160.0000,156.0000,160.0000,4115
INPRO,20201222,4.7000,4.7000,4.6800,4.6800,13202
INSTALKRK,20201222,19.7500,19.7500,19.7000,19.7500,666
INTERAOLT,20201222,17.2000,17.7000,17.1000,17.6000,9445
INTERCARS,20201222,228.0000,229.0000,225.0000,225.0000,608
INTERFERI,20201222,4.7400,4.7400,4.7200,4.7200,311
INTERSPPL,20201222,1.2150,1.2150,1.1600,1.1600,2131
INTLALE35055,20201222,27.2500,27.2500,27.2500,27.2500,33
INTLALE35063,20201222,30.7000,30.7000,30.7000,30.7000,32
INTLALE36046,20201222,22.3500,24.0500,21.7000,21.7000,967
INTLBCO31187,20201222,111.0000,111.0000,111.0000,111.0000,40
INTLBCO35733,20201222,46.3500,46.5500,46.3500,46.5500,106
INTLBCO36590,20201222,24.2000,25.4000,24.2000,25.4000,400
INTLBCO36608,20201222,29.5500,29.5500,29.5500,29.5500,15
INTLCCC36475,20201222,3.0500,3.0500,3.0200,3.0400,20000
INTLCDR22277,20201222,16.9800,16.9800,16.9800,16.9800,18
INTLCDR22285,20201222,16.7000,16.7000,16.7000,16.7000,1
INTLCDR22517,20201222,14.3200,14.3200,14.3200,14.3200,1
INTLCDR22848,20201222,10.3200,11.3000,10.1800,10.5200,4385
INTLCDR22855,20201222,11.3200,12.2000,11.0200,11.1200,10033
INTLCDR22863,20201222,12.2000,12.5200,12.0800,12.0800,362
INTLCDR23192,20201222,8.7500,9.6700,8.5000,8.5000,1322
INTLCDR23200,20201222,9.6500,10.6600,9.4000,9.8700,12201
INTLCDR28951,20201222,6.9700,7.9500,6.6000,7.1100,75406
INTLCDR28969,20201222,7.6600,8.7700,7.6600,7.6900,36459
INTLDAX29983,20201222,222.0000,222.0000,220.0000,221.0000,8
INTLDAX31872,20201222,110.2000,110.2000,110.2000,110.2000,5
INTLDAX31880,20201222,120.0000,120.0000,120.0000,120.0000,3
INTLDAX32193,20201222,100.6000,100.6000,100.6000,100.6000,11
INTLDAX35600,20201222,70.0000,70.0000,70.0000,70.0000,25
INTLDAX35923,20201222,32.9500,37.8000,32.9500,34.2500,3888
INTLDAX35931,20201222,45.8000,47.5500,45.8000,47.5500,44
INTLDNP35493,20201222,7.2800,7.2800,6.9000,6.9000,460
INTLESX36194,20201222,12.3400,12.3400,12.1200,12.1200,18
INTLEUD32227,20201222,54.3000,54.3000,54.3000,54.3000,22
INTLEUR25650,20201222,34.3000,34.3000,34.3000,34.3000,30
INTLGBU34850,20201222,33.3500,33.4000,31.4500,32.6000,1916
INTLGLD30866,20201222,118.0000,118.0000,118.0000,118.0000,5
INTLGLD31310,20201222,95.0000,95.0000,95.0000,95.0000,5
INTLGLD33092,20201222,71.7000,71.7000,71.5000,71.5000,14
INTLGLD33100,20201222,59.1000,63.9000,59.1000,59.5000,1160
INTLJSW35394,20201222,12.1600,12.1600,12.1600,12.1600,103
INTLJSW36020,20201222,9.1700,9.4900,8.9800,8.9800,615
INTLJSW36715,20201222,8.1100,8.3800,7.5700,7.5700,3480
INTLLTS36509,20201222,14.4200,15.1400,14.1000,15.1400,1850
INTLNAG36640,20201222,6.1100,6.2200,6.1100,6.2200,260
INTLNDX34777,20201222,84.0000,84.0000,84.0000,84.0000,119
INTLNDX35659,20201222,61.6000,61.6000,61.6000,61.6000,63
INTLNDX36566,20201222,47.8000,49.4500,47.7000,48.3000,877
INTLPEO29439,20201222,25.9500,25.9500,25.9500,25.9500,80
INTLPEO35824,20201222,16.8800,17.0200,16.7000,16.7000,500
INTLPEO36251,20201222,12.5000,12.6800,12.5000,12.5200,275
INTLPGE31427,20201222,2.5600,2.5600,2.5600,2.5600,2900
INTLPGN32615,20201222,1.6600,1.6900,1.6600,1.6900,1000
INTLPGN36004,20201222,1.3700,1.3700,1.3700,1.3700,2394
INTLPKN04101,20201222,24.8500,25.1500,24.8000,25.1000,536
INTLPKN05496,20201222,22.6000,22.6000,22.6000,22.6000,73
INTLPKN35840,20201222,15.9400,15.9400,15.2000,15.2000,1061
INTLPKN35865,20201222,19.2600,19.2600,19.2600,19.2600,56
INTLPKN35873,20201222,21.4000,21.4000,21.4000,21.4000,20
INTLPKN36392,20201222,7.0700,7.3700,6.4800,7.3700,5462
INTLPKN36418,20201222,11.2600,11.2600,11.2600,11.2600,66
INTLPKN36426,20201222,13.4400,13.4400,13.3600,13.3600,4750
INTLPKO29405,20201222,13.1600,13.2800,13.1600,13.2800,122
INTLPKO30395,20201222,11.3000,11.7200,11.3000,11.7200,280
INTLPKO30403,20201222,12.3800,12.3800,12.3800,12.3800,250
INTLPKO35816,20201222,9.5000,9.5000,9.5000,9.5000,223
INTLPKO36236,20201222,5.9500,5.9500,5.8100,5.8100,80
INTLPLA30916,20201222,12.3000,12.7200,12.3000,12.7200,15
INTLPLA36178,20201222,5.2200,5.2200,5.2200,5.2200,150
INTLPZU15610,20201222,12.5000,12.5000,12.2000,12.3200,800
INTLPZU35766,20201222,10.3200,10.3200,10.3200,10.3200,110
INTLPZU35980,20201222,8.5700,8.5700,8.2400,8.2400,642
INTLSLV33043,20201222,32.7000,32.7000,32.7000,32.7000,10
INTLSLV33340,20201222,19.0400,19.0400,18.0000,18.0000,260
INTLSLV36582,20201222,16.6000,17.3000,16.0000,16.0000,7778
INTLSPX34785,20201222,24.7000,24.9000,24.7000,24.9000,444
INTLSPX35972,20201222,15.4400,15.9800,15.4400,15.9000,1738
INTLUSD20602,20201222,14.8600,14.9800,13.0400,14.9800,2585
INTLUSD20610,20201222,20.1500,20.1500,18.2000,19.7400,4550
INTLUSD20826,20201222,24.2000,24.2000,24.2000,24.2000,39
INTLUSD20842,20201222,29.9000,30.5500,29.3500,30.4500,1976
INTLW2028670,20201222,5.8800,5.8800,5.8800,5.8800,2926
INTLW2029892,20201222,5.0000,5.0900,5.0000,5.0400,5060
INTLW2035261,20201222,4.1600,4.1600,4.1600,4.1600,8000
INTLW2035550,20201222,3.3400,3.3400,3.3400,3.3400,660
INTLW2035899,20201222,2.6700,2.6700,2.6300,2.6300,10345
INTLW2035907,20201222,2.7300,2.9000,2.7300,2.9000,2
INTLW2036079,20201222,1.7200,1.7200,1.7200,1.7200,50
INTLW2036087,20201222,1.9800,1.9900,1.9800,1.9900,1317
INTLW2036533,20201222,1.2800,1.4800,1.2700,1.4800,72000
INTLW2036541,20201222,1.4700,1.5900,1.4700,1.5200,5784
INTROL,20201222,4.0200,4.1200,4.0200,4.0600,6119
INTSALE35220,20201222,68.9000,68.9000,68.9000,68.9000,100
INTSALE36285,20201222,44.4000,44.4000,41.5000,43.1000,411
INTSALE36749,20201222,32.0000,32.0000,29.2500,31.4500,3019
INTSBCO28043,20201222,22.7500,23.0000,20.8500,22.0500,4813
INTSBCO28050,20201222,29.5000,29.5000,29.5000,29.5000,150
INTSCCC27698,20201222,2.9200,2.9200,2.6200,2.6300,19845
INTSCDR34124,20201222,29.1000,29.3000,28.3500,29.0500,525
INTSCDR34199,20201222,32.0500,33.2500,32.0500,33.2500,232
INTSCDR36673,20201222,15.2000,15.5400,14.1400,15.0000,27953
INTSCDR36681,20201222,21.7500,21.9500,20.9000,21.6500,303
INTSDAX25825,20201222,31.8500,32.4000,28.3000,29.6000,3133
INTSDAX26591,20201222,46.2500,46.2500,41.4000,42.8000,891
INTSDAX26609,20201222,57.2000,57.5000,54.2000,57.5000,2699
INTSDAX36111,20201222,71.0000,71.0000,67.4000,68.4000,650
INTSDOW27128,20201222,45.2000,49.4000,45.2000,49.4000,503
INTSDOW33282,20201222,60.1000,60.3000,59.8000,59.9000,2700
INTSDOW33597,20201222,102.2000,102.2000,102.0000,102.0000,20
INTSDOW33613,20201222,173.4000,173.4000,170.2000,170.2000,30
INTSESX26021,20201222,19.4800,19.9600,19.4800,19.9600,328
INTSEUD02683,20201222,11.8000,11.8000,11.8000,11.8000,12
INTSEUR29181,20201222,39.1500,39.1500,37.7500,37.7500,200
INTSEUR29686,20201222,42.7000,42.7000,42.5500,42.5500,85
INTSGBU26971,20201222,27.7500,27.7500,27.7500,27.7500,6
INTSGLD33316,20201222,91.0000,91.0000,91.0000,91.0000,10
INTSGLD33480,20201222,155.2000,156.2000,155.2000,156.2000,6
INTSGLD36319,20201222,51.4000,51.4000,50.9000,50.9000,5
INTSJSW36723,20201222,10.8400,10.8400,10.4600,10.4600,125
INTSKGH36657,20201222,34.8000,34.8500,33.9000,34.6500,504
INTSKGH36665,20201222,49.3000,49.7000,49.3000,49.6000,78
INTSLTS34041,20201222,17.4200,17.4200,17.4000,17.4000,509
INTSLTS34066,20201222,31.1500,31.1500,31.1500,31.1500,100
INTSNAG24851,20201222,8.3100,8.3100,8.3100,8.3100,10
INTSNDX33233,20201222,19.6000,19.6000,17.2000,19.1000,7939
INTSNDX33241,20201222,33.0000,33.3000,32.8000,33.3000,125
INTSNDX33258,20201222,47.6000,47.6000,47.6000,47.6000,92
INTSNDX33639,20201222,79.3000,79.3000,79.3000,79.3000,250
INTSPEO32326,20201222,13.5000,13.5000,13.5000,13.5000,500
INTSPEO32334,20201222,25.0500,25.0500,25.0500,25.0500,15
INTSPKN27649,20201222,23.3500,23.3500,22.4000,22.7500,1175
INTSPKO23630,20201222,18.7000,18.7000,18.7000,18.7000,500
INTSPKO26997,20201222,15.4000,15.5600,15.4000,15.4600,1327
INTSPZU34165,20201222,7.1000,7.1000,7.1000,7.1000,200
INTSSLV34538,20201222,12.5600,12.5600,11.7600,11.7600,122
INTSSPX34140,20201222,9.5100,9.5100,8.7200,9.3700,2966
INTSSPX34439,20201222,34.2000,34.2000,34.2000,34.2000,270
INTSUSD29231,20201222,71.2000,71.2000,71.2000,71.2000,50
INTSUSD36061,20201222,22.2000,22.9500,21.2500,21.2500,264
INTSVOW08904,20201222,21.8000,21.8000,21.7500,21.7500,2
INTSW2005892,20201222,5.3400,5.3400,5.2500,5.2800,3100
INTSW2020867,20201222,4.2500,4.2500,4.2500,4.2500,200
INTSW2024257,20201222,3.7700,3.8200,3.6000,3.6000,3203
INTSW2026005,20201222,3.5000,3.5000,3.4300,3.4600,21979
INTSW2026328,20201222,3.0900,3.0900,3.0600,3.0600,1430
INTSW2027078,20201222,2.9600,2.9600,2.9600,2.9600,100
INTSW2027243,20201222,2.3600,2.4300,2.2300,2.2300,17300
INTSW2027391,20201222,1.8800,1.8800,1.7400,1.8600,47407
INTSW2027409,20201222,2.1200,2.1200,1.9500,2.0000,1710
INVFIZ,20201222,941.1000,941.1000,941.1000,941.1000,5
INVGLDFIZ,20201222,1781.1000,1781.1000,1781.1000,1781.1000,7
INVPEFIZ,20201222,968.8900,968.8900,937.1100,955.0000,15
IPOPEMA,20201222,4.0800,4.0800,4.0000,4.0000,5000
ITMTRADE,20201222,0.1260,0.1260,0.1100,0.1250,70131
IZOBLOK,20201222,35.5000,37.6000,35.5000,37.6000,124
IZOLACJA,20201222,2.3800,2.3800,2.2200,2.2800,7690
IZOSTAL,20201222,2.4800,2.5200,2.4800,2.5200,14750
JSW,20201222,25.1400,25.8500,24.8200,25.1700,567934
JWCONSTR,20201222,3.0000,3.0400,2.9800,3.0400,3813
K2INTERNT,20201222,21.4000,21.8000,21.0000,21.0000,1742
KCI,20201222,0.6800,0.7300,0.6740,0.7300,61992
KERNEL,20201222,46.4500,47.9000,46.0500,47.3000,17071
KETY,20201222,464.0000,479.5000,461.0000,479.0000,9196
KGHM,20201222,180.4500,183.0000,179.3500,181.1000,358057
KGL,20201222,16.3500,16.7000,16.3500,16.6500,1045
KINOPOL,20201222,7.6500,7.9000,7.6500,7.7500,343
KOGENERA,20201222,31.2000,32.4000,31.0000,32.4000,3609
KOMPAP,20201222,10.6000,11.2000,10.6000,11.2000,52
KOMPUTRON,20201222,2.2700,2.3400,2.2700,2.3100,13372
KREC,20201222,9.2200,9.2200,9.2200,9.2200,5
KREDYTIN,20201222,9.7000,9.7000,9.5000,9.5000,719
KRKA,20201222,410.0000,420.0000,404.0000,406.0000,16
KRUK,20201222,133.7000,136.9000,133.7000,135.9000,11745
KRUSZWICA,20201222,65.8000,66.0000,65.8000,65.8000,2684
KRVITAMIN,20201222,18.6000,19.6500,18.6000,18.8500,16056
KSGAGRO,20201222,2.0400,2.4000,2.0000,2.3400,42788
LABOPRINT,20201222,12.2000,12.2000,11.8000,11.8000,202
LARQ,20201222,1.7450,1.8000,1.6800,1.7700,36214
LENA,20201222,3.7400,3.7700,3.6900,3.7700,9100
LENTEX,20201222,10.5000,10.8000,10.2500,10.6000,12073
LIBET,20201222,2.4800,2.4800,2.3600,2.4000,26829
LIVECHAT,20201222,101.4000,102.2000,100.6000,100.6000,7042
LOKUM,20201222,12.0000,12.2500,12.0000,12.2500,101
LOTOS,20201222,37.9800,39.4700,37.8700,39.4700,675976
LPP,20201222,7505.0000,7685.0000,7405.0000,7635.0000,1365
LSISOFT,20201222,12.1500,12.4000,12.1000,12.1000,3882
LUBAWA,20201222,1.3500,1.3850,1.3200,1.3350,355874
MABION,20201222,20.6500,21.3500,20.3000,20.5500,19267
MAKARONPL,20201222,5.6000,5.6500,5.5500,5.6000,3925
MANGATA,20201222,62.5000,62.5000,62.0000,62.0000,9
MARVIPOL,20201222,5.0200,5.0400,4.9800,5.0200,8195
MASTERPHA,20201222,3.9800,4.0700,3.9200,3.9300,2195
MAXCOM,20201222,12.0000,12.3000,11.8000,12.1000,7131
MBANK,20201222,172.0000,177.6000,171.4000,171.9000,46229
MBWS,20201222,5.7400,5.7400,5.6000,5.6000,146
MCI,20201222,15.2500,15.2500,14.7500,14.8000,4985
MDIENERGIA,20201222,3.2000,3.2600,3.1200,3.2000,15541
MEDIACAP,20201222,1.8000,1.8000,1.7000,1.7000,3275
MEDICALG,20201222,19.9600,20.5500,19.7000,20.1000,28327
MENNICA,20201222,19.4000,19.4000,19.2000,19.2000,3143
MERCATOR,20201222,417.0000,426.0000,405.0000,406.0000,60518
MERCOR,20201222,10.4500,11.2500,10.4500,11.0000,35843
MEXPOLSKA,20201222,1.2400,1.3500,1.2400,1.3500,4914
MFO,20201222,26.4000,26.4000,25.0000,25.0000,201
MILKILAND,20201222,0.6300,0.6340,0.6100,0.6340,45219
MILLENNIUM,20201222,3.1500,3.2120,3.0660,3.1200,1757560
MIRACULUM,20201222,1.1200,1.1550,1.1100,1.1450,121590
MIRBUD,20201222,3.1000,3.1400,3.0900,3.1300,287297
MLPGROUP,20201222,79.5000,82.0000,79.5000,82.0000,133
MLSYSTEM,20201222,77.0000,78.8000,77.0000,77.6000,10819
MOBRUK,20201222,212.0000,216.0000,212.0000,214.0000,1662
MOJ,20201222,1.1600,1.1600,1.1600,1.1600,1701
MOL,20201222,25.5000,26.2200,25.5000,26.2000,1726
MONNARI,20201222,1.8600,1.9300,1.8300,1.8400,44780
MOSTALPLC,20201222,9.0800,9.0800,8.8800,9.0800,4428
MOSTALWAR,20201222,4.4400,4.5000,4.2800,4.5000,480
MOSTALZAB,20201222,0.9420,1.0150,0.9420,1.0100,213224
MUZA,20201222,2.8000,2.8600,2.8000,2.8600,555
MWTRADE,20201222,1.6600,1.8200,1.6600,1.8000,22987
NANOGROUP,20201222,4.5000,4.8800,4.5000,4.5800,52458
NETIA,20201222,4.6200,4.6300,4.5700,4.6300,288
NEUCA,20201222,629.0000,636.0000,628.0000,635.0000,2251
NEWAG,20201222,25.3000,25.8000,25.3000,25.3000,611
NEXITY,20201222,19.2000,20.0000,18.7000,19.9000,1268
NOVATURAS,20201222,12.9000,12.9000,12.9000,12.9000,300
NOVAVISGR,20201222,1.8000,1.8000,1.6800,1.7700,5917
NOVITA,20201222,132.0000,137.0000,132.0000,137.0000,49
NTTSYSTEM,20201222,4.0400,4.2000,4.0400,4.1400,4861
OAT,20201222,51.6000,53.6000,51.0000,53.0000,40228
ODLEWNIE,20201222,4.9500,5.0600,4.9500,5.0400,966
OEX,20201222,15.8000,16.5000,15.8000,16.3000,4121
OPENFIN,20201222,0.9000,0.9300,0.8800,0.9000,2146
OPERA3GR,20201222,245.1000,245.1000,245.1000,245.1000,25
OPONEO.PL,20201222,41.0000,41.0000,39.4000,40.8000,1812
OPTEAM,20201222,15.8000,16.0000,15.5000,15.7000,26269
ORANGEPL,20201222,6.4300,6.5000,6.3650,6.4800,953001
ORCOGROUP,20201222,1.3200,1.3200,1.3100,1.3100,4524
OTLOG,20201222,3.6600,3.6600,3.5000,3.6600,5483
OTMUCHOW,20201222,1.6000,1.6000,1.5500,1.5500,5187
OVOSTAR,20201222,80.0000,80.0000,80.0000,80.0000,1
PAMAPOL,20201222,1.4500,1.4600,1.4300,1.4400,11063
PANOVA,20201222,10.4500,10.4500,10.0000,10.3000,3052
PATENTUS,20201222,0.9980,1.0000,0.9700,0.9980,18585
PBKM,20201222,73.0000,75.8000,73.0000,75.8000,15
PCCEXOL,20201222,3.3300,3.3800,3.2900,3.3100,249807
PCCROKITA,20201222,48.4000,49.7000,48.4000,49.7000,2872
PCFGROUP,20201222,69.9500,74.7800,67.5100,72.7800,48218
PCFGROUP-PDA,20201222,69.2000,73.7000,66.5000,71.6900,72644
PEKABEX,20201222,16.6000,16.7500,16.4000,16.5500,4670
PEKAO,20201222,58.6200,60.2600,58.5000,60.0200,780591
PEMANAGER,20201222,15.0000,15.0000,14.9500,14.9500,769
PEP,20201222,50.6000,50.8000,50.2000,50.4000,1311
PEPEES,20201222,1.3200,1.3300,1.3200,1.3300,32889
PGE,20201222,6.0300,6.2660,6.0020,6.1260,2283720
PGNIG,20201222,5.3000,5.3900,5.2420,5.3800,3316111
PGO,20201222,1.3000,1.3000,1.2900,1.2900,5669
PGSSOFT,20201222,12.9500,13.1000,12.9500,13.0000,3189
PHARMENA,20201222,8.5000,8.9000,8.2200,8.9000,16828
PHN,20201222,10.3000,10.5500,9.9200,10.2000,9622
PKNORLEN,20201222,54.9400,56.5000,54.2400,56.2600,1098398
PKOBP,20201222,27.6600,28.5900,27.6600,28.5600,1752690
PKOGS,20201222,92.0000,92.0000,92.0000,92.0000,200
PKOSO,20201222,107.4000,107.4000,107.4000,107.4000,100
PKPCARGO,20201222,13.1000,13.5200,13.1000,13.4000,84393
PLASTBOX,20201222,1.9000,1.9000,1.9000,1.9000,1800
PLAYWAY,20201222,595.0000,605.0000,582.0000,594.0000,4207
PLAZACNTR,20201222,1.6200,1.6300,1.6000,1.6300,1030
PMPG,20201222,1.8200,1.8200,1.7200,1.7200,2970
POLICE,20201222,12.2000,12.3000,12.0000,12.2000,1294
POLIMEXMS,20201222,2.3000,2.3500,2.3000,2.3200,181953
POLNORD,20201222,3.5100,3.5200,3.5100,3.5100,17488
POLWAX,20201222,3.6900,3.7800,3.6900,3.7800,102088
POZBUD,20201222,2.1200,2.1200,2.0700,2.1000,6626
PRAGMAFA,20201222,24.2000,24.2000,24.2000,24.2000,1040
PRAGMAINK,20201222,5.9400,5.9400,5.5000,5.9000,2873
PRAIRIE,20201222,0.4680,0.4990,0.4500,0.4870,2053947
PRIMETECH,20201222,1.2100,1.2700,1.2100,1.2600,1754
PROCHEM,20201222,18.7500,18.7500,18.7000,18.7000,140
PROJPRZEM,20201222,15.8500,16.0000,15.8000,16.0000,506
PROTEKTOR,20201222,3.6000,3.6000,3.4800,3.5000,46790
PROVIDENT,20201222,3.8100,4.2000,3.8100,4.2000,27728
PULAWY,20201222,84.0000,84.8000,84.0000,84.2000,452
PUNKPIRAT,20201222,0.7000,0.7600,0.6650,0.7600,142216
PURE,20201222,107.5000,110.0000,107.0000,108.0000,1248
PURE-PDA,20201222,102.0000,106.5000,102.0000,106.0000,3727
PZU,20201222,31.0800,31.4800,30.8500,31.2000,1761797
PZUAKORD,20201222,120.5000,120.5000,120.5000,120.5000,150
QMULTIFIZ,20201222,1223.1000,1223.1000,1223.1000,1223.1000,1
QUERCUS,20201222,3.2600,3.4000,3.2600,3.4000,23958
R22,20201222,32.1000,33.2000,32.1000,32.7000,15445
RADPOL,20201222,2.3000,2.3000,2.2800,2.3000,4163
RAFAKO,20201222,0.7920,0.9100,0.7920,0.8830,1128122
RAINBOW,20201222,20.0000,21.6000,20.0000,21.6000,5301
RANKPROGR,20201222,1.8700,1.8950,1.7700,1.8950,24132
RAWLPLUG,20201222,8.3000,8.3000,8.0200,8.2200,4808
RCFL10GOLD,20201222,8.5600,8.8000,8.5600,8.8000,3670
RCFL10GOLD1,20201222,3.9900,4.0000,3.9900,4.0000,5000
RCFL2GOLD2,20201222,18.4400,18.4400,18.4400,18.4400,3000
RCFL2OIL,20201222,2.9200,2.9200,2.9200,2.9200,1
RCFL2PLAT1,20201222,8.6800,9.0300,8.6800,9.0300,2
RCFL311B,20201222,3.7000,3.7000,3.6500,3.6500,325
RCFL3ALE,20201222,15.8000,15.8000,15.8000,15.8000,78
RCFL3BAS,20201222,23.3500,23.3500,23.3500,23.3500,100
RCFL3CCC1,20201222,24.6000,24.6000,24.0000,24.3000,1125
RCFL3CDPRO1,20201222,19.2800,20.6000,19.2800,20.2500,1065
RCFL3CDPRO2,20201222,1.8300,2.0200,1.7900,1.9000,89243
RCFL3COFF,20201222,0.5000,0.5000,0.5000,0.5000,19000
RCFL3CORN2,20201222,15.2800,15.2800,15.2800,15.2800,1
RCFL3ENA,20201222,3.9000,3.9000,3.9000,3.9000,800
RCFL3EUH1,20201222,6.8700,6.8700,6.7900,6.7900,360
RCFL3GAMES,20201222,38.9000,38.9000,38.9000,38.9000,100
RCFL3GOLD,20201222,62.6000,62.6000,62.6000,62.6000,1
RCFL3JSW,20201222,0.5400,0.5400,0.5000,0.5100,142302
RCFL3JSW1,20201222,17.8400,18.4200,16.6600,16.6600,2600
RCFL3LTS1,20201222,0.2400,0.2500,0.2400,0.2500,16641
RCFL3MBK,20201222,1.2600,1.2600,1.2400,1.2400,9122
RCFL3MSBAS,20201222,13.5600,13.5600,13.5600,13.5600,10
RCFL3MSFIN,20201222,2.0400,2.0600,2.0300,2.0600,9025
RCFL3OIL2,20201222,1.8500,1.8600,1.8500,1.8600,3650
RCFL3OIL3,20201222,0.1800,0.1800,0.1800,0.1800,1300
RCFL3PEO1,20201222,12.4800,13.0400,12.3800,13.0400,827
RCFL3PGE,20201222,0.1400,0.1400,0.1400,0.1400,100
RCFL3PGE1,20201222,10.6800,10.6800,9.8800,9.8800,2042
RCFL3PKN,20201222,11.0000,11.1000,11.0000,11.1000,4850
RCFL3PLAT1,20201222,5.4700,5.7900,5.4700,5.7900,529
RCFL3PLAT2,20201222,11.6800,12.0200,11.6800,11.7600,900
RCFL3PLW,20201222,11.5000,11.5000,11.5000,11.5000,35
RCFL3PZU,20201222,15.3000,15.4600,15.1400,15.1400,1899
RCFL3SILVE,20201222,6.8600,6.9000,6.7700,6.7700,2800
RCFL3SILVE3,20201222,19.2200,19.2400,19.1200,19.2400,201
RCFL3TEN,20201222,4.9800,5.0900,4.7500,4.8800,4620
RCFL3TPE,20201222,7.9300,8.6300,7.9300,8.3400,7390
RCFL4ALE,20201222,18.1600,18.1600,18.1600,18.1600,2
RCFL4CDPRO,20201222,1.1100,1.2700,1.0500,1.1500,1005849
RCFL4CDPRO1,20201222,0.2000,0.2200,0.1800,0.2000,200511
RCFL4GAMES,20201222,29.8000,29.8000,28.5000,29.2500,550
RCFL4KGH,20201222,13.5200,13.5200,13.5200,13.5200,50
RCFL4PEO,20201222,0.0700,0.0700,0.0700,0.0700,5000
RCFL4PGE,20201222,5.2300,5.2300,5.2300,5.2300,300
RCFL4PGN,20201222,0.4800,0.4800,0.4800,0.4800,4000
RCFL4PKN1,20201222,2.3900,2.3900,2.3700,2.3700,2040
RCFL4PKO,20201222,0.5200,0.5200,0.5200,0.5200,8500
RCFL4PLAT2,20201222,9.9000,9.9000,9.9000,9.9000,15
RCFL4PZU,20201222,0.8200,0.8200,0.7700,0.7700,60010
RCFL4PZU1,20201222,11.6000,11.6000,11.6000,11.6000,100
RCFL4SILVE2,20201222,9.8000,10.1400,9.7800,9.7800,4100
RCFL5ALE,20201222,15.9000,16.5600,15.2600,15.2600,308
RCFL5COCO1,20201222,1.0700,1.0700,1.0700,1.0700,100
RCFL5GOLD,20201222,21.1500,21.7500,21.1500,21.3000,502
RCFL5MWIG40,20201222,2.0500,2.0500,2.0500,2.0500,1100
RCFL5SILVE,20201222,1.5500,1.5500,1.3700,1.3700,2500
RCFL5SILVE1,20201222,3.5800,3.5800,3.5800,3.5800,150
RCFL5SUGA2,20201222,21.4500,22.1000,21.4500,22.1000,100
RCFL6COCO1,20201222,4.2000,4.2000,4.2000,4.2000,700
RCFL6COFF,20201222,0.4400,0.4400,0.4400,0.4400,1500
RCFL6COFF2,20201222,2.3200,2.3200,2.3200,2.3200,1200
RCFL6COFF3,20201222,6.4500,6.4500,6.4500,6.4500,126
RCFL6CORN,20201222,2.5900,2.5900,2.5900,2.5900,210
RCFL6GOLD1,20201222,10.1600,10.5400,10.1600,10.4600,750
RCFL6NAG1,20201222,0.0200,0.0200,0.0200,0.0200,10000
RCFL6NAG3,20201222,0.8000,0.8000,0.8000,0.8000,1025
RCFL6SILVE,20201222,1.7700,1.8000,1.7600,1.7600,3637
RCFL6W20,20201222,14.2600,14.3200,14.0600,14.3000,2085
RCFL6W201,20201222,0.4900,0.5000,0.4900,0.5000,3000
RCFL7SILVE1,20201222,1.3400,1.3600,1.1800,1.1800,48592
RCFL8COCO,20201222,0.7600,0.8000,0.7600,0.8000,2400
RCFL8COFF1,20201222,0.4700,0.4700,0.4700,0.4700,103
RCFS10GOLD1,20201222,0.2000,0.2000,0.2000,0.2000,1
RCFS10GOLD2,20201222,9.7100,9.7100,9.7100,9.7100,636
RCFS10SILVE2,20201222,1.0200,1.0200,0.9600,0.9600,500
RCFS2GAMES,20201222,3.8600,3.8800,3.8600,3.8800,10000
RCFS2W20,20201222,49.1000,49.1000,49.1000,49.1000,3
RCFS3ALR1,20201222,3.3100,3.3100,3.3100,3.3100,200
RCFS3CDPRO,20201222,5.9800,6.1900,5.3000,5.8500,115241
RCFS3FDX,20201222,4.1700,4.1700,4.1700,4.1700,50
RCFS3GAMES,20201222,1.7300,1.8000,1.7300,1.8000,50100
RCFS3KGH1,20201222,2.8300,2.8300,2.7500,2.8000,6100
RCFS3PALL4,20201222,1.1200,1.1200,1.1200,1.1200,25
RCFS3PGE,20201222,0.8800,0.8800,0.8800,0.8800,2000
RCFS3PKN,20201222,0.1200,0.1200,0.1200,0.1200,15000
RCFS3PKO,20201222,2.5900,2.5900,2.5900,2.5900,1000
RCFS3PZU,20201222,1.7600,1.7600,1.7600,1.7600,200
RCFS3W20,20201222,21.3500,21.4000,20.7500,21.3000,1810
RCFS4CDPRO,20201222,0.0300,0.0300,0.0300,0.0300,45000
RCFS4CDPRO1,20201222,3.6700,3.8000,3.0500,3.5700,65830
RCFS4KGH1,20201222,1.5500,1.6200,1.5300,1.5400,19999
RCFS4LPP,20201222,1.5900,1.5900,1.5900,1.5900,1748
RCFS4OIL4,20201222,3.4000,3.4000,3.4000,3.4000,100
RCFS4PGE,20201222,0.6500,0.6900,0.6000,0.6900,12000
RCFS4PGN,20201222,0.6700,0.6700,0.6300,0.6300,1500
RCFS4PKN,20201222,4.5600,4.7800,4.5600,4.6700,3350
RCFS4PKO,20201222,2.7000,2.7000,2.5100,2.5100,1380
RCFS4PZU,20201222,4.4300,4.4900,4.4300,4.4900,4800
RCFS5COPP,20201222,0.9100,0.9500,0.9100,0.9500,200
RCFS5FW202,20201222,1.6100,1.6100,1.6100,1.6100,1000
RCFS5OIL4,20201222,2.4600,2.4600,2.4600,2.4600,100
RCFS6COFF3,20201222,5.4600,5.4600,5.4600,5.4600,30
RCFS6W201,20201222,1.4700,1.5100,1.3900,1.3900,228928
RCFS7NAG1,20201222,2.1600,2.1600,2.1600,2.1600,65
RCFS7SILVE1,20201222,3.6900,3.8300,3.5200,3.8300,210
RCFS8OIL2,20201222,0.3900,0.3900,0.3900,0.3900,8745
RCFS9OIL,20201222,0.2100,0.2100,0.2100,0.2100,100
RCGETNA0722,20201222,1000.0000,1000.0000,1000.0000,1000.0000,31
RCGETNA1021,20201222,1056.5000,1056.5000,1056.5000,1056.5000,165
RCGLDAOPEN,20201222,715.0000,715.0000,696.0000,710.0000,70
RCGSDGP0821,20201222,996.5000,996.5000,996.5000,996.5000,150
RCGSXHC0222,20201222,1147.0000,1147.0000,1147.0000,1147.0000,20
RCGTECBSK0221,20201222,1083.0000,1083.0000,1083.0000,1083.0000,20
RCGXAU0322,20201222,1077.0000,1077.0000,1077.0000,1077.0000,400
RCRBSPX0522,20201222,438.5000,438.5000,438.5000,438.5000,700
RCRBSPX0822,20201222,510.0000,510.0000,510.0000,510.0000,400
RCSILAOPEN,20201222,99.0000,99.0000,98.9000,98.9000,36
RCTLACP,20201222,1.0700,1.0700,1.0700,1.0700,1000
RCTLKER1,20201222,1.5900,1.6600,1.5900,1.6600,1500
RCWHTAOPEN1,20201222,14.9600,15.0400,14.9600,15.0400,5300
REDAN,20201222,0.1760,0.1800,0.1750,0.1750,16060
REINO,20201222,1.4100,1.4100,1.3400,1.3400,1128
RELPOL,20201222,5.2600,5.3800,5.2000,5.3600,10438
REMAK,20201222,9.6200,9.8800,9.6200,9.8800,2317
RONSON,20201222,1.2800,1.2800,1.2500,1.2600,41231
ROPCZYCE,20201222,23.3000,23.5000,23.1000,23.4000,818
RYVU,20201222,47.0000,47.4000,46.5000,47.1000,7614
SANOK,20201222,17.9000,18.3000,17.3500,17.8500,8439
SANPL,20201222,176.0000,185.1000,175.0000,184.1000,44360
SANTANDER,20201222,10.9000,11.3340,10.9000,11.3340,20589
SANWIL,20201222,3.0600,3.0600,2.8600,2.9800,70716
SECOGROUP,20201222,13.1000,13.1000,12.9000,13.0000,1785
SEKO,20201222,8.9000,8.9000,8.6000,8.7500,10112
SELENAFM,20201222,17.2000,17.5000,17.2000,17.4500,6179
SELVITA,20201222,44.5000,46.0000,44.5000,45.7000,499
SERINUS,20201222,0.2280,0.2340,0.2240,0.2300,1193986
SESCOM,20201222,27.6000,27.6000,27.6000,27.6000,27
SFINKS,20201222,0.3200,0.3250,0.3100,0.3240,111315
SILVAIR-REGS,20201222,7.6990,7.6990,7.6990,7.6990,2
SILVANO,20201222,7.3000,7.3000,7.3000,7.3000,137
SIMPLE,20201222,12.9000,12.9000,12.8000,12.9000,98
SKARBIEC,20201222,25.3000,25.3000,24.9000,25.3000,1873
SKOTAN,20201222,1.6000,1.6000,1.5000,1.5600,29834
SLEEPZAG,20201222,0.3000,0.3000,0.2800,0.3000,4620
SNIEZKA,20201222,87.8000,88.0000,87.6000,87.6000,47
SOLAR,20201222,3.6900,3.6900,3.3400,3.5700,5673
SONEL,20201222,9.3000,9.4500,9.2000,9.4500,1552
SOPHARMA,20201222,8.5000,8.9500,8.4000,8.7000,235
STALEXP,20201222,3.0700,3.1900,3.0700,3.1600,17245
STALPROD,20201222,257.0000,270.0000,257.0000,257.0000,2901
STALPROFI,20201222,6.9600,7.1400,6.9400,7.0800,2821
STAPORKOW,20201222,2.5400,2.7000,2.5200,2.7000,42388
STARHEDGE,20201222,0.4320,0.4320,0.3920,0.4280,29784
SUNEX,20201222,4.7200,4.9000,4.6200,4.7000,29180
SUWARY,20201222,16.6000,16.6000,16.4000,16.4000,7
SWISSMED,20201222,6.7800,6.8000,6.5200,6.6600,11081
SYGNITY,20201222,8.0600,8.3600,8.0600,8.3600,5184
SYNEKTIK,20201222,26.6000,27.6000,25.8000,27.3000,3642
TALEX,20201222,11.6000,11.6000,11.4500,11.5000,438
TAURONPE,20201222,2.4980,2.6140,2.4960,2.5800,3020658
TBULL,20201222,30.9000,31.9000,29.9000,30.8000,7097
TERMOREX,20201222,0.9080,0.9980,0.9000,0.9980,18540
TESGAS,20201222,4.3200,4.3600,4.1200,4.2400,19546
TIM,20201222,17.3000,18.0500,17.2000,18.0500,27558
TORPOL,20201222,11.9000,12.4500,11.8000,12.0000,39692
TOWERINVT,20201222,12.8000,13.0000,12.0000,12.0000,3616
TOYA,20201222,5.9000,5.9600,5.6000,5.8600,51852
TRAKCJA,20201222,1.7400,1.7920,1.7140,1.7760,136986
TRANSPOL,20201222,2.7400,2.7400,2.5900,2.7400,160471
TRIGONPP,20201222,47.0000,47.0000,47.0000,47.0000,1
TRIGONPP5,20201222,45.9000,45.9000,45.9000,45.9000,75
TRITON,20201222,2.0800,2.1600,2.0700,2.0800,863
TSGAMES,20201222,495.0000,513.0000,495.0000,500.0000,9006
ULMA,20201222,44.2000,45.8000,44.2000,45.8000,1038
ULTGAMES,20201222,29.6000,29.8500,29.1500,29.7500,14169
UNIBEP,20201222,7.5000,7.5800,7.5000,7.5800,728
UNICREDIT,20201222,33.3650,33.6000,33.3650,33.6000,105
UNIMA,20201222,2.7400,2.7400,2.7400,2.7400,338
UNIMOT,20201222,31.0000,32.9000,30.5000,32.5000,16647
URSUS,20201222,0.6400,0.6590,0.6400,0.6500,158716
VENTUREIN,20201222,2.3800,2.4400,2.2200,2.4400,6737
VIGOSYS,20201222,580.0000,580.0000,575.0000,575.0000,141
VINDEXUS,20201222,4.2500,4.2700,4.1800,4.1900,6903
VISTAL,20201222,2.9000,2.9500,2.8100,2.8900,15972
VIVID,20201222,1.5200,1.5400,1.4500,1.5080,98141
VOTUM,20201222,11.3000,11.3000,11.0000,11.1000,9990
VOXEL,20201222,40.2000,40.8000,40.2000,40.8000,747
VRG,20201222,2.5600,2.5700,2.5150,2.5300,116066
WARIMPEX,20201222,5.0000,5.1400,5.0000,5.0200,227
WASKO,20201222,1.1950,1.2100,1.1600,1.2050,44742
WAWEL,20201222,578.0000,586.0000,566.0000,576.0000,318
WIELTON,20201222,6.0000,6.1500,6.0000,6.0200,24139
WIKANA,20201222,2.2600,2.3000,2.2600,2.2600,2404
WIRTUALNA,20201222,83.0000,83.4000,82.6000,83.0000,5324
WITTCHEN,20201222,8.0000,8.3000,8.0000,8.3000,4747
WOJAS,20201222,4.3000,4.4600,4.3000,4.4600,2595
WORKSERV,20201222,1.1280,1.2400,1.0900,1.2040,1365949
XTB,20201222,16.2000,16.5500,16.1500,16.2000,227478
XTPL,20201222,68.0000,70.0000,66.8000,67.0000,2584
ZAMET,20201222,0.7900,0.7950,0.7700,0.7950,7964
ZASTAL,20201222,31.2000,33.0000,30.4000,33.0000,614
ZEPAK,20201222,9.2000,9.5600,9.1400,9.2800,8250
ZPUE,20201222,144.0000,145.0000,138.5000,145.0000,180
ZREMB,20201222,0.6550,0.7000,0.6550,0.6950,10680
ZUE,20201222,3.3800,3.3800,3.2400,3.2800,12888
ZYWIEC,20201222,484.0000,484.0000,474.0000,484.0000,39
INVESTORMS,20201222,4136.6000,4154.3800,4136.6000,4154.3800,165526.730
MWIG40,20201222,3746.5500,3787.3600,3746.5500,3783.9000,95326.715
MWIG40TR,20201222,4962.1100,5013.5300,4962.1100,5011.5700,95326.715
SWIG80,20201222,15190.2200,15316.3100,15190.2200,15287.9600,24088.140
SWIG80DVP,20201222,20.9600,20.9600,20.9600,20.9600,24088.140
SWIG80TR,20201222,19703.1000,19865.6400,19703.1000,19829.8700,24088.140
WIG,20201222,54317.8200,55157.5700,54317.8200,55108.8300,1044427.953
WIG-BANKI,20201222,4550.2300,4672.4800,4550.2300,4668.3600,124678.773
WIG-BUDOW,20201222,3417.9000,3464.0400,3417.2500,3456.6700,4965.884
WIG-CEE,20201222,1221.0200,1224.9000,1221.0200,1224.9000,2287.227
WIG-CHEMIA,20201222,7210.0400,7290.9400,7174.6200,7277.3600,5548.925
WIG-ENERG,20201222,1885.7400,1949.0800,1885.7400,1922.0300,24598.733
WIG-ESG,20201222,8867.2000,9005.1500,8867.2000,8999.0300,1005056.170
WIG-GORNIC,20201222,5529.0900,5619.0900,5529.0900,5561.0400,81165.725
WIG-INFO,20201222,3755.9400,3771.1400,3737.4700,3758.1300,7804.684
WIG-LEKI,20201222,4743.6800,4776.3500,4682.1700,4720.6900,9430.825
WIG-MEDIA,20201222,5491.1000,5525.7200,5471.0400,5485.7500,786.049
WIG-MOTO,20201222,3839.8800,3853.2500,3790.8100,3809.7200,2505.298
WIG-NRCHOM,20201222,2274.0800,2309.4200,2274.0800,2307.9900,2660.113
WIG-ODZIEZ,20201222,4644.3000,4767.0400,4618.5500,4747.4400,34385.302
WIG-PALIWA,20201222,4659.6700,4812.0900,4659.6700,4805.5900,106079.558
WIG-POLAND,20201222,55960.6600,56323.5600,55960.6600,56323.5600,1039428.518
WIG-SPOZYW,20201222,3448.0700,3545.5700,3447.6100,3518.4300,2771.069
WIG-TELKOM,20201222,939.8400,939.8400,920.3500,937.3900,10994.830
WIG-UKRAIN,20201222,436.4100,443.1700,436.4100,443.1700,1669.789
WIG.GAMES,20201222,26920.4700,27747.3000,26889.3800,27260.1600,411161.989
WIG.MS-BAS,20201222,10854.5900,11119.9400,10838.0500,10983.3700,102711.717
WIG.MS-FIN,20201222,7091.7100,7267.9400,7081.7000,7254.3100,162926.411
WIG.MS-PET,20201222,6278.8700,6416.1100,6239.9800,6413.3000,110188.950
WIG20,20201222,1896.4800,1931.6600,1896.2900,1928.4000,909729.456
WIG20LEV,20201222,391.6200,406.0900,391.5100,404.7500,909729.456
WIG20SHORT,20201222,3758.1000,3758.5400,3687.8100,3694.3300,909729.456
WIG20TR,20201222,3473.5800,3535.9300,3473.5800,3531.9600,909729.456
WIG30,20201222,2204.7600,2243.7000,2204.7600,2241.5900,939619.873
WIG30TR,20201222,4018.9400,4051.5100,4018.9400,4051.5100,939619.873
WIGDIV,20201222,1045.3800,1062.6300,1045.3800,1061.4300,109074.643
WIGTECH,20201222,13976.6700,13999.7800,13953.4000,13999.7800,0.000
WIGTECHTR,20201222,14288.3000,14427.2800,14288.3000,14388.4500,0.000
