06MAGNA,20201013,3.3000,3.3000,2.5000,2.5000,1025502
11BIT,20201013,482.0000,487.5000,466.0000,471.0000,3274
4FUNMEDIA,20201013,4.9900,5.2000,4.8500,5.2000,3265
ABPL,20201013,25.6000,25.6000,24.5000,24.5000,5071
ACAUTOGAZ,20201013,40.8000,41.0000,40.8000,41.0000,178
ACTION,20201013,4.0400,4.0400,3.9000,3.9400,23627
ADIUVO,20201013,5.8000,5.9800,5.7000,5.9000,7635
AGORA,20201013,5.8800,5.8800,5.5600,5.5600,44531
AGROTON,20201013,3.8700,3.8700,3.6200,3.6300,6847
AIGAMES,20201013,22.2000,22.5000,20.9000,21.8000,16461
AILLERON,20201013,6.8600,6.8600,6.6600,6.7800,7460
AIRWAY,20201013,1.9200,1.9500,1.7600,1.9200,805858
ALIOR,20201013,14.3250,14.3500,13.7600,13.9300,527995
ALLEGRO,20201013,72.0000,80.0000,71.0800,80.0000,18452974
ALTUSTFI,20201013,0.8980,0.9200,0.8800,0.9200,11948
ALUMETAL,20201013,36.0000,36.5000,35.9000,36.0000,4321
AMBRA,20201013,18.3000,18.4000,17.6500,18.0000,5275
AMICA,20201013,133.8000,134.2000,131.4000,133.4000,811
AMREST,20201013,18.2800,18.2800,17.4600,17.6000,158145
APATOR,20201013,19.8000,19.8000,19.0000,19.6000,10276
APLISENS,20201013,10.9000,10.9000,10.7000,10.9000,38
APSENERGY,20201013,1.7200,1.8000,1.7200,1.7700,9570
ARCHICOM,20201013,18.9500,18.9500,18.8500,18.8500,3789
ARCTIC,20201013,3.9000,4.0200,3.8200,4.0000,37928
ARTERIA,20201013,4.1400,4.1400,4.1400,4.1400,10
ARTIFEX,20201013,9.5000,9.5200,9.2000,9.5000,6106
ASBIS,20201013,5.1000,5.1400,4.9150,5.0400,159032
ASMGROUP,20201013,2.2000,2.2000,2.2000,2.2000,5
ASSECOBS,20201013,34.2000,34.4000,33.8000,34.2000,378456
ASSECOPOL,20201013,65.6000,66.4000,65.5000,66.0000,80734
ASSECOSEE,20201013,46.9000,46.9000,45.5000,45.8000,670
ASTARTA,20201013,19.0000,19.0000,18.1000,18.4500,14179
ATAL,20201013,32.3000,32.3000,31.4000,32.0000,328
ATENDE,20201013,3.0800,3.0800,2.9800,3.0400,4266
ATLANTAPL,20201013,6.5000,6.6000,6.5000,6.6000,1000
ATLANTIS,20201013,0.6880,0.6880,0.6880,0.6880,3850
ATLASEST,20201013,1.2100,1.2100,1.1900,1.1950,27100
ATMGRUPA,20201013,4.1800,4.1800,4.0000,4.0000,2649
ATREM,20201013,2.4200,2.5800,2.3700,2.4000,76983
AUTOPARTN,20201013,7.1000,7.1200,7.0800,7.1000,206951
BAHOLDING,20201013,0.5200,0.5240,0.4940,0.5140,37073
BBIDEV,20201013,3.4100,3.5400,3.3500,3.5400,3007
BEDZIN,20201013,8.8000,8.8000,8.2000,8.2000,168
BENEFIT,20201013,677.0000,700.0000,667.0000,686.0000,2850
BETACOM,20201013,11.3500,11.3500,11.1500,11.2500,2515
BETAM40TR,20201013,50.7400,50.7400,50.1500,50.4900,2268
BETAW20LV,20201013,29.4300,29.4300,28.7900,28.8500,7503
BETAW20ST,20201013,441.8000,447.0000,441.8000,446.0000,381
BETAW20TR,20201013,28.5700,28.5700,28.2150,28.2400,11690
BIK,20201013,14.3500,14.3500,14.3500,14.3500,25
BIOMEDLUB,20201013,21.3000,21.3000,18.9000,19.2000,2417724
BIOTON,20201013,4.6400,4.6800,4.4150,4.4500,167782
BNPPBSK10524,20201013,1012.5000,1013.5000,1012.5000,1013.0000,1106
BNPPENDL1023,20201013,1063.0000,1063.5000,1063.0000,1063.5000,285
BNPPPL,20201013,40.3000,40.3000,39.5000,39.5000,1018
BNPPSLVR0323,20201013,993.0000,993.0000,993.0000,993.0000,50
BNPPSOGO1021,20201013,1071.5000,1071.5000,1071.5000,1071.5000,20
BNPPSOLE0822,20201013,990.5000,990.5000,990.5000,990.5000,102
BNPPSOLE1221,20201013,1021.5000,1021.5000,1021.5000,1021.5000,50
BNPPSOLED1221,20201013,1049.5000,1049.5000,1048.0000,1048.0000,125
BNPPSPX0522,20201013,1001.0000,1001.0000,1000.5000,1000.5000,400
BOGDANKA,20201013,18.2600,18.2600,17.9200,17.9600,12237
BOOMBIT,20201013,21.1500,21.2000,20.3000,20.8500,10282
BORYSZEW,20201013,3.1400,3.1400,3.0800,3.1350,37762
BOS,20201013,5.3200,5.5000,5.3200,5.4400,3522
BOWIM,20201013,2.0200,2.0200,2.0200,2.0200,500
BRASTER,20201013,0.7160,0.7160,0.6500,0.6600,256097
BUDIMEX,20201013,246.0000,250.5000,245.0000,250.0000,3238
BUMECH,20201013,1.9550,1.9550,1.8550,1.9300,18239
CCC,20201013,45.0000,47.5200,45.0000,47.0000,259101
CDPROJEKT,20201013,371.0000,384.2000,367.0000,383.0000,283063
CDRL,20201013,13.4000,13.4000,13.0000,13.0000,1331
CELTIC,20201013,6.6000,6.6000,6.6000,6.6000,688
CEZ,20201013,72.0000,73.4000,71.1000,73.4000,177
CFI,20201013,0.2040,0.2170,0.1900,0.2040,258644
CIECH,20201013,26.2000,26.3500,25.8500,26.0000,29016
CIGAMES,20201013,1.3100,1.3100,1.1920,1.2800,1764011
CITYSERV,20201013,8.1100,8.1100,8.1100,8.1100,140
CLNPHARMA,20201013,40.1000,40.4500,38.8500,39.3500,15357
CNT,20201013,13.8000,13.9000,13.8000,13.9000,110
COALENERG,20201013,0.5850,0.5900,0.5500,0.5900,13513
COGNOR,20201013,1.2500,1.2600,1.2300,1.2400,34448
COMARCH,20201013,200.0000,203.0000,199.5000,203.0000,691
COMP,20201013,59.6000,59.8000,58.8000,59.6000,1038
COMPERIA,20201013,2.1000,2.1000,2.1000,2.1000,140
CORMAY,20201013,1.9500,1.9500,1.6750,1.7700,1965038
CPGROUP,20201013,6.3000,6.3000,6.2000,6.2000,437
CYFRPLSAT,20201013,27.3600,27.3600,26.7000,26.7000,289381
CZTOREBKA,20201013,0.5900,0.5900,0.5300,0.5500,421
DATAWALK,20201013,183.0000,186.0000,180.5000,185.0000,3714
DEBICA,20201013,77.2000,77.2000,76.6000,77.0000,1056
DECORA,20201013,28.8000,28.9000,27.0000,28.8000,3590
DEKPOL,20201013,24.8000,25.8000,24.8000,25.8000,1694
DELKO,20201013,17.2000,17.2000,15.5000,16.0000,49425
DEVELIA,20201013,1.7200,1.7780,1.7060,1.7760,33707
DGA,20201013,5.4000,5.4000,5.4000,5.4000,13
DIGITREE,20201013,6.7000,6.7000,6.5000,6.5000,2000
DINOPL,20201013,215.4000,219.0000,211.4000,214.6000,545353
DOMDEV,20201013,100.5000,101.5000,100.0000,101.5000,471
DROZAPOL,20201013,1.7900,1.7900,1.7900,1.7900,20
ECHO,20201013,4.1200,4.1600,4.0900,4.1100,36530
EDINVEST,20201013,3.3400,3.4000,3.3400,3.4000,138
EFEKT,20201013,4.9200,5.1000,4.9200,4.9400,4992
EKOEXPORT,20201013,3.8050,3.8050,3.5500,3.6500,56780
ELBUDOWA,20201013,0.9040,0.9200,0.8220,0.8700,61903
ELEKTROTI,20201013,4.9300,4.9300,4.8500,4.8500,3144
ELEMENTAL,20201013,2.4100,2.4150,2.4050,2.4050,11514
ELKOP,20201013,0.2460,0.2540,0.2460,0.2530,101715
ELZAB,20201013,3.8600,3.9800,3.6000,3.6000,13567
EMCINSMED,20201013,16.5000,16.5000,14.1000,15.0000,187
ENAP,20201013,1.4600,1.4600,1.4600,1.4600,2
ENEA,20201013,5.5000,5.5000,5.3200,5.3600,216434
ENERGA,20201013,8.3000,8.3100,8.3000,8.3000,317463
ENERGOINS,20201013,0.7300,0.7300,0.7000,0.7000,90
ENTER,20201013,22.0000,22.2000,21.5000,21.7000,6325
ERBUD,20201013,19.3000,19.3500,19.3000,19.3000,1259
ERG,20201013,50.0000,50.0000,46.0000,50.0000,272
ESOTIQ,20201013,9.5800,9.9000,9.5800,9.9000,1304
ETFDAX,20201013,552.2000,552.2000,547.2000,547.2000,741
ETFSP500,20201013,137.0000,138.0000,136.8000,137.6600,2648
ETFW20L,20201013,208.3000,208.3000,205.3000,206.5000,569
EUCO,20201013,4.2300,4.4000,4.2300,4.3700,3900
EUROCASH,20201013,14.2000,14.2600,13.9300,13.9400,226461
EUROHOLD,20201013,4.2000,4.2000,4.0000,4.0000,6
EUROTEL,20201013,22.9000,22.9000,22.1000,22.5000,841
EVEREST,20201013,21.8000,21.8000,20.6000,20.6000,1437
FAMUR,20201013,1.6600,1.6900,1.5760,1.6700,444687
FASING,20201013,10.4000,10.6000,10.2000,10.3000,5216
FEERUM,20201013,12.0000,12.0000,11.6000,11.6000,29
FERRO,20201013,18.5000,18.5000,18.0000,18.0000,7197
FERRUM,20201013,3.6200,3.7200,3.5200,3.7200,1003
FON,20201013,0.1200,0.1230,0.1120,0.1230,125026
FORTE,20201013,30.7500,30.7500,30.0000,30.4500,3541
GAMEOPS,20201013,30.4900,30.5950,28.0000,28.1800,9388
GAMFACTOR,20201013,16.7500,17.4980,15.0820,15.9980,20007
GAMFACTOR-PDA,20201013,15.7500,15.7500,14.1760,15.3700,27291
GETIN,20201013,0.7650,0.7650,0.7480,0.7600,209280
GETINOBLE,20201013,0.1818,0.1840,0.1800,0.1828,591378
GLCOSMED,20201013,7.2500,7.2500,6.5500,6.7500,230721
GPW,20201013,46.9000,47.9000,46.6000,47.5500,115815
GROCLIN,20201013,1.0200,1.0300,0.9880,1.0100,21483
GRODNO,20201013,13.0000,13.0000,12.2000,12.6000,71662
GRUPAAZOTY,20201013,24.7000,24.8000,23.6500,23.9000,57446
GTC,20201013,6.7200,6.7800,6.4600,6.6800,17479
HANDLOWY,20201013,35.5500,35.6000,34.3000,34.9000,11872
HARPER,20201013,24.3000,24.4000,21.1000,22.2000,104941
HELIO,20201013,11.0000,11.0000,10.5000,10.5000,952
HERKULES,20201013,1.2200,1.2400,1.2000,1.2200,8408
HUBSTYLE,20201013,1.0300,1.1300,1.0200,1.0500,134838
HYDROTOR,20201013,28.0000,28.0000,26.4000,27.0000,3208
I2DEV,20201013,9.0000,9.0000,8.9000,8.9000,52
IALBGR,20201013,0.2800,0.2800,0.2700,0.2700,6692
IDEABANK,20201013,1.4400,1.4400,1.3800,1.3980,92660
IFCAPITAL,20201013,0.7000,0.7000,0.7000,0.7000,6470
IFIRMA,20201013,4.4800,4.4800,4.3400,4.3700,2768
IMCOMPANY,20201013,11.7500,12.0000,11.6000,11.6000,5355
IMMOBILE,20201013,2.6600,2.9000,2.5800,2.6400,17992
IMPEL,20201013,12.1000,12.2500,11.7500,12.2500,1320
IMPERA,20201013,1.1900,1.2900,1.1900,1.2500,33843
IMS,20201013,2.3900,2.3900,2.3000,2.3500,2163
INC,20201013,9.1800,9.1800,8.5000,8.5000,110111
INGBSK,20201013,130.8000,130.8000,127.8000,129.6000,2914
INPRO,20201013,4.8000,4.8000,4.8000,4.8000,2
INSTALKRK,20201013,19.2000,19.8000,19.1000,19.1000,677
INTERAOLT,20201013,15.7500,15.7500,15.6000,15.7500,3955
INTERCARS,20201013,230.0000,233.0000,230.0000,233.0000,320
INTERFERI,20201013,3.2000,3.2000,3.2000,3.2000,1
INTERSPPL,20201013,1.1900,1.1900,1.1100,1.1100,1897
INTLBCO31179,20201013,79.1000,79.1000,79.1000,79.1000,1
INTLBCO31187,20201013,85.7000,85.7000,85.7000,85.7000,23
INTLBCO31658,20201013,42.7000,43.5000,42.7000,43.5000,300
INTLBCO31989,20201013,24.1000,26.8500,24.1000,26.1500,74
INTLBCO32896,20201013,21.6000,22.1500,21.6000,21.9000,110
INTLCCC28977,20201013,2.5700,2.5700,2.5700,2.5700,1500
INTLCCC30510,20201013,2.8900,2.8900,2.8900,2.8900,1380
INTLCCC31013,20201013,2.2800,2.2800,2.2800,2.2800,2000
INTLCCC31476,20201013,1.2200,1.4400,1.2000,1.4400,22000
INTLCDR23200,20201013,20.1500,20.2500,20.1500,20.2500,100
INTLCDR30478,20201013,13.3800,13.3800,13.3800,13.3800,39
INTLCDR30973,20201013,8.6700,9.5400,8.6700,9.5400,779
INTLCDR31377,20201013,7.4000,8.2000,7.2400,8.2000,2364
INTLCDR33290,20201013,5.3600,6.6500,5.3600,6.4900,7327
INTLDAX31872,20201013,98.0000,98.0000,98.0000,98.0000,25
INTLDAX32821,20201013,58.0000,58.0000,53.5000,53.5000,34
INTLDAX32839,20201013,68.3000,68.3000,66.4000,66.4000,220
INTLDAX32847,20201013,72.8000,72.8000,72.8000,72.8000,15
INTLDAX32946,20201013,47.5000,47.5000,43.6500,43.6500,372
INTLDAX34769,20201013,37.3000,37.6500,30.7500,31.0000,13482
INTLDNP34710,20201013,4.2200,4.2200,3.8600,3.8600,600
INTLDOW33126,20201013,159.2000,160.4000,159.2000,160.4000,1208
INTLDOW33142,20201013,214.0000,214.0000,214.0000,214.0000,15
INTLEUD33860,20201013,16.9200,16.9200,16.9200,16.9200,350
INTLEUR34603,20201013,11.5000,13.3000,11.5000,13.3000,10460
INTLGLD30130,20201013,164.8000,166.8000,156.6000,156.6000,82
INTLGLD30866,20201013,132.0000,132.0000,132.0000,132.0000,7
INTLGLD33100,20201013,84.2000,85.1000,73.6000,73.6000,228
INTLGLD33456,20201013,43.0000,46.4500,33.0000,34.3000,3662
INTLGLD33464,20201013,60.1000,60.1000,48.0000,48.0000,1021
INTLGLD33472,20201013,70.6000,72.3000,61.6000,61.6000,410
INTLJSW30569,20201013,16.4000,16.4000,16.4000,16.4000,60
INTLJSW32136,20201013,12.6200,12.7000,12.0600,12.3600,5000
INTLJSW34728,20201013,6.3800,6.3800,5.6500,5.6500,790
INTLJSW34736,20201013,7.0300,7.0300,7.0300,7.0300,30
INTLJSW34744,20201013,8.3400,8.3400,8.3400,8.3400,300
INTLKGH33936,20201013,22.4500,23.0000,21.5000,22.2500,60
INTLKGH33951,20201013,31.0500,31.0500,29.9500,29.9500,430
INTLLTS34017,20201013,7.1600,7.1600,6.4600,6.4600,833
INTLLTS34694,20201013,10.1600,10.2400,8.9300,9.4500,1636
INTLLTS34702,20201013,12.0600,12.2200,11.5000,11.5400,2230
INTLNAG33076,20201013,2.5400,2.5400,2.5400,2.5400,882
INTLNAG33779,20201013,3.9600,3.9600,3.9600,3.9600,251
INTLNDX12906,20201013,317.0000,317.0000,317.0000,317.0000,16
INTLNDX18713,20201013,253.0000,253.0000,253.0000,253.0000,4
INTLNDX31906,20201013,145.4000,150.8000,145.4000,150.8000,86
INTLNDX32540,20201013,130.2000,130.2000,130.2000,130.2000,10
INTLNDX32979,20201013,97.4000,97.4000,97.4000,97.4000,9
INTLNDX33167,20201013,90.9000,90.9000,90.9000,90.9000,75
INTLNDX33621,20201013,74.3000,80.8000,74.3000,78.8000,4849
INTLNDX34777,20201013,63.6000,69.6000,63.2000,65.0000,5333
INTLPEO29421,20201013,12.6000,12.7800,12.5800,12.6800,4100
INTLPEO29801,20201013,8.9200,8.9200,8.9200,8.9200,500
INTLPEO29819,20201013,11.7000,11.7000,10.7000,10.8800,4859
INTLPGE29363,20201013,3.2500,3.2500,3.2500,3.2500,250
INTLPGE32029,20201013,1.7900,1.7900,1.7100,1.7100,5000
INTLPGE32292,20201013,1.1900,1.1900,1.1900,1.1900,1000
INTLPGE34652,20201013,0.6800,0.6800,0.6800,0.6800,300
INTLPGN32615,20201013,1.2500,1.2500,1.1300,1.1300,17000
INTLPGN34678,20201013,0.8000,0.8000,0.8000,0.8000,1384
INTLPKN04101,20201013,13.2200,13.2200,13.2200,13.2200,46
INTLPKN04119,20201013,15.0000,15.4600,14.8800,15.4600,265
INTLPKN05496,20201013,11.4000,11.4000,10.4800,10.8200,8515
INTLPKN05835,20201013,8.8100,8.8800,8.1600,8.8800,549
INTLPKN06353,20201013,6.4700,6.4700,5.7100,6.2200,2125
INTLPKN29835,20201013,4.8000,4.8000,3.8400,4.3700,4563
INTLPKO29413,20201013,8.6200,8.7000,8.4400,8.4400,300
INTLPKO30387,20201013,4.4000,4.4000,4.2300,4.2300,1550
INTLPKO30395,20201013,4.7400,4.9900,4.7200,4.9900,2128
INTLPKO30403,20201013,5.7000,5.9700,5.7000,5.7100,1090
INTLPLA31757,20201013,5.0300,5.0300,5.0300,5.0300,100
INTLPLA33084,20201013,3.9800,3.9800,3.9800,3.9800,50
INTLPZU14712,20201013,4.4500,4.4500,4.1100,4.4400,6800
INTLPZU15610,20201013,5.7400,5.7400,5.7300,5.7300,656
INTLPZU15800,20201013,7.0500,7.1000,6.6500,6.6500,430
INTLPZU15941,20201013,2.9900,3.1500,2.7100,3.0000,2240
INTLPZU29371,20201013,2.6300,2.6400,2.3800,2.4800,2272
INTLSLV29702,20201013,47.0000,47.0000,47.0000,47.0000,77
INTLSLV30890,20201013,42.5000,42.5000,42.5000,42.5000,50
INTLSLV31609,20201013,32.6500,32.6500,32.6500,32.6500,450
INTLSLV31617,20201013,38.2000,38.2000,38.2000,38.2000,27
INTLSLV33340,20201013,16.3600,16.9400,13.2600,13.7200,5424
INTLSLV33357,20201013,20.0500,20.0500,17.0800,17.0800,1590
INTLSLV33365,20201013,22.8000,22.9000,19.5000,19.9000,3950
INTLSLV33373,20201013,24.0500,24.0500,22.7000,22.7000,1760
INTLSLV33381,20201013,25.4000,25.4000,25.4000,25.4000,200
INTLSPX30858,20201013,44.0000,44.0000,44.0000,44.0000,66
INTLSPX32284,20201013,33.9000,34.6500,33.9000,34.6500,370
INTLSPX32862,20201013,29.2500,29.2500,29.2500,29.2500,100
INTLSPX33894,20201013,23.9000,24.1000,23.9000,24.1000,448
INTLSPX34785,20201013,19.6800,19.6800,19.6800,19.6800,70
INTLUSD20602,20201013,27.5500,30.3000,27.5500,30.3000,438
INTLUSD20610,20201013,34.9000,34.9000,34.9000,34.9000,10
INTLUSD20842,20201013,43.3000,46.7000,43.3000,46.7000,140
INTLUSD21170,20201013,21.7500,25.4000,21.7500,25.4000,431
INTLUSD34256,20201013,16.5000,19.1000,16.2200,19.1000,1600
INTLUSD34637,20201013,11.1200,14.7600,10.8800,14.7600,9050
INTLW2028597,20201013,6.6300,6.6300,6.6300,6.6300,241
INTLW2028662,20201013,10.7000,10.7000,10.7000,10.7000,3141
INTLW2028670,20201013,3.5400,3.5400,3.4800,3.4800,449
INTLW2028779,20201013,5.0800,5.0800,5.0800,5.0800,340
INTLW2028795,20201013,5.3700,5.4000,5.3700,5.4000,400
INTLW2029900,20201013,2.9100,2.9100,2.9100,2.9100,6100
INTLW2030585,20201013,2.2200,2.2200,2.2200,2.2200,500
INTLW2030593,20201013,2.5000,2.5000,2.4400,2.4400,2138
INTLW2031492,20201013,1.3900,1.3900,1.2700,1.3100,35335
INTLW2031864,20201013,1.2000,1.2000,1.1000,1.1000,10400
INTLW2032177,20201013,0.8100,0.8600,0.6800,0.6900,33132
INTLW2032185,20201013,1.0500,1.0500,0.9000,0.9300,10881
INTLW2034751,20201013,0.6200,0.6200,0.5900,0.6100,6994
INTROL,20201013,4.6400,4.6600,4.4000,4.4800,83892
INTSBCO28027,20201013,37.8000,37.8000,37.8000,37.8000,40
INTSBCO28308,20201013,33.0000,33.0000,30.8000,31.6500,127
INTSBCO34447,20201013,20.0000,20.2000,17.6800,19.0000,6573
INTSBCO34454,20201013,24.5000,24.5000,24.5000,24.5000,45
INTSCCC34207,20201013,4.2000,4.2000,3.9700,3.9700,928
INTSCDR34124,20201013,18.3200,18.3200,17.9400,18.0000,650
INTSCDR34199,20201013,21.7500,21.7500,21.7500,21.7500,1
INTSCDR34249,20201013,15.3600,15.3600,13.9200,14.1200,3527
INTSDAX25783,20201013,34.8500,41.0000,34.8500,41.0000,3530
INTSDAX25825,20201013,47.4500,48.8500,47.4500,48.8500,245
INTSDAX26591,20201013,61.9000,67.0000,60.8000,67.0000,260
INTSDAX26609,20201013,74.8000,80.2000,73.2000,80.2000,282
INTSDAX34330,20201013,22.4500,29.2500,22.2500,29.1500,13107
INTSDNP34082,20201013,8.8200,9.0800,8.8200,9.0800,255
INTSDOW24067,20201013,55.2000,55.9000,54.0000,55.0000,1794
INTSDOW27128,20201013,112.2000,112.2000,112.2000,112.2000,20
INTSDOW33282,20201013,129.4000,129.4000,129.4000,129.4000,20
INTSESX26021,20201013,30.8500,30.8500,30.8500,30.8500,20
INTSEUD21246,20201013,18.8800,20.6500,18.8800,20.6500,471
INTSEUR29181,20201013,41.6000,41.6000,41.6000,41.6000,70
INTSGLD34496,20201013,81.6000,81.6000,81.6000,81.6000,3
INTSGLD34504,20201013,58.0000,58.0000,58.0000,58.0000,29
INTSKGH33969,20201013,50.8000,50.8000,50.6000,50.6000,60
INTSLTS34041,20201013,22.7000,22.7000,22.7000,22.7000,400
INTSNAG27797,20201013,3.8000,3.8000,3.7600,3.7600,281
INTSNDX33225,20201013,33.1000,33.4000,26.0000,32.0000,15873
INTSNDX33233,20201013,42.8500,48.0000,41.9500,48.0000,10598
INTSNDX33241,20201013,59.7000,60.4000,56.2000,60.4000,425
INTSNDX33258,20201013,75.6000,78.8000,73.6000,78.8000,58
INTSNDX33639,20201013,106.6000,112.6000,106.6000,112.6000,24
INTSNDX33647,20201013,125.2000,126.8000,121.6000,126.8000,54
INTSOPL09423,20201013,2.0700,2.0700,2.0700,2.0700,480
INTSPAL27805,20201013,118.6000,145.2000,118.6000,145.2000,9
INTSPGE34157,20201013,2.7200,2.8700,2.6600,2.6600,18170
INTSPKN27649,20201013,35.1500,35.1500,35.1500,35.1500,200
INTSPKN34173,20201013,23.9500,25.4000,23.9500,24.8500,623
INTSPKO32300,20201013,8.8900,9.2700,8.8900,9.2100,187
INTSSLV34520,20201013,23.3000,23.9000,23.3000,23.9000,80
INTSSLV34538,20201013,18.9200,19.6600,18.9200,19.6600,66
INTSSLV34553,20201013,12.1000,14.4000,11.4600,14.4000,167
INTSSPX34140,20201013,17.5000,17.5000,16.7400,17.3000,589
INTSSPX34413,20201013,11.1200,11.5800,10.7000,11.5800,2115
INTSUSD32235,20201013,37.5500,38.0500,37.5500,38.0500,70
INTSUSD32698,20201013,31.1000,31.1000,30.6000,30.6000,50
INTSUSD33589,20201013,25.2500,25.2500,23.3000,23.3000,130
INTSW2019307,20201013,8.2500,8.2500,8.2500,8.2500,292
INTSW2027078,20201013,5.5900,5.5900,5.5900,5.5900,357
INTSW2027391,20201013,4.5300,4.5300,4.5300,4.5300,1190
INTSW2027409,20201013,4.6600,4.6600,4.6600,4.6600,250
INTSW2028464,20201013,3.0000,3.0000,3.0000,3.0000,800
INTSW2028472,20201013,3.5000,3.5000,3.5000,3.5000,60000
INTSW2028480,20201013,4.0200,4.0200,4.0200,4.0200,372
INTSW2034264,20201013,1.6600,1.8300,1.6600,1.8200,160739
INTSW2034272,20201013,1.9600,2.0600,1.9400,2.0200,8690
INTSW2034280,20201013,2.1500,2.1500,2.1500,2.1500,510
INTSW2034298,20201013,2.4800,2.4800,2.4800,2.4800,720
INTSW2034306,20201013,2.8100,2.8100,2.8100,2.8100,460
INVCEEFIZ,20201013,467.0600,467.0600,467.0600,467.0600,17
INVFIZ,20201013,946.0000,950.0000,946.0000,950.0000,25
INVGLDFIZ,20201013,1865.0100,1865.0100,1865.0000,1865.0000,16
INVPEFIZ,20201013,915.1100,915.1100,915.0000,915.0000,7
IPOPEMA,20201013,3.4800,3.4800,3.4000,3.4600,9400
ITMTRADE,20201013,0.1340,0.1480,0.1340,0.1480,2228
IZOBLOK,20201013,29.9000,30.5000,28.7000,30.5000,357
IZOLACJA,20201013,1.4700,1.4700,1.4700,1.4700,212
IZOSTAL,20201013,2.1300,2.1800,2.0900,2.1700,21833
JSW,20201013,24.5900,25.1400,24.0000,24.0000,559402
JWCONSTR,20201013,2.9900,2.9900,2.8600,2.8600,8164
JWWINVEST,20201013,3.1200,3.1200,3.1200,3.1200,85
K2INTERNT,20201013,17.4000,17.4000,15.6000,16.5000,1606
KCI,20201013,0.7000,0.7000,0.6880,0.7000,19663
KERNEL,20201013,40.0000,40.0000,39.0000,39.2000,126864
KETY,20201013,455.0000,461.0000,449.0000,454.5000,10121
KGHM,20201013,122.0000,122.0000,118.0500,119.0000,225824
KGL,20201013,15.7000,15.7000,15.4000,15.4000,56
KINOPOL,20201013,6.6000,6.6000,6.3000,6.5000,27552
KOGENERA,20201013,32.3000,32.3000,32.0000,32.3000,678
KOMPAP,20201013,7.9000,7.9500,7.9000,7.9000,1621
KOMPUTRON,20201013,1.8850,1.8850,1.6600,1.8500,12269
KPPD,20201013,25.8000,25.8000,25.6000,25.6000,55
KREC,20201013,7.0000,7.0000,7.0000,7.0000,33
KREDYTIN,20201013,10.5000,10.5000,10.0000,10.5000,412
KRKA,20201013,371.0000,371.0000,365.0000,368.0000,56
KRUK,20201013,129.7000,132.0000,126.0000,130.5000,21824
KRUSZWICA,20201013,52.4000,52.8000,52.0000,52.2000,1099
KRVITAMIN,20201013,33.3000,36.3000,30.2000,34.5000,55412
KSGAGRO,20201013,1.1500,1.1500,1.0900,1.1300,1953
LABOPRINT,20201013,10.1000,10.1000,10.0500,10.0500,13
LARQ,20201013,2.0200,2.0200,1.8400,1.9150,18946
LENA,20201013,3.5000,3.5000,3.3700,3.3700,8193
LENTEX,20201013,8.7000,8.8000,8.4000,8.5800,24169
LIBET,20201013,2.1000,2.2000,1.9150,2.1400,37345
LIVECHAT,20201013,95.0000,95.4000,93.5000,94.0000,14977
LOKUM,20201013,11.9000,12.3000,11.9000,12.2000,1935
LOTOS,20201013,34.3000,34.4500,33.1000,33.5000,481596
LPP,20201013,6660.0000,6660.0000,6525.0000,6560.0000,1005
LSISOFT,20201013,13.6000,13.6000,13.6000,13.6000,185
LUBAWA,20201013,1.3300,1.3600,1.3050,1.3350,338191
MABION,20201013,31.7500,31.7500,26.0000,27.6000,147513
MAKARONPL,20201013,5.7500,5.8500,5.5000,5.7500,18554
MANGATA,20201013,44.0000,45.0000,44.0000,44.0000,21
MARVIPOL,20201013,4.9300,5.0200,4.9000,5.0200,3309
MASTERPHA,20201013,4.2400,4.2400,4.2000,4.2000,734
MAXCOM,20201013,11.5000,11.9500,11.5000,11.9000,2920
MBANK,20201013,168.0000,168.0000,158.0000,158.5000,108591
MBWS,20201013,5.9000,5.9000,5.7000,5.7000,401
MCI,20201013,14.7000,14.7500,14.5500,14.7000,28778
MDIENERGIA,20201013,3.6500,3.7400,3.5800,3.6300,84059
MEDIACAP,20201013,2.2000,2.2000,2.1000,2.1000,9485
MEDICALG,20201013,21.2500,21.6000,20.6500,21.0000,8961
MEDYCZNYFIZ,20201013,153.9000,154.1000,153.9000,154.1000,128
MENNICA,20201013,20.8000,20.8000,19.6000,19.6000,10195
MERCATOR,20201013,608.0000,680.0000,606.0000,680.0000,93409
MERCOR,20201013,10.3000,10.3000,10.1000,10.1000,9906
MEXPOLSKA,20201013,1.2700,1.2700,1.1500,1.2000,14332
MFO,20201013,19.5000,20.2000,19.1000,20.0000,100
MILKILAND,20201013,0.6800,0.6800,0.6300,0.6800,37200
MILLENNIUM,20201013,2.6900,2.7180,2.5940,2.6000,1080148
MIRACULUM,20201013,1.1400,1.1900,1.1400,1.1850,42748
MIRBUD,20201013,2.2100,2.2400,2.1500,2.1900,254957
MLPGROUP,20201013,71.0000,71.0000,69.0000,69.0000,164
MLSYSTEM,20201013,75.0000,75.0000,70.8000,72.6000,18599
MOBRUK,20201013,272.0000,294.0000,272.0000,286.0000,332
MOJ,20201013,1.3500,1.3500,1.3500,1.3500,938
MOL,20201013,20.2000,20.4800,20.0400,20.4600,32947
MONNARI,20201013,1.7650,1.7650,1.7000,1.7000,29018
MOSTALPLC,20201013,8.4800,8.4800,8.4800,8.4800,2
MOSTALWAR,20201013,4.3400,4.5400,4.3200,4.5400,1910
MOSTALZAB,20201013,0.8980,0.9200,0.8800,0.9060,100910
MWTRADE,20201013,1.8400,1.8400,1.8400,1.8400,617
NANOGROUP,20201013,3.0200,3.2800,3.0200,3.2800,3667
NETIA,20201013,4.5100,4.5100,4.4600,4.5100,50356
NEUCA,20201013,523.0000,526.0000,523.0000,523.0000,1730
NEWAG,20201013,25.8000,25.8000,25.0000,25.4000,12400
NOVATURAS,20201013,7.7000,7.7000,7.6500,7.6500,485
NOVAVISGR,20201013,2.0400,2.0400,1.9500,1.9700,2622
NOVITA,20201013,133.0000,133.0000,122.5000,129.0000,617
NTTSYSTEM,20201013,2.7800,2.8200,2.7800,2.8200,215
OAT,20201013,18.5500,18.5500,17.4000,17.5000,30479
ODLEWNIE,20201013,4.5600,4.6800,4.5100,4.6800,6374
OEX,20201013,15.3000,15.4000,15.0000,15.0000,706
OPENFIN,20201013,0.6680,0.6680,0.6220,0.6240,20144
OPONEO.PL,20201013,32.7000,33.9000,31.9000,32.5000,18458
OPTEAM,20201013,26.2000,29.4000,25.2000,27.8000,30940
ORANGEPL,20201013,7.0600,7.0700,6.9350,6.9700,1832903
ORCOGROUP,20201013,1.3600,1.3600,1.3000,1.3600,535
ORZBIALY,20201013,10.6500,10.7000,10.6500,10.7000,32
OTLOG,20201013,5.0500,5.0500,5.0000,5.0000,1962
OTMUCHOW,20201013,1.2600,1.3600,1.2600,1.3600,11519
OVOSTAR,20201013,64.5000,64.5000,62.0000,62.0000,2
PAMAPOL,20201013,1.4000,1.4000,1.3500,1.3500,5412
PANOVA,20201013,10.6000,10.7000,10.6000,10.7000,400
PATENTUS,20201013,0.9640,0.9880,0.9500,0.9500,17167
PBKM,20201013,77.0000,80.0000,77.0000,80.0000,13088
PCCEXOL,20201013,4.3100,4.4000,3.9600,3.9800,1021193
PCCROKITA,20201013,46.0000,46.2000,44.5000,45.3000,3618
PEKABEX,20201013,13.9000,14.1500,13.8500,14.1000,5970
PEKAO,20201013,52.4400,52.4400,49.8800,50.1200,1227862
PEMANAGER,20201013,9.3000,10.3500,9.3000,9.8000,2888
PEP,20201013,47.2000,48.5000,46.9000,46.9000,3182
PEPEES,20201013,1.3400,1.3500,1.3200,1.3500,4323
PGE,20201013,5.8080,5.8780,5.6160,5.6160,1938096
PGNIG,20201013,4.9300,4.9540,4.7350,4.7440,4597525
PGO,20201013,1.0500,1.0600,1.0500,1.0600,1100
PGSSOFT,20201013,10.8500,10.8500,10.5000,10.5000,7598
PHARMENA,20201013,10.5500,10.5500,9.9600,10.2500,7125
PHN,20201013,11.1500,11.1500,10.9500,11.0000,1197
PKNORLEN,20201013,44.7200,45.0000,43.1600,43.9400,1420674
PKOBP,20201013,22.0800,22.0800,21.4300,21.4900,1800062
PKOGS,20201013,90.6000,90.6000,90.6000,90.6000,40
PKPCARGO,20201013,10.6200,10.7800,10.2800,10.3000,75601
PLASTBOX,20201013,1.7400,1.7600,1.6700,1.7500,526275
PLAY,20201013,38.6400,38.7000,38.5800,38.6200,4898247
PLAYWAY,20201013,533.0000,548.0000,525.0000,540.0000,7178
PLAZACNTR,20201013,1.6000,1.7100,1.6000,1.6800,2059
PMPG,20201013,1.7900,1.9000,1.6900,1.9000,9490
POLICE,20201013,11.9000,11.9000,11.8000,11.8000,621
POLIMEXMS,20201013,2.2300,2.3400,2.1550,2.2100,265968
POLNORD,20201013,3.1200,3.1200,2.9700,2.9800,19481
POLWAX,20201013,2.8600,2.9000,2.7200,2.9000,38623
POZBUD,20201013,1.8750,1.8750,1.7600,1.8000,70650
PRAGMAFA,20201013,27.8000,28.2000,27.0000,27.6000,5379
PRAGMAINK,20201013,8.0200,8.0200,7.7000,8.0200,29
PRAIRIE,20201013,0.6320,0.6600,0.5800,0.6490,1086194
PRIMETECH,20201013,1.1400,1.1500,1.1400,1.1500,74
PROCHEM,20201013,18.2000,18.5000,18.2000,18.5000,21
PROJPRZEM,20201013,16.9000,17.1000,16.9000,17.1000,466
PROTEKTOR,20201013,5.1000,5.1000,4.6000,4.7000,120805
PROVIDENT,20201013,2.7000,2.7100,2.6550,2.6700,83850
PULAWY,20201013,79.0000,79.8000,79.0000,79.0000,385
PUNKPIRAT,20201013,0.7500,0.7500,0.6800,0.7000,20134
PZU,20201013,24.6800,24.6800,23.9700,24.4000,1577025
PZUAKORD,20201013,119.1300,119.3500,119.1300,119.3100,847
QUERCUS,20201013,3.4700,3.6000,3.4600,3.6000,31891
R22,20201013,30.0000,30.8000,29.5000,29.5000,11767
RADPOL,20201013,2.2200,2.3100,2.1800,2.3100,52370
RAFAKO,20201013,0.8540,0.8540,0.8140,0.8150,350975
RAINBOW,20201013,12.2500,12.2500,11.2000,11.7000,17039
RANKPROGR,20201013,1.6800,1.6800,1.5200,1.6350,69464
RAWLPLUG,20201013,7.7200,7.7200,7.4400,7.4400,55
RCCORAOPEN,20201013,6.0100,6.0100,6.0100,6.0100,71
RCESXPP0823,20201013,1012.0000,1012.0000,1012.0000,1012.0000,16
RCESXPP0924,20201013,1044.0000,1044.0000,1044.0000,1044.0000,94
RCFL10GOLD,20201013,17.1200,17.9000,14.8000,14.8600,2351
RCFL10GOLD1,20201013,8.2000,8.2000,6.7300,6.7300,5000
RCFL10SILVE2,20201013,0.9100,0.9100,0.6500,0.6500,10494
RCFL2COFF3,20201013,8.2400,8.2400,8.2300,8.2300,2001
RCFL2GOLD2,20201013,19.9800,19.9800,19.9800,19.9800,100
RCFL2OIL,20201013,2.1900,2.1900,2.1900,2.1900,425
RCFL2PALL3,20201013,7.3500,7.3500,7.3500,7.3500,400
RCFL2PKN1,20201013,4.4400,4.4400,4.3500,4.3500,13000
RCFL2PZU1,20201013,6.6600,6.6600,6.5800,6.5800,3000
RCFL2SILVE,20201013,34.0500,34.0500,34.0500,34.0500,66
RCFL2SILVE2,20201013,19.9800,20.0000,19.9800,20.0000,4960
RCFL3ALR1,20201013,5.6900,5.6900,5.6900,5.6900,1600
RCFL3BZW,20201013,1.6000,1.6000,1.6000,1.6000,4000
RCFL3CCC1,20201013,6.3600,6.7100,6.3600,6.7100,1600
RCFL3CDPRO1,20201013,82.2000,83.0000,82.2000,83.0000,60
RCFL3COFF,20201013,0.4400,0.4400,0.4400,0.4400,5000
RCFL3COFF3,20201013,6.2400,6.2400,6.2400,6.2400,200
RCFL3GOLD2,20201013,25.8000,25.8000,25.8000,25.8000,100
RCFL3JSW,20201013,0.7500,0.7800,0.6900,0.6900,85640
RCFL3JSW1,20201013,25.2000,26.5500,25.2000,26.5500,201
RCFL3LTS1,20201013,0.2000,0.2000,0.1900,0.1900,15851
RCFL3MBK,20201013,1.4400,1.4400,1.4200,1.4200,510
RCFL3MSFIN,20201013,1.1800,1.1800,1.0900,1.1200,33001
RCFL3OIL2,20201013,1.3500,1.4100,1.3500,1.4100,315
RCFL3PALL2,20201013,1.9900,2.0000,1.9900,1.9900,15000
RCFL3PALL3,20201013,1.1800,1.1900,1.1700,1.1700,9300
RCFL3PEO,20201013,0.8000,0.8000,0.7400,0.7600,22864
RCFL3PGE,20201013,0.1200,0.1200,0.1100,0.1200,20000
RCFL3PGN1,20201013,1.4100,1.4100,1.3800,1.3800,700
RCFL3PKN,20201013,6.8200,6.8200,6.4100,6.7400,1651
RCFL3PLAT2,20201013,8.2400,8.2400,8.2400,8.2400,200
RCFL3PZU,20201013,8.1000,8.3400,7.8600,8.3400,733
RCFL3SILVE,20201013,6.4400,6.4400,6.4400,6.4400,300
RCFL3SILVE3,20201013,19.9200,19.9200,17.8600,17.8800,380
RCFL3SUGA,20201013,0.4600,0.4600,0.4600,0.4600,2000
RCFL3TPE,20201013,4.5100,4.5100,4.5100,4.5100,500
RCFL3W20,20201013,19.2000,19.2000,19.2000,19.2000,16
RCFL4CDPRO,20201013,35.9000,40.9500,35.9000,40.5000,627
RCFL4CDPRO1,20201013,6.1000,6.8400,6.1000,6.8400,310
RCFL4ESX,20201013,146.2000,146.2000,146.2000,146.2000,50
RCFL4GAMES,20201013,81.5000,81.5000,81.5000,81.5000,20
RCFL4KGH,20201013,3.1300,3.1300,3.1300,3.1300,1350
RCFL4KGH1,20201013,46.4000,46.4000,46.4000,46.4000,55
RCFL4PEO1,20201013,4.4200,4.4200,4.4200,4.4200,1000
RCFL4PKN1,20201013,1.3500,1.3500,1.3100,1.3100,450
RCFL4PZU,20201013,0.3600,0.3800,0.3400,0.3700,41562
RCFL4SILVE2,20201013,11.0200,11.0200,9.4800,9.4800,970
RCFL5CORN,20201013,2.6900,2.6900,2.6900,2.6900,100
RCFL5FW20,20201013,0.4100,0.4100,0.4100,0.4100,5000
RCFL5GOLD,20201013,26.9000,27.7500,25.5000,25.5000,122
RCFL5MWIG40,20201013,1.8900,1.8900,1.8900,1.8900,580
RCFL5SILVE,20201013,1.6900,1.6900,1.6900,1.6900,5000
RCFL5W20,20201013,8.7800,8.7800,8.7800,8.7800,150
RCFL6COFF3,20201013,4.8800,4.8800,4.8800,4.8800,165
RCFL6FW201,20201013,0.3800,0.3800,0.3500,0.3500,31500
RCFL6SILVE,20201013,2.4700,2.5100,1.9000,1.9000,29960
RCFL6SILVE2,20201013,14.0200,14.1200,12.8000,12.8000,3193
RCFL6SUGA,20201013,1.6500,1.8200,1.6500,1.8100,18595
RCFL6W20,20201013,7.6600,7.6600,7.6600,7.6600,1000
RCFL6W201,20201013,0.2600,0.2600,0.2500,0.2500,40000
RCFL8COFF1,20201013,0.3300,0.3300,0.3300,0.3300,6069
RCFL8COPP1,20201013,3.7200,3.7200,3.7200,3.7200,200
RCFODAOPEN,20201013,37.2500,37.2500,37.2500,37.2500,77
RCFS10GOLD2,20201013,12.1600,12.1600,12.1600,12.1600,100
RCFS10OIL2,20201013,5.1500,5.1500,5.1500,5.1500,200
RCFS2BZW,20201013,73.2000,73.2000,73.2000,73.2000,4
RCFS2CCC1,20201013,11.1600,11.1600,11.1600,11.1600,100
RCFS2GAMES,20201013,2.9000,2.9000,2.8600,2.8600,10500
RCFS2KGH,20201013,4.9000,4.9300,4.8900,4.9300,50050
RCFS2W20,20201013,68.5000,68.5000,68.5000,68.5000,28
RCFS3CCC,20201013,0.1800,0.1800,0.1800,0.1800,1000
RCFS3CORN,20201013,11.7200,11.7200,11.7200,11.7200,500
RCFS3DBK,20201013,3.2100,3.2100,3.2100,3.2100,600
RCFS3EAD,20201013,0.8300,0.8300,0.8300,0.8300,800
RCFS3FDX,20201013,4.8300,4.9800,4.7500,4.9700,6812
RCFS3GAMES,20201013,1.2200,1.2300,1.1900,1.1900,28400
RCFS3KGH,20201013,0.2500,0.2500,0.2400,0.2500,259586
RCFS3PALL4,20201013,1.1200,1.2700,1.1100,1.2700,10100
RCFS3PEO,20201013,19.1000,19.1000,19.1000,19.1000,64
RCFS3PGE,20201013,1.8400,1.8400,1.8400,1.8400,3503
RCFS3TPE,20201013,1.2000,1.2000,1.2000,1.2000,5000
RCFS3W20,20201013,36.4000,36.5000,36.4000,36.4500,245
RCFS4CDPRO1,20201013,2.4900,2.4900,2.2200,2.2200,6500
RCFS4ESX,20201013,0.4500,0.4500,0.4500,0.4500,5000
RCFS4KGH,20201013,0.1300,0.1300,0.1300,0.1300,2000
RCFS4OIL4,20201013,8.7000,8.7000,8.7000,8.7000,150
RCFS4PGN,20201013,1.6200,1.7200,1.5900,1.7200,11700
RCFS4PKN,20201013,30.1000,30.1000,30.1000,30.1000,50
RCFS4PKO,20201013,12.3400,12.3800,12.3400,12.3800,317
RCFS4PZU,20201013,18.7600,18.7600,18.7600,18.7600,1000
RCFS5FW20,20201013,5.8800,5.8800,5.8800,5.8800,100
RCFS5NAG3,20201013,4.8400,4.8400,4.8400,4.8400,200
RCFS5PLAT2,20201013,1.6300,1.6300,1.6300,1.6300,500
RCFS5SUGA,20201013,2.8900,2.8900,2.8900,2.8900,10520
RCFS6COCO1,20201013,3.2100,3.2500,3.2100,3.2500,400
RCFS6CORN,20201013,2.9400,2.9400,2.9400,2.9400,169
RCFS6NAG,20201013,0.2200,0.2200,0.2200,0.2200,1840
RCFS6NAG2,20201013,3.8000,3.8000,3.8000,3.8000,200
RCFS6SUGA,20201013,1.3900,1.3900,1.3900,1.3900,1000
RCFS6W201,20201013,4.9000,5.0400,4.9000,5.0400,2500
RCFS8COCO,20201013,4.7000,4.7000,4.6400,4.6400,1000
RCGBSK0621B,20201013,1049.5000,1049.5000,1049.5000,1049.5000,30
RCGETNA06222,20201013,991.5000,991.5000,991.5000,991.5000,2
RCGKOMP1222,20201013,1124.0000,1124.0000,1124.0000,1124.0000,60
RCGLDAOPEN,20201013,740.0000,740.0000,720.0000,720.0000,23
RCGTECBSK0222,20201013,1098.0000,1098.0000,1098.0000,1098.0000,200
RCGTECBSK0321,20201013,1045.0000,1045.0000,1044.5000,1044.5000,80
RCGTECBSK0621,20201013,1080.0000,1080.0000,1080.0000,1080.0000,27
RCLNAGOPEN,20201013,1.8200,1.8200,1.8200,1.8200,201
RCLOILAOPEN,20201013,13.9200,13.9200,13.9200,13.9200,120
RCRBSPX1122,20201013,611.5000,631.5000,611.5000,631.5000,207
RCRPKN0921,20201013,541.0000,541.0000,541.0000,541.0000,14
RCSDAXOPEN,20201013,86.4000,86.4000,86.4000,86.4000,20
RCSILAOPEN,20201013,96.0000,96.0000,94.0000,94.0000,209
REDAN,20201013,0.1790,0.1880,0.1790,0.1880,10950
REINO,20201013,1.4800,1.4800,1.3400,1.4700,52
RELPOL,20201013,5.2400,5.2400,5.0800,5.2000,13387
REMAK,20201013,10.9500,10.9500,10.9500,10.9500,13
RONSON,20201013,1.4400,1.4400,1.3900,1.4200,19871
ROPCZYCE,20201013,22.6000,22.6000,21.7000,21.7000,1709
RYVU,20201013,60.2000,60.2000,59.2000,59.4000,5285
SANOK,20201013,13.2500,13.2500,12.7500,13.2000,3438
SANPL,20201013,147.0000,147.0000,138.7000,139.9000,95514
SANTANDER,20201013,7.4200,7.4550,7.3200,7.3440,7568
SANWIL,20201013,4.8600,4.8600,4.5200,4.5400,111565
SECOGROUP,20201013,14.0000,14.4000,14.0000,14.4000,751
SEKO,20201013,8.7000,8.9000,8.7000,8.9000,100
SELENAFM,20201013,14.2000,14.4000,13.7000,14.1500,8362
SELVITA,20201013,44.9000,45.5000,44.9000,45.3000,3780
SERINUS,20201013,0.3620,0.3640,0.3520,0.3620,30022
SESCOM,20201013,28.8000,28.8000,23.6000,25.6000,1336
SFINKS,20201013,0.3700,0.3790,0.3600,0.3790,19185
SIMPLE,20201013,10.5000,10.5000,10.0000,10.0000,498
SKARBIEC,20201013,25.3000,25.7000,25.1000,25.7000,1811
SKOTAN,20201013,1.9000,1.9300,1.8300,1.9100,16082
SKYLINE,20201013,0.6600,0.6600,0.6600,0.6600,20
SLEEPZAG,20201013,0.3000,0.3700,0.3000,0.3400,23364
SNIEZKA,20201013,88.6000,88.6000,87.6000,87.8000,54
SOLAR,20201013,3.6100,3.6800,3.6100,3.6200,8851
SONEL,20201013,9.4000,9.4000,9.3000,9.3000,1240
SOPHARMA,20201013,18.0000,18.0000,14.0000,14.0000,278
STALEXP,20201013,2.8400,2.8500,2.8200,2.8500,93640
STALPROD,20201013,185.6000,187.0000,178.2000,180.0000,3711
STALPROFI,20201013,5.7000,5.7000,5.6200,5.7000,3342
STAPORKOW,20201013,2.6400,2.6400,2.6400,2.6400,800
STARHEDGE,20201013,0.4500,0.4500,0.4300,0.4300,1070
SUNEX,20201013,5.0200,5.0600,4.8100,4.8200,38250
SUWARY,20201013,16.6000,16.6000,16.6000,16.6000,21
SWISSMED,20201013,3.1600,3.7800,3.1600,3.7600,105779
SYGNITY,20201013,7.6800,7.8600,7.6000,7.8400,14364
SYNEKTIK,20201013,28.3000,28.9000,25.6000,27.0000,24213
TALEX,20201013,11.4000,11.4000,11.0500,11.0500,235
TATRY,20201013,165.0000,165.0000,165.0000,165.0000,25
TAURONPE,20201013,2.0860,2.0920,1.9650,1.9650,3351472
TBULL,20201013,23.6000,25.1000,23.4000,24.1000,15221
TERMOREX,20201013,1.3500,1.3500,1.2600,1.3500,7591
TESGAS,20201013,4.4800,4.4800,4.3200,4.4000,24473
TIM,20201013,13.4500,13.5000,13.0000,13.1500,19160
TORPOL,20201013,10.9000,10.9000,10.6500,10.8000,12472
TOWERINVT,20201013,16.4000,16.4000,16.1000,16.1000,95
TOYA,20201013,7.9000,7.9000,7.7200,7.8200,6350
TRAKCJA,20201013,1.6000,1.6000,1.5220,1.5980,96784
TRANSPOL,20201013,2.9400,2.9400,2.8300,2.9000,12346
TRITON,20201013,2.2700,2.3000,2.2700,2.3000,7266
TSGAMES,20201013,621.0000,662.0000,616.0000,649.0000,34902
ULMA,20201013,49.4000,49.4000,49.4000,49.4000,1
ULTGAMES,20201013,30.6500,30.6500,29.0500,30.0000,6859
UNIBEP,20201013,6.9200,6.9600,6.8600,6.9000,2702
UNICREDIT,20201013,33.0350,33.0350,33.0350,33.0350,10
UNIMA,20201013,2.9400,3.0800,2.9400,3.0800,520
UNIMOT,20201013,32.5000,32.5000,30.7500,31.0000,28344
URSUS,20201013,0.5210,0.5350,0.5110,0.5220,102409
VENTUREIN,20201013,1.6900,1.6900,1.6800,1.6800,3005
VIGOSYS,20201013,550.0000,555.0000,535.0000,550.0000,264
VINDEXUS,20201013,4.8400,4.8500,4.7100,4.7300,1108
VISTAL,20201013,3.4650,3.4650,3.2900,3.3000,25750
VIVID,20201013,1.8820,1.9280,1.8700,1.8980,25651
VOTUM,20201013,12.6500,12.8000,12.4500,12.5500,32457
VOXEL,20201013,45.6000,45.8000,43.7000,44.0000,5148
VRG,20201013,2.4350,2.4350,2.3900,2.3900,266275
WASKO,20201013,1.3550,1.3700,1.2900,1.3400,15617
WAWEL,20201013,542.0000,562.0000,542.0000,560.0000,388
WIELTON,20201013,3.9800,4.0350,3.9050,3.9700,32841
WIKANA,20201013,2.4400,2.5000,2.2000,2.2000,18131
WIRTUALNA,20201013,70.8000,71.2000,70.0000,71.0000,3294
WITTCHEN,20201013,7.3800,7.3800,7.1800,7.3000,9262
WOJAS,20201013,4.3000,4.3000,4.2600,4.2600,30
WORKSERV,20201013,0.9460,0.9460,0.8800,0.9000,442694
XTB,20201013,15.4500,16.3500,15.4000,16.1000,995368
XTPL,20201013,79.0000,79.0000,73.2000,74.8000,2959
ZAMET,20201013,0.9100,0.9250,0.9100,0.9250,12530
ZASTAL,20201013,18.5000,18.5000,17.3000,17.4000,229
ZEPAK,20201013,10.7000,10.7000,10.2000,10.2000,13661
ZPUE,20201013,145.0000,145.0000,138.0000,138.0000,3453
ZREMB,20201013,0.8050,0.8050,0.7800,0.8050,1512
ZUE,20201013,3.7000,3.7000,3.3400,3.4600,8375
ZYWIEC,20201013,474.0000,476.0000,474.0000,474.0000,14
INVESTORMS,20201013,3908.2500,3911.7800,3908.2500,3911.7800,292083.821
MWIG40,20201013,3613.9300,3613.9300,3585.4900,3611.6600,204451.771
MWIG40DVP,20201013,63.1100,63.1100,63.1100,63.1100,204451.771
MWIG40TR,20201013,4786.4600,4786.4600,4749.8200,4783.4500,204451.771
SWIG80,20201013,14041.8400,14048.8800,13865.1000,13879.5300,44157.761
SWIG80DVP,20201013,264.8600,264.8600,264.8600,264.8600,44157.761
SWIG80TR,20201013,18132.1700,18140.8200,17908.0800,17922.5700,44157.761
WIG,20201013,48905.2600,48922.9800,48391.4900,48464.1500,1056529.816
WIG-BANKI,20201013,3808.9100,3808.9100,3707.8100,3707.8100,143217.635
WIG-BUDOW,20201013,2979.0500,3008.7600,2961.0500,2991.1300,4185.566
WIG-CEE,20201013,1069.2400,1069.2400,1063.8500,1063.8500,6234.045
WIG-CHEMIA,20201013,6730.8300,6741.4700,6569.2300,6604.5100,2420.513
WIG-ENERG,20201013,1744.4100,1753.9900,1694.7200,1694.7200,23263.536
WIG-ESG,20201013,8005.0900,8005.0900,7923.0400,7936.1900,977425.659
WIG-GORNIC,20201013,3833.8100,3837.5900,3729.3300,3754.2000,41577.057
WIG-INFO,20201013,3736.3200,3751.7200,3711.3600,3734.7400,21713.301
WIG-LEKI,20201013,6584.3100,6584.3100,6134.6900,6151.4100,56948.022
WIG-MEDIA,20201013,4851.8400,4852.1700,4790.4100,4805.7800,805.651
WIG-MOTO,20201013,3722.3500,3751.2000,3709.2600,3751.2000,1716.541
WIG-NRCHOM,20201013,2190.3200,2194.2400,2162.8900,2187.9800,793.867
WIG-ODZIEZ,20201013,3824.5000,3865.6200,3796.3700,3832.5400,24801.695
WIG-PALIWA,20201013,4039.1700,4039.1700,3915.4800,3942.7700,102113.180
WIG-POLAND,20201013,49672.0400,49672.0400,49546.4800,49547.4600,1048664.312
WIG-SPOZYW,20201013,3013.0200,3013.1800,2967.1400,2980.6100,7675.246
WIG-TELKOM,20201013,902.5700,905.9900,896.7900,897.0900,210012.999
WIG-UKRAIN,20201013,343.9600,343.9600,337.9100,337.9100,5335.525
WIG.GAMES,20201013,32585.9200,33629.6100,32404.1700,33426.5500,137623.040
WIG.MS-BAS,20201013,8804.0300,8806.9500,8508.4300,8522.5100,59587.338
WIG.MS-FIN,20201013,5808.3800,5808.3800,5627.1000,5649.9200,160080.383
WIG.MS-PET,20201013,5491.6000,5497.8200,5333.5300,5358.8700,102658.672
WIG20,20201013,1685.2500,1685.2500,1659.1000,1660.1200,789204.275
WIG20DVP,20201013,7.5000,7.5000,7.5000,7.5000,789204.275
WIG20LEV,20201013,313.9900,313.9900,304.2800,304.6400,789204.275
WIG20SHORT,20201013,4292.4500,4359.0600,4292.4500,4356.6100,789204.275
WIG20TR,20201013,3066.7700,3066.7700,3034.5300,3035.3400,789204.275
WIG30,20201013,1933.0200,1933.0200,1906.1100,1907.1500,816696.845
WIG30TR,20201013,3456.5300,3456.5300,3441.4700,3441.4700,816696.845
WIGDIV,20201013,973.3600,973.3600,964.0600,966.4700,123402.782
WIGTECH,20201013,14605.3600,14721.2400,14598.4000,14663.0800,0.000
