06MAGNA,20201127,1.4800,1.6000,1.4300,1.5400,166266
11BIT,20201127,469.0000,482.5000,464.0000,482.5000,8955
4FUNMEDIA,20201127,4.8800,4.8800,4.6500,4.7000,15
ABPL,20201127,30.8000,31.3000,30.5000,31.3000,2070
ACAUTOGAZ,20201127,37.0000,37.2000,37.0000,37.0000,172
ACTION,20201127,4.8000,5.2400,4.8000,5.1000,66979
ADIUVO,20201127,5.0800,5.0800,4.9000,5.0000,4653
AGORA,20201127,7.2000,7.2000,6.9200,6.9200,1896
AGROTON,20201127,4.7200,5.1600,4.7200,5.0200,60098
AIGAMES,20201127,16.2000,16.3000,15.7500,16.2500,8676
AILLERON,20201127,7.9200,7.9600,7.7600,7.7800,5527
AIRWAY,20201127,1.6500,1.6500,1.5200,1.5500,554842
ALIOR,20201127,17.3150,17.6500,17.1200,17.5600,250917
ALLEGRO,20201127,72.6800,76.0000,70.7000,75.0000,1889733
ALTA,20201127,1.2500,1.3100,1.1900,1.3100,22521
ALTUSTFI,20201127,0.8160,0.8380,0.8120,0.8260,12911
ALUMETAL,20201127,43.3000,44.0000,43.3000,44.0000,947
AMBRA,20201127,17.1500,17.5000,17.1000,17.2000,2016
AMICA,20201127,147.0000,148.0000,145.6000,146.4000,748
AMREST,20201127,25.9000,26.7500,25.2000,26.7000,172328
APATOR,20201127,22.2000,22.4000,22.2000,22.4000,1489
APLISENS,20201127,11.6000,11.6000,10.9000,11.2000,338
APSENERGY,20201127,1.7300,1.7300,1.6950,1.7100,5580
ARCHICOM,20201127,20.1000,20.6000,20.0000,20.5000,22080
ARCTIC,20201127,5.0400,5.0400,4.8600,5.0000,55082
ARTERIA,20201127,4.0800,4.0800,3.9200,4.0800,57
ARTIFEX,20201127,9.4600,9.4600,9.0000,9.0000,3694
ASBIS,20201127,7.2000,7.2000,7.1100,7.1500,81838
ASSECOBS,20201127,34.8000,34.8000,34.4000,34.6000,355
ASSECOPOL,20201127,65.3000,67.2000,64.9000,66.4000,147109
ASSECOSEE,20201127,41.1000,41.1000,40.1000,40.5000,1086
ASTARTA,20201127,24.6000,24.8000,24.4000,24.7000,9488
ATAL,20201127,32.2000,32.5000,31.0000,32.5000,154
ATENDE,20201127,3.4400,3.6400,3.4400,3.5800,22406
ATLANTAPL,20201127,6.1200,6.1200,6.1200,6.1200,113
ATLANTIS,20201127,0.7360,0.7800,0.7360,0.7760,117324
ATMGRUPA,20201127,4.1200,4.1200,4.1200,4.1200,2
ATREM,20201127,2.0900,2.0900,2.0500,2.0900,10307
AUGA,20201127,1.8600,1.8900,1.8600,1.8800,832
AUTOPARTN,20201127,7.8600,7.8600,7.7400,7.8200,3661
BAHOLDING,20201127,0.7130,0.7170,0.6230,0.6230,737680
BBIDEV,20201127,3.5400,3.5400,3.4000,3.5000,1004
BEDZIN,20201127,9.6500,9.6500,9.3000,9.3000,973
BENEFIT,20201127,679.0000,694.0000,677.0000,690.0000,1667
BEST,20201127,16.2000,17.1000,16.2000,17.1000,501
BETACOM,20201127,10.9500,10.9500,10.9000,10.9000,25
BETAM40TR,20201127,52.4900,52.9200,52.2000,52.8500,23694
BETAW20LV,20201127,34.5000,34.9500,34.2900,34.9500,3142
BETAW20ST,20201127,398.1000,399.8000,396.1000,396.6000,462
BETAW20TR,20201127,31.4000,31.5750,31.3000,31.5750,59135
BIK,20201127,11.9500,12.3000,11.9000,12.3000,508
BIOMEDLUB,20201127,12.4000,13.4500,11.5000,13.3000,2593983
BIOTON,20201127,4.5650,4.5650,4.5000,4.5600,53048
BNPPBSK0924,20201127,1003.0000,1003.5000,1003.0000,1003.5000,450
BNPPGOLD0223,20201127,998.5000,998.5000,998.5000,998.5000,20
BNPPPL,20201127,54.2000,59.0000,54.2000,58.6000,8928
BNPPSOLED1221,20201127,1063.5000,1063.5000,1063.5000,1063.5000,50
BNPPSX5E0222,20201127,1011.0000,1011.0000,1011.0000,1011.0000,20
BNPPSXPP0221,20201127,992.5000,992.5000,992.5000,992.5000,150
BNPPSXPP0421,20201127,1000.5000,1003.5000,999.5000,1003.5000,297
BOGDANKA,20201127,18.8000,18.8400,18.6000,18.6000,9682
BOOMBIT,20201127,17.9200,18.0000,17.6600,17.8800,6118
BORYSZEW,20201127,2.8900,2.9300,2.8100,2.9000,258348
BOS,20201127,5.8000,5.8000,5.7200,5.7800,5298
BOWIM,20201127,2.0400,2.2000,2.0400,2.1800,18357
BRASTER,20201127,0.4920,0.5100,0.4910,0.4955,10455
BUDIMEX,20201127,262.0000,271.5000,261.0000,270.0000,7407
BUMECH,20201127,2.0100,2.0400,1.9700,2.0400,3800
CCC,20201127,62.9000,62.9000,61.4000,62.7000,150847
CDPROJEKT,20201127,359.0000,364.0000,352.6000,362.7000,382787
CDRL,20201127,15.5000,16.2000,15.4000,16.2000,786
CELTIC,20201127,7.1000,7.2000,7.1000,7.2000,977
CEZ,20201127,82.0000,82.0000,80.2000,80.5000,67074
CFI,20201127,0.2360,0.2360,0.2200,0.2250,99217
CIECH,20201127,31.2500,31.2500,30.7000,30.8000,19832
CIGAMES,20201127,1.3200,1.3340,1.2500,1.3000,909917
CLNPHARMA,20201127,41.9000,42.9000,41.0000,41.6500,10249
CNT,20201127,13.1000,13.3000,13.1000,13.3000,900
COALENERG,20201127,0.5300,0.5450,0.4900,0.5450,26773
COGNOR,20201127,1.2350,1.2350,1.2100,1.2200,24624
COMARCH,20201127,195.0000,198.5000,195.0000,197.5000,1129
COMP,20201127,50.4000,52.0000,50.0000,52.0000,1981
COMPERIA,20201127,2.9800,2.9800,2.9800,2.9800,100
CORMAY,20201127,1.3000,1.3150,1.2600,1.3100,308224
CPGROUP,20201127,6.5800,6.5800,6.5800,6.5800,25
CYFRPLSAT,20201127,27.0800,27.3400,26.8200,27.1000,335553
CZTOREBKA,20201127,0.6550,0.7000,0.5900,0.6500,29381
DATAWALK,20201127,211.0000,212.0000,201.0000,205.0000,3149
DEBICA,20201127,77.0000,77.0000,76.2000,77.0000,117
DECORA,20201127,32.3000,32.3000,31.3000,31.5000,3437
DEKPOL,20201127,27.8000,27.8000,27.0000,27.4000,745
DELKO,20201127,17.0000,17.3000,16.4000,17.1000,44481
DEVELIA,20201127,1.8180,1.8500,1.7860,1.8200,229408
DGA,20201127,5.5800,5.5800,5.5800,5.5800,2
DIGITREE,20201127,5.5000,5.5000,5.4000,5.4000,350
DINOPL,20201127,257.0000,258.2000,253.4000,255.0000,54218
DOMDEV,20201127,96.8000,97.2000,96.6000,97.0000,3113
DROZAPOL,20201127,1.8600,1.8600,1.8600,1.8600,840
ECHO,20201127,4.0000,4.0300,3.9600,4.0200,34262
EDINVEST,20201127,3.8200,3.9000,3.6200,3.6200,11151
EFEKT,20201127,5.0500,5.1000,5.0500,5.1000,1250
EKOEXPORT,20201127,3.3600,3.3600,3.2250,3.2600,47991
ELBUDOWA,20201127,0.9700,0.9700,0.9100,0.9300,16266
ELEKTROTI,20201127,5.7800,6.0200,5.7200,5.8600,3671
ELEMENTAL,20201127,2.3950,2.3950,2.3950,2.3950,32062
ELKOP,20201127,0.2660,0.2800,0.2450,0.2750,319359
ELZAB,20201127,4.1200,4.2000,4.1200,4.1800,1541
EMCINSMED,20201127,13.0000,13.0000,11.9000,13.0000,15
ENAP,20201127,1.3900,1.3900,1.3200,1.3400,13004
ENEA,20201127,5.6700,5.6700,5.5100,5.5300,457142
ENELMED,20201127,18.4000,19.0000,18.4000,19.0000,405
ENERGA,20201127,7.9600,7.9950,7.9250,7.9700,110397
ENERGOINS,20201127,0.6600,0.6780,0.6600,0.6780,1990
ENTER,20201127,28.8000,30.1000,28.6000,30.1000,17714
ERBUD,20201127,19.6000,19.8000,19.6000,19.8000,179
ERG,20201127,41.0000,41.0000,38.2000,39.0000,479
ESOTIQ,20201127,14.2000,14.3000,13.8000,13.8000,5609
ETFDAX,20201127,559.4000,562.6000,559.0000,562.6000,710
ETFSP500,20201127,139.4000,141.8800,139.4000,140.1000,5062
ETFW20L,20201127,227.0000,228.5000,226.0000,228.5000,1415
EUCO,20201127,4.4500,4.4500,4.4400,4.4400,137
EUROCASH,20201127,14.2500,14.3100,14.0000,14.0600,130821
EUROHOLD,20201127,4.7000,4.7000,4.6800,4.6800,1505
EUROTEL,20201127,24.3000,24.5000,23.7000,24.2000,2087
FAMUR,20201127,1.7100,1.7500,1.6600,1.6620,529734
FASING,20201127,10.7000,11.0000,10.3500,11.0000,751
FEERUM,20201127,11.4500,11.4500,11.4000,11.4000,5
FERRO,20201127,20.6000,20.7000,19.7000,20.0000,5351
FERRUM,20201127,3.5800,3.5800,3.3600,3.5800,306
FON,20201127,0.1120,0.1150,0.1040,0.1140,713781
FORTE,20201127,38.6000,38.6000,38.0500,38.3000,538
GAMEOPS,20201127,26.0000,26.9000,25.2000,25.9000,1128
GAMFACTOR,20201127,15.4380,15.5520,15.1000,15.1040,2132
GAMFACTOR-PDA,20201127,14.8960,14.8980,14.1000,14.5000,3284
GETIN,20201127,0.9180,0.9180,0.8700,0.9000,242626
GETINOBLE,20201127,0.1978,0.2035,0.1978,0.2035,4422878
GLCOSMED,20201127,4.9600,4.9600,4.7800,4.7800,37353
GPW,20201127,43.0500,43.2500,42.5000,42.7500,48293
GROCLIN,20201127,1.0600,1.0600,0.9900,1.0500,56264
GRODNO,20201127,11.5500,11.5500,11.2000,11.4500,32468
GRUPAAZOTY,20201127,25.6000,25.7000,25.0500,25.3000,36497
GTC,20201127,6.8200,7.0000,6.7600,7.0000,65266
HANDLOWY,20201127,35.4500,35.4500,34.4500,34.7500,8861
HARPER,20201127,13.3500,14.2000,13.0500,13.7000,64224
HELIO,20201127,10.5000,10.5000,9.8500,9.8500,2459
HERKULES,20201127,1.2400,1.3350,1.2400,1.2600,25727
HMINWEST,20201127,12.1000,12.1000,12.0000,12.1000,315
HUBSTYLE,20201127,1.1800,1.2400,1.1600,1.1900,2752
HYDROTOR,20201127,29.2000,29.2000,29.0000,29.0000,18
I2DEV,20201127,9.0500,9.0500,9.0500,9.0500,158
IALBGR,20201127,0.3000,0.3000,0.3000,0.3000,1000
IDEABANK,20201127,1.6620,1.7100,1.6000,1.6640,80146
IDMSA,20201127,0.9200,0.9250,0.8900,0.8900,3865
IFCAPITAL,20201127,0.7500,0.7800,0.7000,0.7800,11020
IFIRMA,20201127,4.7400,4.8600,4.6200,4.8600,8363
IIAAV,20201127,70.0000,71.2000,70.0000,71.2000,52
IMCOMPANY,20201127,15.5500,15.6500,15.2500,15.6000,1868
IMMOBILE,20201127,2.4100,2.4100,2.3600,2.3600,107
IMPEL,20201127,12.2000,12.6000,12.0000,12.0000,3105
IMPERA,20201127,1.5200,1.5800,1.4700,1.5800,20252
IMS,20201127,2.5900,2.6200,2.5600,2.6000,4950
INC,20201127,7.8000,7.8200,7.6000,7.8200,27800
INGBSK,20201127,160.8000,160.8000,156.8000,159.0000,7027
INPRO,20201127,4.7600,4.7600,4.5000,4.5000,1887
INSTALKRK,20201127,19.7500,20.0000,19.6500,19.9000,824
INTERAOLT,20201127,15.1500,15.3500,15.0500,15.1000,4753
INTERCARS,20201127,249.0000,249.0000,243.0000,247.0000,997
INTERSPPL,20201127,1.4200,1.4200,1.3800,1.3800,502
INTLALE35055,20201127,14.3400,19.1000,14.3400,18.3000,1494
INTLALE35063,20201127,18.9600,22.4500,18.9600,22.4000,292
INTLALE35071,20201127,22.5000,24.8000,22.5000,24.8000,180
INTLALE36046,20201127,9.6600,13.8800,9.6600,13.8800,1539
INTLBCO31633,20201127,52.9000,56.5000,52.9000,56.5000,15
INTLBCO31641,20201127,58.7000,59.4000,58.7000,59.4000,210
INTLBCO31658,20201127,59.5000,59.5000,59.5000,59.5000,15
INTLBCO31682,20201127,72.2000,72.2000,72.2000,72.2000,200
INTLBCO35246,20201127,51.9000,51.9000,51.9000,51.9000,140
INTLBCO35691,20201127,44.5000,44.5000,44.5000,44.5000,200
INTLBCO35725,20201127,33.1000,36.1500,33.1000,35.8000,710
INTLBCO36152,20201127,26.5000,26.5000,26.5000,26.5000,747
INTLBCO36160,20201127,29.1000,31.6000,29.1000,31.6000,100
INTLCDR30478,20201127,10.7000,11.4800,10.7000,11.4800,4200
INTLCDR30494,20201127,13.6600,13.6600,13.6600,13.6600,3000
INTLCDR30726,20201127,9.4700,10.0400,9.3000,10.0400,8345
INTLCDR35345,20201127,5.7800,6.1500,5.1300,6.1100,13211
INTLCDR35352,20201127,6.7000,7.5600,6.4300,7.3300,25639
INTLDAX31872,20201127,107.6000,107.6000,107.6000,107.6000,3
INTLDAX35923,20201127,33.4500,34.0500,32.0500,33.8500,1227
INTLDOW35956,20201127,93.4000,93.4000,93.4000,93.4000,3
INTLEUD33860,20201127,20.6500,20.8500,20.6500,20.8500,360
INTLEUR28324,20201127,14.6600,15.1000,14.6600,15.1000,650
INTLEUR34603,20201127,10.5400,11.1000,10.5400,11.1000,396
INTLGBU34850,20201127,31.4000,31.4000,31.4000,31.4000,67
INTLGLD23903,20201127,150.0000,150.0000,150.0000,150.0000,5
INTLGLD24166,20201127,129.0000,129.0000,129.0000,129.0000,6
INTLGLD30130,20201127,120.6000,120.6000,120.6000,120.6000,5
INTLGLD30148,20201127,263.5000,264.0000,262.5000,262.5000,80
INTLGLD30866,20201127,88.4000,88.4000,88.4000,88.4000,10
INTLGLD31310,20201127,75.9000,75.9000,64.2000,64.5000,152
INTLGLD33092,20201127,49.8500,49.8500,37.9000,41.3000,1585
INTLGLD33100,20201127,39.8000,39.8000,27.0000,28.5000,1167
INTLGLD33472,20201127,26.7000,27.6500,21.1000,22.6000,640
INTLHSC30643,20201127,33.9000,33.9000,33.9000,33.9000,20
INTLJSW32136,20201127,12.4400,12.4400,12.4400,12.4400,76
INTLJSW32144,20201127,12.6000,12.6000,12.6000,12.6000,100
INTLJSW35386,20201127,11.0000,11.0000,9.5700,9.8200,4736
INTLJSW35394,20201127,11.5000,11.5000,11.5000,11.5000,280
INTLJSW36020,20201127,8.2200,8.2200,7.6200,7.6200,4455
INTLKGH32060,20201127,86.2000,86.2000,86.2000,86.2000,10
INTLKGH33936,20201127,58.7000,58.7000,58.4000,58.4000,15
INTLKGH35436,20201127,48.0000,48.0000,48.0000,48.0000,190
INTLKGH35782,20201127,38.3500,38.5000,37.9500,38.5000,1144
INTLKGH35790,20201127,42.5000,44.1000,42.5000,42.8000,12
INTLLTS34702,20201127,13.5400,13.5400,12.4600,12.4600,1227
INTLLTS35378,20201127,17.2600,17.2600,17.2600,17.2600,70
INTLNDX33167,20201127,89.9000,89.9000,89.9000,89.9000,110
INTLNDX33621,20201127,79.3000,80.0000,79.3000,80.0000,53
INTLNDX34777,20201127,70.0000,70.0000,70.0000,70.0000,10
INTLNDX35659,20201127,42.2000,42.2000,42.2000,42.2000,14
INTLOPL21626,20201127,2.6600,2.8000,2.6600,2.8000,13000
INTLPEO29439,20201127,26.0000,26.0000,26.0000,26.0000,20
INTLPEO35824,20201127,16.7000,17.7000,16.7000,17.0000,1681
INTLPGE31427,20201127,2.6000,2.6000,2.6000,2.6000,750
INTLPKN04101,20201127,22.5000,22.5000,22.5000,22.5000,150
INTLPKN04119,20201127,24.5000,24.5000,24.5000,24.5000,90
INTLPKN05496,20201127,19.7800,19.7800,19.7800,19.7800,45
INTLPKN35840,20201127,12.9600,13.3400,12.7400,13.3400,9579
INTLPKN35857,20201127,14.5800,15.0000,14.5800,15.0000,90
INTLPKO29405,20201127,12.7000,12.7000,12.7000,12.7000,300
INTLPKO30395,20201127,10.8000,11.2000,10.7000,11.2000,1650
INTLPKO30403,20201127,11.8000,11.8000,11.8000,11.8000,200
INTLPKO35808,20201127,7.4300,7.4600,7.1400,7.2800,250
INTLPLA30288,20201127,14.1000,14.1000,14.1000,14.1000,40
INTLPLA31138,20201127,9.9200,9.9200,9.9200,9.9200,58
INTLPLA31757,20201127,8.2100,8.3100,8.2100,8.3100,250
INTLPLA35709,20201127,4.9400,4.9400,4.9400,4.9400,30
INTLPLA36178,20201127,4.0800,4.0800,3.6500,3.6500,138
INTLPZU15610,20201127,7.6600,7.8000,7.6600,7.8000,156
INTLPZU35980,20201127,3.6300,3.6300,3.6300,3.6300,1060
INTLSLV29702,20201127,38.0000,39.0500,38.0000,39.0500,227
INTLSLV30890,20201127,32.7500,32.7500,32.7500,32.7500,50
INTLSLV33340,20201127,9.7600,9.7600,6.3500,7.5700,2352
INTLSLV33357,20201127,13.0800,13.0800,9.9000,10.4400,1029
INTLSLV33365,20201127,15.8000,15.8000,12.9000,13.2000,330
INTLSLV33373,20201127,16.1000,16.1000,16.1000,16.1000,140
INTLSLV33381,20201127,18.4000,18.4000,18.4000,18.4000,1000
INTLSLV34967,20201127,6.0000,6.0000,4.7300,4.9900,1871
INTLSPX32862,20201127,32.8000,32.8000,32.8000,32.8000,20
INTLSPX33894,20201127,27.9000,27.9000,27.9000,27.9000,30
INTLUSD21170,20201127,17.2400,17.4000,16.5800,16.5800,500
INTLUSD34256,20201127,12.1400,12.3400,12.1400,12.3400,650
INTLW2029900,20201127,4.7000,4.7000,4.7000,4.7000,100
INTLW2030585,20201127,4.0000,4.0000,4.0000,4.0000,5160
INTLW2035543,20201127,2.4000,2.4000,2.4000,2.4000,500
INTLW2035899,20201127,1.8300,1.9600,1.7700,1.9600,7337
INTLW2035907,20201127,2.0800,2.1100,2.0800,2.1100,951
INTLW2035915,20201127,2.2400,2.2400,2.2400,2.2400,1850
INTLW2036079,20201127,1.0500,1.0800,0.9300,1.0800,10260
INTLW2036103,20201127,1.6500,1.6500,1.6500,1.6500,3000
INTROL,20201127,3.8200,3.8400,3.7600,3.8000,29624
INTSALE35212,20201127,70.1000,70.1000,65.4000,66.0000,1166
INTSBCO28027,20201127,19.4600,19.4600,16.0600,17.0200,5950
INTSBCO28035,20201127,23.7500,23.7500,23.7500,23.7500,100
INTSBCO28068,20201127,48.7000,48.7000,46.0000,46.0000,22
INTSCCC34207,20201127,2.4500,2.4500,2.4400,2.4400,200
INTSCDR34124,20201127,20.4500,20.4500,20.1000,20.1000,170
INTSCDR34199,20201127,24.2000,24.3000,24.2000,24.3000,200
INTSCDR34249,20201127,16.2600,16.2600,15.5600,15.5600,4065
INTSCDR34801,20201127,12.8400,13.0800,11.9200,11.9200,17040
INTSDAX25783,20201127,23.9500,23.9500,20.6500,21.0000,2427
INTSDAX25825,20201127,36.6000,36.6000,34.3000,34.3000,766
INTSDAX26591,20201127,47.0000,47.0000,46.7500,46.7500,45
INTSDAX26609,20201127,61.0000,61.0000,59.5000,59.5000,110
INTSDAX36111,20201127,73.3000,73.3000,73.3000,73.3000,21
INTSEUD05033,20201127,47.5000,47.5000,47.0000,47.0000,1033
INTSGBU31831,20201127,14.1800,14.1800,14.1800,14.1800,100
INTSGLD30882,20201127,150.0000,150.0000,148.2000,148.2000,47
INTSGLD33316,20201127,126.8000,133.2000,126.8000,133.2000,78
INTSGLD33324,20201127,153.0000,153.0000,153.0000,153.0000,66
INTSGLD34504,20201127,98.2000,108.6000,98.2000,108.4000,184
INTSLTS34041,20201127,21.4500,21.4500,21.4500,21.4500,20
INTSNDX33225,20201127,24.7000,24.7000,21.1000,21.4000,425
INTSNDX33233,20201127,38.2500,38.2500,38.2500,38.2500,20
INTSNDX33639,20201127,98.4000,98.4000,98.4000,98.4000,50
INTSNKX36137,20201127,170.0000,170.0000,164.8000,164.8000,136
INTSPEO24687,20201127,61.7000,61.7000,61.7000,61.7000,30
INTSPEO32326,20201127,13.9000,14.0600,13.3600,13.6200,2511
INTSPKN27649,20201127,25.7500,25.8500,25.4500,25.4500,1000
INTSPKN34173,20201127,15.4000,15.4000,14.7800,14.7800,182
INTSPKO23630,20201127,19.5000,19.5000,19.5000,19.5000,120
INTSPKO26997,20201127,16.2400,16.6600,16.1400,16.2000,6861
INTSPLA25304,20201127,6.5000,6.5000,6.5000,6.5000,1000
INTSPLA34488,20201127,3.2200,3.6300,3.2200,3.5500,490
INTSPZU34165,20201127,11.5800,11.7800,11.5800,11.7800,219
INTSSLV33712,20201127,42.5000,42.5000,42.5000,42.5000,350
INTSSLV34520,20201127,28.1500,28.1500,28.1500,28.1500,15
INTSSLV34553,20201127,18.0800,20.7000,18.0800,19.6600,666
INTSSPX34140,20201127,12.0400,12.1200,11.7800,11.8000,790
INTSSPX34215,20201127,24.1000,24.1000,24.1000,24.1000,413
INTSSPX34413,20201127,6.1300,6.1300,5.7300,5.7300,1410
INTSUSD32235,20201127,39.6000,39.6000,39.6000,39.6000,50
INTSUSD36061,20201127,15.8000,15.8000,15.8000,15.8000,470
INTSW2020867,20201127,5.2000,5.2000,5.2000,5.2000,120
INTSW2026005,20201127,4.2600,4.2600,4.2100,4.2100,570
INTSW2027243,20201127,3.0600,3.0600,3.0600,3.0600,2000
INTSW2027391,20201127,2.6000,2.6000,2.6000,2.6000,200
INTSW2028464,20201127,1.1000,1.1500,0.9800,0.9800,101496
INTSW2028472,20201127,1.5800,1.6000,1.5200,1.5500,48300
INTSW2028480,20201127,2.1300,2.1300,2.0600,2.0600,6571
INVGLDFIZ,20201127,1750.0000,1750.0000,1713.0000,1713.0000,12
INVISTA,20201127,0.3200,0.3200,0.3200,0.3200,20
IPOPEMA,20201127,3.7400,3.8400,3.7400,3.8400,5095
ITMTRADE,20201127,0.1470,0.1585,0.1470,0.1585,20650
IZOBLOK,20201127,38.0000,38.0000,36.3000,38.0000,583
IZOLACJA,20201127,1.8900,1.8900,1.7650,1.7650,1916
IZOSTAL,20201127,2.3300,2.3300,2.2600,2.3000,15746
JSW,20201127,24.9000,25.6000,23.3000,23.7100,1437749
JWCONSTR,20201127,3.1400,3.1400,3.1400,3.1400,5
K2INTERNT,20201127,21.8000,21.8000,21.8000,21.8000,655
KCI,20201127,0.6780,0.6880,0.6540,0.6780,25970
KERNEL,20201127,54.0000,54.0000,48.6500,48.6500,457943
KETY,20201127,453.0000,464.5000,450.0000,464.5000,2728
KGHM,20201127,155.4000,158.5000,155.3000,155.4000,562863
KGL,20201127,17.0000,17.0000,16.0500,16.7000,2596
KINOPOL,20201127,7.5500,8.3000,7.5500,8.2000,24599
KOGENERA,20201127,33.5000,33.5000,32.4000,33.1000,913
KOMPAP,20201127,10.0000,12.0000,8.6000,12.0000,4692
KOMPUTRON,20201127,2.1800,2.2800,2.1800,2.2000,12336
KPPD,20201127,29.2000,29.2000,29.2000,29.2000,101
KREC,20201127,7.7000,7.7000,7.7000,7.7000,5
KREDYTIN,20201127,11.3000,11.3000,11.3000,11.3000,6
KRKA,20201127,395.0000,395.0000,392.0000,392.0000,24
KRUK,20201127,134.1000,139.7000,134.1000,139.0000,188358
KRUSZWICA,20201127,55.0000,55.2000,54.6000,55.0000,4626
KRVITAMIN,20201127,19.3000,19.7500,18.5500,18.9500,12181
KSGAGRO,20201127,2.7600,2.7600,2.5600,2.6800,47927
LABOPRINT,20201127,10.5000,10.5000,10.5000,10.5000,7
LARQ,20201127,1.7200,1.7800,1.6950,1.6950,5271
LENA,20201127,3.6000,3.6600,3.5000,3.6600,12553
LENTEX,20201127,10.2000,10.3000,10.0000,10.1500,23322
LIBET,20201127,2.1500,2.1500,2.0600,2.1100,96488
LIVECHAT,20201127,91.0000,95.0000,90.5000,94.0000,41127
LOKUM,20201127,11.9000,12.0000,11.9000,11.9500,2073
LOTOS,20201127,35.6200,35.9500,34.5000,34.7100,2058607
LPP,20201127,6890.0000,7135.0000,6840.0000,7135.0000,1997
LSISOFT,20201127,12.5000,12.5000,12.4000,12.4000,920
LUBAWA,20201127,1.4800,1.4900,1.4550,1.4800,106438
MABION,20201127,22.9000,23.0000,22.0500,22.5500,22422
MAKARONPL,20201127,5.7000,5.7000,5.6000,5.6500,21483
MANGATA,20201127,53.5000,53.5000,52.5000,52.5000,201
MARVIPOL,20201127,5.2000,5.2400,5.0800,5.2400,81827
MASTERPHA,20201127,4.0500,4.1400,3.9500,3.9800,377
MAXCOM,20201127,11.4500,11.4500,11.2000,11.4500,1237
MBANK,20201127,165.0000,165.0000,157.0000,157.0000,154470
MBWS,20201127,6.1000,6.1000,6.1000,6.1000,2
MCI,20201127,15.2000,15.2000,14.9500,15.1000,4819
MDIENERGIA,20201127,3.7400,3.7400,3.6100,3.7000,6350
MEDIACAP,20201127,1.9100,1.9100,1.9000,1.9000,10000
MEDICALG,20201127,22.0500,22.0500,20.6000,21.5000,5775
MENNICA,20201127,19.5000,19.8000,19.5000,19.5000,1795
MERCATOR,20201127,465.0000,491.0000,463.0000,491.0000,50951
MERCOR,20201127,10.1000,10.1000,10.0000,10.0000,260
MEXPOLSKA,20201127,1.4300,1.4300,1.3000,1.4200,10975
MFO,20201127,22.2000,23.0000,22.2000,23.0000,2541
MILKILAND,20201127,0.6760,0.7800,0.6760,0.7100,82482
MILLENNIUM,20201127,2.8720,2.8880,2.8040,2.8400,810771
MIRACULUM,20201127,1.2100,1.2100,1.1500,1.1800,22508
MIRBUD,20201127,2.6500,2.7500,2.6200,2.7400,500373
MLPGROUP,20201127,83.5000,85.0000,82.0000,82.0000,28871
MLSYSTEM,20201127,78.6000,80.0000,78.0000,80.0000,5551
MOBRUK,20201127,290.0000,292.0000,280.0000,290.0000,112
MOJ,20201127,1.1500,1.1700,1.1400,1.1700,7626
MOL,20201127,25.4000,25.8000,25.4000,25.8000,2885
MONNARI,20201127,1.8750,1.9000,1.8200,1.9000,74564
MOSTALPLC,20201127,9.1600,9.1600,8.5600,8.5600,3032
MOSTALWAR,20201127,4.3200,4.4500,4.2500,4.4300,1447
MOSTALZAB,20201127,0.9000,0.9860,0.8940,0.9680,859434
MUZA,20201127,3.4800,3.4800,3.0200,3.0800,12390
MWTRADE,20201127,1.7500,1.8200,1.7500,1.8200,1790
NANOGROUP,20201127,5.8500,6.4000,5.5000,6.1500,44820
NANOGROUP-PDA,20201127,4.7400,5.0500,4.7000,4.7600,47818
NETIA,20201127,4.6100,4.6200,4.5500,4.6000,17623
NEUCA,20201127,617.0000,618.0000,610.0000,618.0000,1056
NEWAG,20201127,26.5000,26.5000,25.8000,26.2000,2933
NEXITY,20201127,20.0000,20.8000,20.0000,20.8000,186
NOVATURAS,20201127,10.6000,10.6000,10.5000,10.6000,2091
NOVAVISGR,20201127,1.6600,1.7100,1.6600,1.7100,19302
NOVITA,20201127,155.0000,158.0000,147.0000,154.5000,2203
NOWAGALA,20201127,0.9700,0.9720,0.9700,0.9720,3100
NTTSYSTEM,20201127,3.3000,3.3400,3.2500,3.2800,6298
OAT,20201127,50.0000,51.8000,49.0000,50.2000,85995
ODLEWNIE,20201127,4.7800,4.8500,4.7000,4.7400,2491
OEX,20201127,15.9000,16.0000,15.7000,16.0000,535
OPENFIN,20201127,0.9640,0.9800,0.9100,0.9600,16640
OPONEO.PL,20201127,33.4000,33.9000,32.2000,33.9000,4400
OPTEAM,20201127,26.2000,27.8000,25.8000,27.0000,6537
ORANGEPL,20201127,6.2800,6.4350,6.2200,6.3550,1700350
ORCOGROUP,20201127,1.5600,1.5600,1.3300,1.5000,5110
ORZBIALY,20201127,11.5000,11.7500,11.1000,11.5000,6734
OTLOG,20201127,4.2000,4.3600,4.0000,4.0000,21169
OTMUCHOW,20201127,1.8000,1.8500,1.7000,1.8000,13792
OVOSTAR,20201127,80.0000,80.0000,77.0000,80.0000,52
PAMAPOL,20201127,1.5200,1.5400,1.4800,1.5000,34921
PANOVA,20201127,10.9000,10.9000,10.8000,10.8000,115
PATENTUS,20201127,1.0350,1.0350,0.9740,1.0000,98662
PCCEXOL,20201127,3.4900,3.4900,3.3300,3.4100,343593
PCCROKITA,20201127,47.7000,48.2000,47.6000,47.6000,2587
PEKABEX,20201127,15.2500,15.7000,14.7000,15.6000,21627
PEKAO,20201127,59.5000,60.0000,58.8600,59.3400,507402
PEMANAGER,20201127,14.9000,14.9000,14.7000,14.7500,9809
PEP,20201127,50.0000,50.8000,50.0000,50.8000,2942
PEPEES,20201127,1.2900,1.3000,1.2900,1.3000,13977
PGE,20201127,6.1000,6.1700,6.0380,6.1000,1294806
PGNIG,20201127,5.0000,5.0660,4.8600,4.9850,3250212
PGO,20201127,1.0800,1.1200,1.0800,1.1200,5323
PGSSOFT,20201127,12.4500,12.4500,11.7500,12.2000,1404
PHARMENA,20201127,11.3000,11.7000,10.8000,11.2500,7747
PHN,20201127,10.5000,10.5000,10.1500,10.5000,6907
PKNORLEN,20201127,53.8000,53.8000,52.6000,53.5200,858331
PKOBP,20201127,27.8000,28.0000,27.3500,27.9800,3289160
PKPCARGO,20201127,12.5000,12.7000,12.2600,12.6000,31031
PLASTBOX,20201127,1.8100,1.8300,1.8100,1.8300,2034
PLAY,20201127,38.5800,38.7000,38.4600,38.7000,158782
PLAYWAY,20201127,548.0000,579.0000,531.0000,550.0000,31921
PLAZACNTR,20201127,1.7600,1.7600,1.5900,1.6500,4350
PMPG,20201127,1.9000,1.9300,1.9000,1.9000,3306
POLIMEXMS,20201127,2.2450,2.2700,2.2150,2.2650,208096
POLNORD,20201127,2.8300,2.8600,2.8300,2.8500,10391
POLWAX,20201127,3.4000,3.4000,3.3600,3.3600,36405
POZBUD,20201127,1.8550,1.8800,1.8350,1.8700,15723
PRAGMAFA,20201127,24.2000,24.2000,23.8000,24.0000,78100
PRAGMAINK,20201127,8.1000,8.2200,7.5000,7.5000,17950
PRAIRIE,20201127,0.5610,0.5900,0.5600,0.5820,455236
PRIMETECH,20201127,1.1500,1.1500,1.1500,1.1500,230
PROCHEM,20201127,18.2500,18.2500,17.5000,18.2500,27
PROJPRZEM,20201127,16.0000,16.0000,16.0000,16.0000,82
PROTEKTOR,20201127,4.7400,4.9000,4.7000,4.8000,90609
PROVIDENT,20201127,4.6850,4.6850,4.5050,4.6400,26395
PULAWY,20201127,85.8000,86.6000,85.6000,85.6000,263
PUNKPIRAT,20201127,0.7200,0.7200,0.6500,0.7100,97977
PZU,20201127,26.8000,26.8300,26.2800,26.7700,989829
QUERCUS,20201127,3.1300,3.1300,3.1200,3.1200,4693
R22,20201127,32.7000,33.5000,32.6000,33.1000,20455
RADPOL,20201127,2.2900,2.3600,2.2100,2.3600,3100
RAFAKO,20201127,1.0060,1.0300,0.9870,1.0000,341012
RAINBOW,20201127,18.5000,18.7000,18.2000,18.6000,6978
RANKPROGR,20201127,1.5500,1.7550,1.5400,1.7550,84089
RAWLPLUG,20201127,8.8000,8.8000,8.4800,8.8000,1127
RCCORNAOPEN,20201127,10.0000,10.0000,10.0000,10.0000,4570
RCESX7E0621,20201127,692.0000,692.0000,692.0000,692.0000,100
RCESXPP0823,20201127,1075.0000,1075.0000,1075.0000,1075.0000,267
RCESXPP0924,20201127,1067.5000,1067.5000,1067.5000,1067.5000,200
RCFL10GOLD,20201127,6.7300,6.7600,5.4000,5.7000,3133
RCFL10GOLD1,20201127,2.8700,2.8700,2.6000,2.6000,7200
RCFL10OIL2,20201127,7.6600,8.6100,7.6600,8.6100,3912
RCFL10SILVE2,20201127,0.0900,0.1000,0.0900,0.0900,3000
RCFL2GOLD,20201127,85.1000,85.1000,85.0000,85.0000,650
RCFL2GOLD1,20201127,10.8200,10.8200,10.8200,10.8200,5000
RCFL2OIL,20201127,2.7700,2.7800,2.7500,2.7500,76105
RCFL2PZU1,20201127,7.8000,7.8000,7.7800,7.7800,410
RCFL3ALE,20201127,10.0400,11.7600,10.0400,11.7600,1152
RCFL3ALR1,20201127,8.9000,8.9000,8.9000,8.9000,10
RCFL3CCC,20201127,0.0600,0.0600,0.0600,0.0600,1000
RCFL3CCC1,20201127,13.3400,13.3400,13.3400,13.3400,10
RCFL3CDPRO1,20201127,60.3000,64.1000,60.2000,64.1000,100
RCFL3CDPRO2,20201127,5.6700,6.0500,5.6700,6.0500,561
RCFL3COCO,20201127,6.7800,6.7800,6.7800,6.7800,1556
RCFL3CORN2,20201127,14.7200,14.7200,14.7200,14.7200,15
RCFL3EAD,20201127,1.1300,1.1300,1.1300,1.1300,1
RCFL3GOLD,20201127,55.0000,55.0000,54.5000,54.5000,450
RCFL3GOLD1,20201127,10.4000,10.4000,10.4000,10.4000,300
RCFL3GOLD2,20201127,20.4000,20.6000,20.3500,20.6000,610
RCFL3JSW,20201127,0.5600,0.5600,0.4300,0.4500,341851
RCFL3JSW1,20201127,19.2800,19.2800,15.3200,15.6400,2000
RCFL3KGH,20201127,7.1600,7.2600,7.1300,7.2600,14877
RCFL3LTS1,20201127,0.1900,0.1900,0.1800,0.1900,56891
RCFL3MBK,20201127,1.0000,1.0300,0.9600,1.0000,15830
RCFL3MSBAS,20201127,10.0800,10.0800,10.0800,10.0800,510
RCFL3NAG2,20201127,3.0000,3.0000,3.0000,3.0000,550
RCFL3OIL2,20201127,1.7200,1.7300,1.6900,1.6900,12374
RCFL3OIL4,20201127,0.0300,0.0300,0.0300,0.0300,30000
RCFL3OPL,20201127,5.0200,5.0200,5.0200,5.0200,200
RCFL3PALL3,20201127,1.1900,1.2000,1.1500,1.2000,2941
RCFL3PEO,20201127,1.1300,1.1300,1.1300,1.1300,50000
RCFL3PGE,20201127,0.1300,0.1300,0.1300,0.1300,10000
RCFL3PKO,20201127,4.3600,4.5000,4.3600,4.5000,440
RCFL3PLW,20201127,10.1600,10.5600,8.9400,8.9400,1367
RCFL3PZU,20201127,9.6800,9.8400,9.6800,9.8400,200
RCFL3SILVE,20201127,5.1600,5.1600,4.6800,4.7300,14415
RCFL3SILVE3,20201127,13.0000,13.0000,12.9200,12.9200,130
RCFL3W20,20201127,25.1000,25.1000,25.1000,25.1000,163
RCFL4CDPRO,20201127,25.6500,26.8500,23.3000,26.7000,23824
RCFL4CDPRO1,20201127,4.1100,4.4200,4.1100,4.4200,660
RCFL4DNP,20201127,24.0000,24.0000,24.0000,24.0000,20
RCFL4GAMES,20201127,57.6000,58.3000,55.1000,58.3000,715
RCFL4KGH,20201127,8.1000,8.6000,8.1000,8.6000,519
RCFL4LPP,20201127,6.5100,6.5100,6.5100,6.5100,200
RCFL4PKN1,20201127,2.0500,2.1300,2.0500,2.1300,5000
RCFL4PLAT1,20201127,0.5000,0.5000,0.4900,0.4900,1550
RCFL4PLAT2,20201127,9.4700,9.4700,9.4700,9.4700,1
RCFL4PZU,20201127,0.4500,0.4600,0.4500,0.4600,360000
RCFL4RDGB,20201127,0.1800,0.1800,0.1800,0.1800,200
RCFL4SILVE1,20201127,4.8500,4.8500,4.2600,4.2600,315
RCFL4SILVE2,20201127,6.8400,6.8400,5.8600,6.2500,3460
RCFL5ALE,20201127,8.2600,11.4400,8.2600,10.7600,4889
RCFL5COFF,20201127,0.1500,0.1500,0.1500,0.1500,31550
RCFL5COFF4,20201127,7.7300,7.7300,7.7300,7.7300,80
RCFL5GOLD,20201127,18.4800,18.4800,16.7200,17.2200,720
RCFL5MWIG40,20201127,2.0600,2.1100,2.0600,2.0900,1300
RCFL5SBO1,20201127,14.5400,15.3200,14.5400,15.3200,980
RCFL5SILVE,20201127,0.9900,0.9900,0.8000,0.8700,21380
RCFL5SILVE1,20201127,2.0500,2.0500,2.0500,2.0500,400
RCFL5SUGA1,20201127,1.4500,1.4500,1.3700,1.3700,2000
RCFL6COFF1,20201127,0.9900,0.9900,0.9900,0.9900,2000
RCFL6COFF2,20201127,2.1100,2.3500,2.1100,2.3100,5000
RCFL6CORN,20201127,2.2200,2.2200,2.2200,2.2200,2000
RCFL6GOLD1,20201127,7.9200,7.9200,7.9200,7.9200,200
RCFL6NAG3,20201127,2.0900,2.0900,2.0900,2.0900,167
RCFL6PLAT2,20201127,5.0700,5.0700,5.0700,5.0700,2000
RCFL6SILVE2,20201127,6.8000,6.8000,5.9500,5.9500,415
RCFL6SUGA,20201127,2.2400,2.3900,2.1500,2.2400,12800
RCFL6W20,20201127,11.9600,12.1800,11.9600,12.1800,448
RCFL7NAG,20201127,1.1600,1.1600,1.1600,1.1600,6584
RCFL7SILVE,20201127,0.2100,0.2100,0.1700,0.1700,85608
RCFL8COCO,20201127,1.4300,1.4300,1.4300,1.4300,1394
RCFL8COFF,20201127,0.1100,0.1100,0.1100,0.1100,34800
RCFL8COFF1,20201127,0.4900,0.5200,0.4900,0.5200,14480
RCFL8COPP1,20201127,7.9300,7.9300,7.7400,7.7400,2068
RCFS10GOLD2,20201127,18.2800,18.4000,18.2600,18.4000,1210
RCFS10SILVE2,20201127,6.6300,9.1600,6.6300,9.1600,1667
RCFS2GOLD,20201127,58.5000,58.5000,58.5000,58.5000,70
RCFS2OIL4,20201127,6.9900,7.0000,6.9900,7.0000,600
RCFS2SILVE1,20201127,3.3900,3.3900,3.3800,3.3800,1300
RCFS3ENA,20201127,6.6900,6.6900,6.6900,6.6900,150
RCFS3FDX,20201127,4.3100,4.3100,4.2700,4.2700,335
RCFS3GAMES,20201127,1.3000,1.3100,1.3000,1.3100,17500
RCFS3GOLD1,20201127,5.6600,5.6600,5.6600,5.6600,10418
RCFS3KGH,20201127,0.1100,0.1100,0.0900,0.1000,368605
RCFS3KGH1,20201127,5.0000,5.0000,4.8100,4.8200,1020
RCFS3NAG2,20201127,3.7500,3.7500,3.7500,3.7500,85
RCFS3PEO,20201127,9.6200,9.6200,9.6200,9.6200,110
RCFS3PGE,20201127,1.0000,1.0000,0.9700,0.9700,2000
RCFS3PKO,20201127,2.9200,2.9200,2.9000,2.9000,379
RCFS3PLAT2,20201127,3.4400,3.4400,3.4200,3.4200,15000
RCFS3SILVE1,20201127,1.6200,1.6200,1.6200,1.6200,24000
RCFS3SOY,20201127,5.1200,5.1200,5.1200,5.1200,2500
RCFS3TPE,20201127,0.7000,0.7000,0.7000,0.7000,750
RCFS3W20,20201127,24.6000,24.7000,24.6000,24.7000,241
RCFS4CDPRO1,20201127,2.0200,2.1300,1.9700,2.1300,9000
RCFS4KGH1,20201127,3.3600,3.5100,3.3600,3.4300,2960
RCFS4PEO,20201127,6.6500,6.8900,6.6500,6.8100,874
RCFS4PKN,20201127,6.1300,6.2000,6.1300,6.2000,183
RCFS4PKO,20201127,3.1000,3.1900,3.1000,3.1900,450
RCFS4PLAT2,20201127,2.0600,2.0600,2.0600,2.0600,1000
RCFS5COCO2,20201127,7.3200,7.3200,7.3200,7.3200,995
RCFS5FW20,20201127,2.8600,2.8600,2.8600,2.8600,5000
RCFS5SBO1,20201127,2.0800,2.0800,2.0300,2.0300,1800
RCFS5SILVE1,20201127,0.1700,0.1700,0.1700,0.1700,1000
RCFS5SUGA1,20201127,0.9500,0.9800,0.9200,0.9800,8000
RCFS6COCO2,20201127,5.9500,5.9500,5.9500,5.9500,2000
RCFS6COFF1,20201127,1.6300,1.6300,1.6300,1.6300,1200
RCFS6SUGA,20201127,0.8000,0.8100,0.8000,0.8100,300
RCFS6W201,20201127,2.1200,2.1200,2.0100,2.0100,2511
RCFS7GOLD,20201127,1.6100,1.6100,1.6100,1.6100,3000
RCFS8COCO,20201127,0.9900,0.9900,0.9900,0.9900,130
RCFS8COPP1,20201127,0.4400,0.4800,0.4200,0.4300,67750
RCFS9SILVE1,20201127,10.2400,10.4800,10.2400,10.4800,1434
RCGBSK0621B,20201127,1050.0000,1050.0000,1050.0000,1050.0000,25
RCGLDAOPEN,20201127,680.0000,680.0000,674.0000,674.0000,56
RCGOIL1122,20201127,1029.0000,1029.0000,1029.0000,1029.0000,7
RCLNAGAOPEN,20201127,5.1100,5.1100,5.1100,5.1100,9
RCLOILAOPEN,20201127,15.5600,15.6600,15.5600,15.6600,1150
RCNDXAOPEN,20201127,460.0000,460.0000,460.0000,460.0000,16
RCSILAOPEN,20201127,91.0000,91.0000,89.0000,89.0000,142
RCSUGAOPEN,20201127,2.4700,2.4700,2.4700,2.4700,76
RCTLALE9,20201127,1.6000,1.6500,1.6000,1.6500,9518
RCTLKER1,20201127,2.0700,2.1200,1.9900,1.9900,7050
RCTSJSW2,20201127,1.1100,1.2800,1.1100,1.2700,10500
RCTSKRU1,20201127,4.5800,4.5800,4.5800,4.5800,300
RCTSPKO4,20201127,0.3700,0.3700,0.3400,0.3400,43368
RCWHTAOPEN1,20201127,14.7600,14.7600,14.7600,14.7600,2100
REDAN,20201127,0.2000,0.2000,0.1940,0.1940,12177
REINO,20201127,1.4600,1.4600,1.4600,1.4600,2
RELPOL,20201127,5.4600,5.5400,5.4400,5.5000,6717
REMAK,20201127,10.3000,10.3000,10.0000,10.3000,278
RONSON,20201127,1.3700,1.3850,1.3050,1.3600,15561
ROPCZYCE,20201127,23.2000,23.5000,23.1000,23.5000,841
RYVU,20201127,53.8000,53.8000,51.6000,52.6000,3738
SANOK,20201127,16.4000,16.4000,15.9000,16.3000,23437
SANPL,20201127,183.0000,184.1000,178.4000,182.9000,67561
SANTANDER,20201127,10.9180,11.0300,10.8460,11.0300,6277
SANWIL,20201127,3.7600,3.9000,3.7400,3.9000,39538
SEKO,20201127,8.7500,8.9000,8.7500,8.9000,201
SELENAFM,20201127,16.7000,17.8000,16.7000,17.5500,78206
SELVITA,20201127,46.0000,47.5000,45.1000,47.0000,13211
SERINUS,20201127,0.2900,0.2900,0.2480,0.2540,4972882
SESCOM,20201127,27.8000,27.8000,27.8000,27.8000,1
SFINKS,20201127,0.3010,0.3180,0.3010,0.3170,27035
SIMPLE,20201127,12.0000,12.0000,11.7000,12.0000,1027
SKARBIEC,20201127,26.9000,26.9000,24.7000,25.1000,17252
SKOTAN,20201127,1.7200,1.7600,1.7200,1.7600,10516
SKYLINE,20201127,0.6800,0.6800,0.6150,0.6200,28505
SLEEPZAG,20201127,0.3320,0.3320,0.3300,0.3300,5912
SNIEZKA,20201127,89.2000,89.2000,87.2000,87.2000,92
SOLAR,20201127,4.1700,4.1700,3.9500,4.1000,1327
SONEL,20201127,9.3500,9.6000,9.3500,9.5000,302
SOPHARMA,20201127,10.1000,10.1000,10.1000,10.1000,145
STALEXP,20201127,3.1700,3.2400,3.1500,3.2000,161202
STALPROD,20201127,215.0000,218.5000,205.0000,215.0000,790
STALPROFI,20201127,5.9800,5.9800,5.8000,5.9000,5606
STAPORKOW,20201127,2.5000,2.5000,2.4200,2.4200,93
STARHEDGE,20201127,0.4620,0.4630,0.4410,0.4600,6720
SUNEX,20201127,4.7000,4.8000,4.6000,4.7700,9450
SUWARY,20201127,16.0000,16.0000,16.0000,16.0000,25
SWISSMED,20201127,3.6000,3.7000,3.5400,3.6800,2951
SYGNITY,20201127,8.2800,8.2800,8.1000,8.2000,4776
SYNEKTIK,20201127,28.0000,29.1000,27.7000,28.8000,22159
TALANX,20201127,133.3000,133.3000,133.3000,133.3000,8
TALEX,20201127,11.6500,11.6500,11.6500,11.6500,2
TATRY,20201127,149.0000,149.0000,149.0000,149.0000,14
TAURONPE,20201127,2.2220,2.2220,2.1660,2.2020,1204261
TBULL,20201127,27.7000,27.7000,26.3000,27.5000,6064
TERMOREX,20201127,0.8800,0.8800,0.8800,0.8800,90
TESGAS,20201127,4.5600,4.5600,4.4000,4.5200,5929
TIM,20201127,16.0000,16.2000,15.9000,16.2000,19983
TORPOL,20201127,11.4000,11.5500,11.1500,11.3000,19810
TOWERINVT,20201127,13.3000,13.3000,12.5000,12.9000,206
TOYA,20201127,6.1000,6.1200,6.0000,6.1200,22547
TRAKCJA,20201127,1.7700,1.8500,1.7100,1.8200,618116
TRANSPOL,20201127,2.8100,2.8100,2.7000,2.7000,66899
TRITON,20201127,2.1100,2.1600,2.1100,2.1600,1015
TSGAMES,20201127,575.0000,576.0000,556.0000,556.0000,16975
UCEXDTEGN0423,20201127,1060.5000,1060.5000,1057.0000,1057.0000,110
ULMA,20201127,44.8000,44.8000,43.4000,44.8000,416
ULTGAMES,20201127,31.5500,32.5000,31.2000,31.7500,6609
UNIBEP,20201127,8.0400,8.1600,8.0000,8.1600,644
UNICREDIT,20201127,40.6150,40.7000,40.6150,40.7000,52
UNIMA,20201127,3.2000,3.2000,3.0000,3.0000,8045
UNIMOT,20201127,32.6500,32.9500,31.3000,32.2000,17468
URSUS,20201127,0.7090,0.7360,0.6770,0.7170,246405
VENTUREIN,20201127,1.7600,1.9200,1.7600,1.8600,20524
VIGOSYS,20201127,560.0000,560.0000,545.0000,545.0000,186
VINDEXUS,20201127,4.8600,4.9300,4.8000,4.8000,9153
VISTAL,20201127,3.1800,3.2700,3.1250,3.1300,16828
VIVID,20201127,1.7700,1.7700,1.7000,1.7400,44183
VOTUM,20201127,12.0000,12.2000,11.7000,11.9500,33034
VOXEL,20201127,39.3000,40.0000,39.0000,39.6000,4431
VRG,20201127,2.4900,2.5000,2.4600,2.4900,6209
WARIMPEX,20201127,5.1400,5.1800,5.1400,5.1800,1040
WASKO,20201127,1.2200,1.2200,1.1700,1.2000,48262
WAWEL,20201127,540.0000,570.0000,540.0000,562.0000,514
WIELTON,20201127,5.9200,5.9200,5.8000,5.8700,66986
WIKANA,20201127,2.0600,2.1600,2.0600,2.1600,821
WIRTUALNA,20201127,79.0000,83.8000,79.0000,83.0000,4134
WITTCHEN,20201127,8.4800,8.4800,8.1000,8.4800,7584
WOJAS,20201127,5.1500,5.3000,5.0500,5.0500,78793
WORKSERV,20201127,0.9540,0.9740,0.9200,0.9660,242977
XTB,20201127,16.7500,17.0000,16.6500,16.9000,216068
XTPL,20201127,76.0000,76.0000,74.0000,75.6000,318
ZAMET,20201127,0.8400,0.8400,0.7600,0.8150,98818
ZASTAL,20201127,29.0000,33.2000,29.0000,32.0000,7807
ZEPAK,20201127,9.8000,9.8000,9.6200,9.7000,9130
ZPUE,20201127,153.0000,153.0000,152.5000,153.0000,208
ZREMB,20201127,0.7250,0.7250,0.7250,0.7250,5
ZUE,20201127,3.5000,3.6600,3.5000,3.6000,8007
ZYWIEC,20201127,490.0000,492.0000,490.0000,492.0000,33
INVESTORMS,20201127,4073.0900,4084.3500,4073.0900,4084.3500,263650.659
MWIG40,20201127,3750.4600,3770.3700,3740.6200,3769.5700,198327.630
MWIG40DVP,20201127,63.1100,63.1100,63.1100,63.1100,198327.630
MWIG40TR,20201127,4967.2800,4992.5900,4956.8700,4992.5900,198327.630
SWIG80,20201127,14989.0500,15000.0200,14900.4600,15000.0200,25752.530
SWIG80DVP,20201127,300.6900,300.6900,300.6900,300.6900,25752.530
SWIG80TR,20201127,19402.7500,19416.9400,19287.9000,19416.9400,25752.530
WIG,20201127,53017.1600,53302.4800,52855.1200,53302.4800,1020809.605
WIG-BANKI,20201127,4593.6800,4618.9700,4540.4200,4599.8700,168336.674
WIG-BUDOW,20201127,3165.2100,3222.9000,3160.7300,3212.9500,8752.961
WIG-CEE,20201127,1210.1000,1210.1000,1204.3700,1204.3700,29850.477
WIG-CHEMIA,20201127,7327.1800,7337.4200,7216.3100,7248.2400,1782.724
WIG-ENERG,20201127,1828.2600,1833.7600,1811.4800,1821.0900,20178.605
WIG-ESG,20201127,8755.2600,8783.0600,8707.6500,8782.7000,832460.456
WIG-GORNIC,20201127,4829.2900,4901.2600,4802.4000,4802.4000,123398.865
WIG-INFO,20201127,3686.3500,3724.7100,3671.1200,3709.0200,15151.010
WIG-LEKI,20201127,5283.5900,5373.2000,5173.1700,5367.1700,34247.652
WIG-MEDIA,20201127,5374.9100,5605.9400,5374.9100,5551.8600,617.156
WIG-MOTO,20201127,4013.6000,4013.6000,3953.7900,3996.1500,1220.316
WIG-NRCHOM,20201127,2228.5900,2248.9900,2222.9900,2248.9900,5004.410
WIG-ODZIEZ,20201127,4183.0400,4290.5500,4149.8900,4290.5500,26011.336
WIG-PALIWA,20201127,4529.8600,4529.8600,4463.6000,4502.4000,135683.451
WIG-POLAND,20201127,54151.5400,54403.2000,54140.4400,54403.2000,988718.009
WIG-SPOZYW,20201127,3741.5500,3741.5500,3517.0000,3517.0000,25169.959
WIG-TELKOM,20201127,893.1100,901.2100,887.6700,897.0100,19904.280
WIG-UKRAIN,20201127,446.9600,446.9600,439.1000,439.1000,24134.882
WIG.GAMES,20201127,31803.6100,31833.5700,31002.3200,31284.7600,169574.344
WIG.MS-BAS,20201127,9976.0900,10048.1500,9890.2700,9912.1600,136034.796
WIG.MS-FIN,20201127,6867.9900,6898.0000,6774.5000,6886.2900,164569.059
WIG.MS-PET,20201127,6045.5600,6045.6900,5948.5000,5998.3600,135265.250
WIG20,20201127,1846.7300,1853.7800,1834.6900,1852.6900,775017.622
WIG20DVP,20201127,10.3700,10.3700,10.3700,10.3700,775017.622
WIG20LEV,20201127,372.8300,375.6800,367.9600,375.2400,775017.622
WIG20SHORT,20201127,3874.0300,3899.2100,3859.2900,3861.5700,775017.622
WIG20TR,20201127,3373.5300,3394.1900,3361.1900,3393.3000,775017.622
WIG30,20201127,2130.1000,2141.1900,2123.2200,2141.1900,863068.677
WIG30TR,20201127,3855.4400,3870.0300,3852.7600,3870.0300,863068.677
WIGDIV,20201127,1013.7600,1023.6600,1013.7600,1021.4100,107690.588
WIGTECH,20201127,14412.0800,14412.0800,14294.9800,14388.5400,0.000
