06MAGNA,20201015,2.7000,2.9600,2.4400,2.9600,241972
11BIT,20201015,466.0000,470.0000,455.5000,458.0000,3861
4FUNMEDIA,20201015,5.6000,5.6400,5.0000,5.0000,7267
ABPL,20201015,25.0000,26.8000,24.9000,26.7000,6617
ACAUTOGAZ,20201015,40.1000,41.0000,39.6000,40.0000,735
ACTION,20201015,4.1300,4.1300,3.9200,4.0000,6514
ADIUVO,20201015,5.7000,6.2600,5.3000,6.2400,16164
AGORA,20201015,5.5400,5.6000,5.4000,5.4200,8580
AGROTON,20201015,3.6300,3.6400,3.3000,3.5800,6840
AIGAMES,20201015,21.0000,21.0000,19.6000,19.9000,17114
AILLERON,20201015,6.8600,6.8600,6.6000,6.7800,13311
AIRWAY,20201015,1.7400,2.1000,1.6300,2.1000,2204813
ALIOR,20201015,13.7450,13.8000,12.7500,12.8400,509046
ALLEGRO,20201015,76.0000,80.0000,71.5200,79.2200,6235974
ALTUSTFI,20201015,0.8500,0.8500,0.7960,0.8100,322459
ALUMETAL,20201015,36.0000,36.0000,35.7000,35.7000,2750
AMBRA,20201015,18.1500,18.1500,17.5000,17.7000,4903
AMICA,20201015,127.6000,129.4000,124.0000,129.0000,5040
AMREST,20201015,17.5000,17.5200,16.5200,16.6400,177092
APATOR,20201015,19.3000,19.4000,18.8000,19.4000,2890
APLISENS,20201015,10.9000,10.9000,10.7000,10.8000,104
APSENERGY,20201015,1.7600,1.7600,1.7000,1.7000,2602
ARCHICOM,20201015,18.7500,18.9000,18.5000,18.7500,2913
ARCTIC,20201015,3.9000,3.9000,3.8000,3.8500,18534
ARTERIA,20201015,4.3000,4.3000,4.1400,4.3000,121
ARTIFEX,20201015,9.4800,9.4800,8.7000,8.7000,17586
ASBIS,20201015,5.0800,5.2800,4.9200,5.1600,209534
ASSECOBS,20201015,34.0000,36.0000,33.8000,36.0000,6744
ASSECOPOL,20201015,67.6000,67.6000,65.8000,66.0000,67954
ASSECOSEE,20201015,45.5000,45.9000,42.0000,44.3000,6951
ASTARTA,20201015,18.5000,18.5000,16.8000,17.2500,36949
ATAL,20201015,31.8000,32.0000,31.0000,31.8000,4280
ATENDE,20201015,2.9800,3.0800,2.9200,3.0400,13821
ATLANTAPL,20201015,6.5600,6.5600,6.3000,6.3000,1115
ATLANTIS,20201015,0.6720,0.6880,0.6700,0.6700,10668
ATLASEST,20201015,1.1950,1.1950,1.1950,1.1950,9980
ATMGRUPA,20201015,3.9500,4.0000,3.9500,3.9500,23249
ATREM,20201015,2.4000,2.4000,2.2200,2.2500,21588
AUTOCALLSX7E,20201015,552.0000,553.5000,552.0000,553.5000,700
AUTOPARTN,20201015,7.0000,7.1000,6.9800,7.0000,31829
BAHOLDING,20201015,0.5090,0.5180,0.4800,0.5000,176183
BBIDEV,20201015,3.3500,3.3500,3.3500,3.3500,7
BEDZIN,20201015,8.8000,8.8000,8.2000,8.2000,205
BENEFIT,20201015,669.0000,673.0000,619.0000,665.0000,864
BETACOM,20201015,11.2000,11.2000,10.8000,10.8000,1555
BETAM40TR,20201015,50.2500,50.2800,48.9900,49.0650,8046
BETAW20LV,20201015,28.7600,28.7800,27.4400,28.0000,17360
BETAW20ST,20201015,446.1000,456.0000,446.1000,454.9000,3165
BETAW20TR,20201015,28.2450,28.2950,27.7650,27.7700,13769
BIK,20201015,14.6500,14.6500,14.6500,14.6500,5
BIOMEDLUB,20201015,17.2000,21.0000,16.0500,20.8000,5728697
BIOTON,20201015,4.3400,4.3850,4.1800,4.2200,115673
BNPPENDL0722,20201015,1005.0000,1005.0000,1005.0000,1005.0000,20
BNPPENDL1023,20201015,1059.0000,1059.0000,1059.0000,1059.0000,100
BNPPGOLD0223,20201015,997.5000,997.5000,997.5000,997.5000,31
BNPPPL,20201015,38.9000,39.5000,36.2000,37.0000,5663
BNPPSOLED1221,20201015,1040.5000,1040.5000,1039.5000,1039.5000,99
BNPPSX7E0321,20201015,579.5000,579.5000,579.5000,579.5000,135
BOGDANKA,20201015,17.6800,18.0000,16.8400,17.0000,40154
BOOMBIT,20201015,20.2000,20.2000,18.2000,19.0000,55950
BORYSZEW,20201015,3.1000,3.1250,3.0300,3.0800,64608
BOS,20201015,5.4200,5.4200,5.1400,5.3600,4325
BOWIM,20201015,1.9900,2.0000,1.9500,2.0000,6261
BRASTER,20201015,0.6670,0.6670,0.6010,0.6080,255333
BUDIMEX,20201015,246.0000,249.5000,239.5000,242.5000,7478
BUMECH,20201015,1.9000,1.9000,1.8100,1.8400,9531
CCC,20201015,47.2000,47.4200,43.7500,44.5100,559785
CDPROJEKT,20201015,386.4000,387.5000,373.3000,375.0000,311455
CDRL,20201015,12.6000,12.6000,12.0000,12.0000,1718
CELTIC,20201015,6.4500,6.4500,6.4500,6.4500,500
CEZ,20201015,72.8000,73.3000,72.5000,73.3000,298
CFI,20201015,0.1970,0.2050,0.1970,0.2030,16050
CIECH,20201015,25.7000,25.9500,24.6500,24.8000,77946
CIGAMES,20201015,1.2700,1.2700,1.1720,1.2080,1524074
CITYSERV,20201015,8.1000,8.1000,8.0500,8.0600,210
CLNPHARMA,20201015,38.2500,38.3500,36.1500,36.9000,56958
CNT,20201015,13.4000,13.7000,13.4000,13.7000,229
COALENERG,20201015,0.5900,0.5950,0.5600,0.5850,14972
COGNOR,20201015,1.2600,1.2600,1.1600,1.1800,88182
COMARCH,20201015,202.0000,203.0000,196.5000,196.5000,1168
COMP,20201015,59.4000,59.6000,58.8000,59.0000,1207
COMPERIA,20201015,2.1000,2.2800,2.1000,2.1800,13687
CORMAY,20201015,1.7300,1.7300,1.6000,1.6750,990535
CPGROUP,20201015,6.3000,6.3000,6.0800,6.1000,1030
CYFRPLSAT,20201015,26.2600,26.4200,25.1600,25.5000,734765
DATAWALK,20201015,190.0000,193.0000,181.0000,185.0000,6329
DEBICA,20201015,76.0000,76.0000,73.0000,73.2000,1812
DECORA,20201015,28.8000,28.8000,27.4000,28.2000,740
DEKPOL,20201015,26.4000,26.4000,24.8000,25.4000,1282
DELKO,20201015,15.5000,15.5000,14.6000,15.0000,35498
DEVELIA,20201015,1.7020,1.7860,1.6720,1.6800,177002
DGA,20201015,5.4400,5.4400,4.9400,5.0000,3778
DIGITREE,20201015,6.0000,6.4000,6.0000,6.1000,3185
DINOPL,20201015,220.0000,230.8000,218.2000,224.8000,386077
DOMDEV,20201015,100.0000,100.0000,98.0000,98.2000,8845
DROZAPOL,20201015,1.6600,1.7500,1.6600,1.6600,498
ECHO,20201015,3.9500,4.1000,3.8400,3.8800,54035
EDINVEST,20201015,3.3800,3.3800,3.3800,3.3800,271
EFEKT,20201015,4.8000,4.8000,4.7800,4.7800,750
EKOEXPORT,20201015,3.6250,3.6250,3.3200,3.5000,86629
ELBUDOWA,20201015,0.7200,0.7200,0.6120,0.6970,98791
ELEKTROTI,20201015,4.8700,4.8700,4.6900,4.7000,3245
ELEMENTAL,20201015,2.4050,2.4100,2.4050,2.4100,32595
ELKOP,20201015,0.2500,0.2550,0.2480,0.2530,113429
ELZAB,20201015,3.4000,3.5800,3.3200,3.4800,5425
EMCINSMED,20201015,12.5000,12.5000,11.4000,12.0000,505
ENAP,20201015,1.4500,1.4500,1.3400,1.3900,7036
ENEA,20201015,5.3300,5.3300,5.1500,5.1500,477029
ENELMED,20201015,15.0000,15.5000,14.8000,15.4000,1348
ENERGA,20201015,8.3000,8.3100,8.3000,8.3050,371120
ENERGOINS,20201015,0.7400,0.7400,0.7400,0.7400,1140
ENTER,20201015,21.5000,21.5000,19.9000,20.7000,10592
ERBUD,20201015,19.4500,19.4500,18.6000,19.1000,5609
ERG,20201015,48.0000,49.6000,43.4000,45.0000,2578
ESOTIQ,20201015,9.6000,9.6200,9.5000,9.5000,2596
ETFDAX,20201015,547.3000,547.3000,538.8000,540.1000,572
ETFSP500,20201015,137.4400,137.9200,133.0000,137.9000,6226
ETFW20L,20201015,206.4000,206.4000,201.6000,202.0000,1331
EUCO,20201015,4.3500,4.3600,4.0500,4.2000,6611
EUROCASH,20201015,13.5800,13.8300,13.3600,13.6200,162006
EUROHOLD,20201015,4.2000,4.2000,4.2000,4.2000,10
EUROTEL,20201015,22.5000,22.5000,21.4000,21.9000,4809
EVEREST,20201015,20.6000,20.6000,18.6000,20.0000,1818
FAMUR,20201015,1.6680,1.6680,1.5660,1.5820,370861
FASING,20201015,10.2000,10.6000,10.1000,10.5000,5232
FEERUM,20201015,11.8500,11.8500,11.3000,11.8500,20
FERRO,20201015,17.9500,17.9500,17.2500,17.3000,3557
FERRUM,20201015,3.6400,3.6400,3.5000,3.6200,3602
FON,20201015,0.1170,0.1210,0.1170,0.1210,50145
FORTE,20201015,31.5000,35.0000,30.6500,34.2000,80357
GAMEOPS,20201015,27.9000,27.9000,25.1100,26.0000,10102
GAMFACTOR,20201015,15.0000,17.4000,15.0000,15.8500,17588
GAMFACTOR-PDA,20201015,14.4000,15.5000,14.2020,15.0000,10654
GETIN,20201015,0.7300,0.7345,0.6700,0.7100,682972
GETINOBLE,20201015,0.1800,0.1800,0.1702,0.1724,1003176
GLCOSMED,20201015,7.0000,7.0000,5.9000,6.8500,213808
GPW,20201015,49.0000,49.0000,46.4000,46.8000,69693
GROCLIN,20201015,0.9820,1.0000,0.9200,0.9700,20844
GRODNO,20201015,12.3000,12.4000,11.1000,11.2000,310059
GRUPAAZOTY,20201015,24.2000,24.6000,23.0000,23.1000,102407
GTC,20201015,6.2600,6.4800,6.1000,6.1200,55017
HANDLOWY,20201015,34.3000,34.5500,33.8000,33.8500,20993
HARPER,20201015,21.1000,25.0000,20.1000,25.0000,83938
HELIO,20201015,11.0000,11.0000,10.3000,10.3000,34
HUBSTYLE,20201015,1.0700,1.0700,0.9300,1.0000,16227
HYDROTOR,20201015,27.6000,28.0000,26.4000,27.2000,1924
I2DEV,20201015,8.8500,8.8500,8.5000,8.5000,1707
IALBGR,20201015,0.2840,0.2840,0.2540,0.2800,3725
IDEABANK,20201015,1.3240,1.3720,1.2820,1.2980,114254
IDMSA,20201015,0.9050,0.9100,0.9050,0.9100,2763
IFCAPITAL,20201015,0.6900,0.6900,0.6550,0.6550,2634
IFIRMA,20201015,4.3300,4.3300,4.2200,4.2300,6219
IMCOMPANY,20201015,11.3000,11.9000,11.3000,11.7500,4344
IMMOBILE,20201015,2.7400,2.7400,2.5700,2.5900,1369
IMPEL,20201015,12.0000,12.2500,11.8000,12.0000,2300
IMPERA,20201015,1.1900,1.2000,1.1500,1.1600,32067
IMS,20201015,2.2600,2.2600,2.0700,2.1500,42372
INC,20201015,8.5200,8.5600,7.0000,7.3000,333585
INGBSK,20201015,127.0000,129.8000,119.8000,121.0000,12862
INPRO,20201015,4.8000,4.8000,4.8000,4.8000,2
INSTALKRK,20201015,19.8000,19.8000,19.0500,19.1000,5423
INTERAOLT,20201015,15.6000,15.6000,15.0000,15.0000,7525
INTERCARS,20201015,230.0000,234.0000,229.0000,230.0000,941
INTERSPPL,20201015,1.1100,1.1100,1.0900,1.0900,4278
INTLBCO31633,20201015,37.2000,37.2000,37.2000,37.2000,100
INTLBCO31641,20201015,40.7000,40.7000,40.7000,40.7000,25
INTLBCO31666,20201015,47.6000,47.6000,47.6000,47.6000,45
INTLBCO31682,20201015,53.7000,53.7000,53.7000,53.7000,200
INTLBCO31690,20201015,55.5000,55.5000,55.5000,55.5000,1
INTLBCO32896,20201015,25.4000,25.4000,20.3000,22.0000,2614
INTLBCO34975,20201015,11.8800,12.0400,11.7600,12.0400,296
INTLBCO34983,20201015,17.7400,17.7400,17.7400,17.7400,420
INTLCCC30510,20201015,2.6800,2.6800,2.6800,2.6800,290
INTLCCC31005,20201015,1.7800,1.8300,1.7600,1.8000,26000
INTLCCC31476,20201015,1.3400,1.3400,1.0800,1.2300,44241
INTLCDR23200,20201015,21.0500,21.0500,21.0000,21.0000,150
INTLCDR28969,20201015,19.0000,19.0000,19.0000,19.0000,50
INTLCDR30478,20201015,13.1200,13.1200,13.1200,13.1200,145
INTLCDR30486,20201015,14.1200,14.1200,14.1200,14.1200,150
INTLCDR30718,20201015,10.4800,10.5000,10.4800,10.5000,4000
INTLCDR30726,20201015,12.0000,12.0000,11.4800,11.4800,5200
INTLCDR30973,20201015,9.2800,9.2800,8.9300,9.0200,759
INTLCDR31377,20201015,8.1400,8.1400,7.4100,7.5800,3017
INTLCDR33290,20201015,6.7900,6.7900,5.8400,5.8400,22549
INTLDAX28845,20201015,198.4000,198.4000,198.4000,198.4000,5
INTLDAX29983,20201015,190.8000,190.8000,190.8000,190.8000,559
INTLDAX30783,20201015,119.8000,119.8000,114.6000,114.6000,43
INTLDAX31542,20201015,97.8000,97.8000,97.8000,97.8000,100
INTLDAX31559,20201015,110.8000,110.8000,106.4000,106.4000,31
INTLDAX31872,20201015,80.0000,80.0000,80.0000,80.0000,249
INTLDAX31880,20201015,93.0000,93.0000,88.7000,88.7000,22
INTLDAX32821,20201015,39.4000,39.6000,38.9000,39.6000,119
INTLDAX32839,20201015,56.5000,56.5000,55.5000,55.5000,60
INTLDAX32847,20201015,61.8000,61.8000,59.7000,59.8000,169
INTLDAX32946,20201015,32.0000,32.0000,26.0000,28.0000,2303
INTLDAX34769,20201015,23.3000,23.5000,14.9800,17.1000,13640
INTLDAX34918,20201015,19.6200,19.6200,12.5800,12.6600,1969
INTLDNP32789,20201015,5.7000,5.7000,5.7000,5.7000,60
INTLDNP34710,20201015,5.4100,5.4100,5.4100,5.4100,300
INTLEUR27599,20201015,27.6500,27.6500,27.1000,27.1000,120
INTLEUR34603,20201015,19.8200,19.8200,19.0000,19.0800,618
INTLGBU34850,20201015,16.7000,16.7000,16.7000,16.7000,59
INTLGLD21873,20201015,303.5000,303.5000,303.5000,303.5000,15
INTLGLD23903,20201015,204.0000,204.0000,204.0000,204.0000,25
INTLGLD30130,20201015,159.2000,163.2000,159.2000,163.2000,21
INTLGLD33100,20201015,78.2000,79.0000,78.2000,79.0000,30
INTLGLD33456,20201015,38.0000,39.8500,35.0000,36.6500,7311
INTLGLD33464,20201015,50.0000,51.3000,49.4000,49.4000,352
INTLGLD33472,20201015,64.5000,64.6000,64.5000,64.6000,21
INTLJSW28993,20201015,13.9600,13.9600,13.9600,13.9600,80
INTLJSW30569,20201015,15.1600,15.1600,13.5600,13.5600,1667
INTLJSW32136,20201015,10.6800,11.0200,9.9100,9.9700,17126
INTLJSW32144,20201015,11.3000,11.3000,10.8600,10.8600,411
INTLJSW34728,20201015,3.8600,3.8600,3.0900,3.0900,6160
INTLJSW34736,20201015,4.5700,4.5700,4.5700,4.5700,100
INTLJSW34744,20201015,6.9900,6.9900,6.2100,6.2100,1400
INTLKGH33001,20201015,42.1000,42.1000,42.1000,42.1000,1214
INTLKGH33936,20201015,26.5000,26.5000,25.5500,25.5500,54
INTLKGH33944,20201015,29.5500,29.5500,29.5500,29.5500,40
INTLKGH33951,20201015,34.3500,34.3500,33.8000,33.8000,335
INTLLTS34017,20201015,5.2700,5.2700,4.1800,4.2100,1842
INTLLTS34694,20201015,8.3100,8.3100,7.1300,7.1300,800
INTLLTS34702,20201015,10.8200,10.8200,9.6000,9.6000,1660
INTLNAG33076,20201015,2.1500,2.6600,2.1500,2.5700,2782
INTLNAG33779,20201015,3.7000,3.7000,3.7000,3.7000,794
INTLNAG34462,20201015,7.1300,7.1300,7.1300,7.1300,139
INTLNDX31047,20201015,155.4000,155.4000,153.2000,153.2000,30
INTLNDX31054,20201015,168.8000,168.8000,168.8000,168.8000,6
INTLNDX33167,20201015,79.9000,79.9000,77.2000,77.2000,75
INTLNDX33621,20201015,64.5000,65.1000,64.5000,65.1000,18
INTLNDX34777,20201015,54.9000,54.9000,53.6000,53.7000,73
INTLNDX34892,20201015,43.1000,44.8000,42.0000,44.8000,141
INTLPAL25031,20201015,346.5000,346.5000,346.5000,346.5000,3
INTLPEO29421,20201015,11.5600,11.5600,10.5400,10.5400,2400
INTLPEO29801,20201015,7.6000,7.6000,7.6000,7.6000,205
INTLPEO29819,20201015,9.9600,9.9600,8.7500,8.7500,2674
INTLPEO30411,20201015,5.3700,5.3700,5.3700,5.3700,25
INTLPGE29363,20201015,3.1200,3.1200,2.9800,2.9800,765
INTLPGE32292,20201015,0.9400,0.9400,0.9000,0.9000,1300
INTLPGE34660,20201015,0.6700,0.6700,0.5800,0.5800,1890
INTLPGN30460,20201015,1.9500,1.9500,1.8800,1.8800,820
INTLPKN04101,20201015,11.5000,11.5000,11.1600,11.1600,701
INTLPKN04119,20201015,13.8200,13.8200,12.5600,12.5800,9820
INTLPKN05496,20201015,9.3200,9.3300,8.0800,8.1500,16300
INTLPKN05835,20201015,6.6300,6.6300,6.0200,6.0200,520
INTLPKN06353,20201015,4.5500,4.5500,3.4000,3.4700,3123
INTLPKO29413,20201015,7.7700,7.7700,7.7700,7.7700,135
INTLPKO30387,20201015,3.5500,3.5500,3.2700,3.4500,1247
INTLPKO30395,20201015,4.3600,4.4400,4.1000,4.1000,1565
INTLPKO30403,20201015,4.9900,5.1700,4.9900,5.1700,790
INTLPKO30692,20201015,2.8100,2.8100,2.3900,2.3900,990
INTLPLA31138,20201015,6.4200,6.4200,6.4200,6.4200,100
INTLPLA31765,20201015,5.2900,5.5200,4.9800,5.5200,3600
INTLPLA33084,20201015,3.5500,3.5500,3.0000,3.4400,2072
INTLPLA34579,20201015,2.6000,2.6000,1.9600,1.9600,2776
INTLPZU14712,20201015,3.5000,3.5000,2.9800,2.9800,28800
INTLPZU15610,20201015,5.2100,5.2100,4.3100,4.3100,8145
INTLPZU15800,20201015,5.9200,5.9200,5.5100,5.5100,25752
INTLPZU15941,20201015,2.3900,2.3900,1.6800,1.7000,5443
INTLPZU29371,20201015,2.0200,2.1800,1.7600,1.8000,14346
INTLSLV29702,20201015,45.0000,45.0000,45.0000,45.0000,77
INTLSLV30890,20201015,39.7000,39.7000,39.2000,39.2000,80
INTLSLV31617,20201015,35.6500,35.6500,35.6500,35.6500,30
INTLSLV33043,20201015,26.4000,26.4000,26.4000,26.4000,200
INTLSLV33340,20201015,13.5600,13.5600,12.1600,12.5000,796
INTLSLV33357,20201015,15.8200,15.8200,15.8200,15.8200,100
INTLSLV33365,20201015,18.8200,19.5000,18.6200,19.5000,313
INTLSLV34959,20201015,6.7500,6.7500,6.0000,6.0000,450
INTLSLV34967,20201015,10.5000,10.5000,9.0000,9.0000,700
INTLSPX23622,20201015,54.3000,54.3000,54.3000,54.3000,80
INTLSPX28928,20201015,58.4000,58.4000,58.4000,58.4000,60
INTLSPX30023,20201015,46.4000,46.4000,46.4000,46.4000,22
INTLSPX32284,20201015,32.4000,32.4000,32.4000,32.4000,80
INTLSPX32862,20201015,27.5000,27.5000,26.9000,26.9000,350
INTLSPX33894,20201015,22.1500,22.1500,21.2000,21.2000,645
INTLSPX34900,20201015,13.0400,13.0400,12.3400,12.8400,241
INTLUSD20602,20201015,34.0000,37.3000,33.4000,36.4000,2287
INTLUSD20610,20201015,42.0000,42.0000,42.0000,42.0000,37
INTLUSD20826,20201015,46.0500,47.2500,46.0500,47.2000,60
INTLUSD20842,20201015,50.2000,53.4000,50.2000,53.0000,763
INTLUSD21170,20201015,29.3000,32.0500,29.3000,32.0500,960
INTLUSD34256,20201015,23.1500,24.0000,23.0000,24.0000,26
INTLUSD34637,20201015,17.6800,21.3500,17.6200,21.3500,1691
INTLW2028597,20201015,6.3200,6.3200,6.2800,6.2800,1112
INTLW2028605,20201015,6.7000,6.7000,6.7000,6.7000,50
INTLW2028613,20201015,7.2900,7.2900,7.2900,7.2900,140
INTLW2028621,20201015,8.0900,8.0900,8.0900,8.0900,150
INTLW2028647,20201015,9.1100,9.1100,9.1100,9.1100,218
INTLW2028670,20201015,3.3400,3.3400,3.1800,3.1800,750
INTLW2028779,20201015,4.8600,4.8600,4.7800,4.7800,716
INTLW2028811,20201015,5.3100,5.3100,5.2800,5.2800,775
INTLW2030585,20201015,2.1500,2.1500,1.9600,1.9600,3300
INTLW2030593,20201015,2.2800,2.2800,2.0300,2.0300,5362
INTLW2030767,20201015,1.5400,1.5400,1.4200,1.4200,1550
INTLW2031492,20201015,1.2400,1.2400,0.9600,1.0200,9209
INTLW2031864,20201015,1.0400,1.0400,0.7500,0.7500,4118
INTLW2032185,20201015,0.8500,0.8700,0.5400,0.5400,69903
INTROL,20201015,4.0400,4.0400,3.7200,3.8600,15419
INTSBCO27185,20201015,141.2000,145.6000,141.2000,145.6000,20
INTSBCO28027,20201015,41.1000,41.1000,40.9000,40.9000,20
INTSBCO28068,20201015,66.9000,66.9000,66.9000,66.9000,150
INTSBCO28308,20201015,29.4000,34.2000,29.4000,33.3500,247
INTSBCO34447,20201015,15.7000,21.6500,15.6800,19.7200,27128
INTSBCO34454,20201015,21.9000,26.3500,21.8500,26.3500,270
INTSCCC34207,20201015,4.1000,4.3000,4.1000,4.3000,1247
INTSCDR34124,20201015,18.5400,18.5400,18.5400,18.5400,80
INTSCDR34199,20201015,22.2500,22.2500,22.2500,22.2500,250
INTSCDR34249,20201015,14.3000,14.3400,14.2800,14.3400,320
INTSCDR34801,20201015,10.8600,10.8800,10.8600,10.8800,500
INTSDAX25783,20201015,48.8000,58.1000,48.8000,55.8000,2924
INTSDAX25825,20201015,61.8000,69.2000,61.0000,67.6000,1119
INTSDAX26591,20201015,74.2000,82.5000,74.2000,81.0000,563
INTSDAX26609,20201015,90.0000,96.0000,90.0000,93.9000,562
INTSDAX34330,20201015,35.3500,45.5000,35.3500,43.0000,16084
INTSDNP34074,20201015,6.0200,6.0200,5.6000,5.7200,21840
INTSDNP34082,20201015,8.4300,8.4300,7.4700,8.0100,4100
INTSDOW24067,20201015,70.8000,80.0000,70.8000,74.2000,398
INTSDOW27128,20201015,130.4000,140.0000,130.2000,140.0000,90
INTSESX28878,20201015,16.2200,17.6000,16.2200,17.2800,312
INTSEUD21246,20201015,22.2500,22.4000,21.9000,22.4000,647
INTSEUR28340,20201015,18.9400,18.9400,16.4800,17.1000,1761
INTSEUR29165,20201015,26.5500,26.5500,26.1500,26.4000,191
INTSEUR34611,20201015,46.1500,46.1500,46.1500,46.1500,50
INTSGBU31831,20201015,33.0000,33.0000,33.0000,33.0000,500
INTSGLD34504,20201015,68.2000,70.5000,67.6000,70.5000,58
INTSHSC30650,20201015,18.8600,18.8600,18.8600,18.8600,70
INTSLTS34041,20201015,25.0000,25.0000,25.0000,25.0000,90
INTSNAG27797,20201015,4.2700,4.2700,3.9300,3.9800,496
INTSNDX33225,20201015,41.4500,46.0000,41.0000,43.9000,20358
INTSNDX33233,20201015,56.2000,60.0000,56.2000,57.0000,93
INTSNDX33241,20201015,71.8000,72.7000,71.8000,72.7000,350
INTSNDX33258,20201015,91.9000,92.0000,89.3000,91.5000,99
INTSNDX33647,20201015,138.8000,141.0000,138.8000,141.0000,50
INTSNKX27086,20201015,81.0000,85.2000,81.0000,85.2000,27
INTSNKX27094,20201015,147.6000,151.6000,147.6000,151.6000,98
INTSPGE34157,20201015,3.1400,3.1400,3.1400,3.1400,793
INTSPGN34033,20201015,1.7000,1.7000,1.7000,1.7000,352
INTSPKN34173,20201015,26.2500,27.8000,26.2500,27.8000,1662
INTSPKO32300,20201015,9.9400,10.0200,9.6800,10.0200,428
INTSPLA34488,20201015,7.1800,7.4200,7.1800,7.4200,788
INTSPLA34587,20201015,5.7600,5.7600,5.7600,5.7600,1003
INTSPZU34165,20201015,15.0000,15.2000,15.0000,15.2000,400
INTSSLV33696,20201015,28.6500,29.0000,28.6500,29.0000,634
INTSSLV34520,20201015,24.6000,24.6000,24.6000,24.6000,670
INTSSLV34538,20201015,20.1000,21.6000,20.1000,21.6000,70
INTSSLV34553,20201015,15.4000,17.3400,15.4000,16.2400,708
INTSSPX34140,20201015,19.6000,20.8500,19.5600,20.6000,3485
INTSSPX34215,20201015,32.4500,32.4500,32.4500,32.4500,10
INTSSPX34413,20201015,13.6000,14.5400,13.6000,14.4000,3003
INTSUSD32235,20201015,28.2000,28.8000,27.6500,27.6500,1000
INTSUSD33589,20201015,17.4000,17.4000,15.7800,16.0400,908
INTSW2026005,20201015,6.4400,6.4400,6.4400,6.4400,190
INTSW2027060,20201015,5.5900,5.6100,5.5900,5.6100,2674
INTSW2027391,20201015,4.7000,4.7000,4.7000,4.7000,200
INTSW2027409,20201015,5.0700,5.0700,5.0700,5.0700,600
INTSW2028464,20201015,3.0300,3.3300,3.0300,3.3300,7028
INTSW2028472,20201015,3.7900,3.7900,3.7900,3.7900,30000
INTSW2028480,20201015,4.2500,4.2500,4.2500,4.2500,200
INTSW2034264,20201015,1.8600,2.1600,1.8600,2.1600,100634
INTSW2034272,20201015,2.1200,2.3400,2.1200,2.3000,8349
INTSW2034280,20201015,2.6600,2.6600,2.5300,2.6100,1637
INTSW2034298,20201015,2.7700,2.8900,2.7700,2.8900,14150
INTSW2034306,20201015,2.8100,2.8100,2.8100,2.8100,1990
INVFIZ,20201015,951.0900,951.0900,951.0900,951.0900,15
IPOPEMA,20201015,3.4800,3.4800,3.2200,3.4000,14127
ITMTRADE,20201015,0.1310,0.1310,0.1310,0.1310,671
IZOBLOK,20201015,30.2000,30.2000,30.2000,30.2000,5
IZOLACJA,20201015,1.4700,1.4700,1.4700,1.4700,14
IZOSTAL,20201015,2.1300,2.1300,2.0800,2.0800,79683
JSW,20201015,23.8000,23.9000,21.5600,21.8400,1332647
JWCONSTR,20201015,2.8500,2.8500,2.8500,2.8500,2530
JWWINVEST,20201015,2.9400,2.9400,2.8000,2.8000,186
K2INTERNT,20201015,16.5000,16.5000,15.8000,16.4000,1329
KCI,20201015,0.7000,0.7000,0.6700,0.6700,46461
KERNEL,20201015,39.0000,39.0000,38.3000,38.7000,44748
KETY,20201015,457.0000,459.0000,447.0000,449.0000,3776
KGHM,20201015,123.0000,125.1500,122.3500,124.5000,1192143
KGL,20201015,15.5000,15.5000,14.8500,14.9500,3416
KINOPOL,20201015,6.6500,6.6500,6.4500,6.5000,20743
KOGENERA,20201015,32.1000,32.1000,30.7000,31.9000,3039
KOMPAP,20201015,7.8000,7.9000,7.8000,7.9000,1250
KOMPUTRON,20201015,1.7250,1.8250,1.6000,1.6500,9291
KPPD,20201015,26.0000,26.0000,26.0000,26.0000,1
KREC,20201015,7.3400,7.3400,6.8400,6.8400,501
KREDYTIN,20201015,10.5000,11.5000,10.5000,11.5000,102
KRKA,20201015,367.0000,367.0000,365.0000,366.0000,71
KRUK,20201015,132.5000,132.5000,123.1000,125.1000,25628
KRUSZWICA,20201015,52.0000,52.4000,51.0000,51.8000,1778
KRVITAMIN,20201015,37.6000,37.6000,32.1000,34.0000,37570
KSGAGRO,20201015,1.0200,1.0900,1.0200,1.0900,10945
LABOPRINT,20201015,10.0500,10.0500,10.0500,10.0500,108
LARQ,20201015,1.8300,1.9150,1.8300,1.9150,3998
LENA,20201015,3.4000,3.4000,3.3400,3.4000,11568
LENTEX,20201015,8.6000,8.6000,8.1600,8.3800,14242
LIBET,20201015,2.2200,2.2200,2.1000,2.1600,11505
LIVECHAT,20201015,102.8000,106.8000,98.5000,100.8000,92318
LMDSFIZ,20201015,1110.0100,1110.0100,1110.0100,1110.0100,4
LOKUM,20201015,11.5500,12.0000,11.2000,11.9500,498
LOTOS,20201015,33.0000,33.0500,30.8200,30.8700,731467
LPP,20201015,6555.0000,6630.0000,6020.0000,6055.0000,2928
LSISOFT,20201015,13.0000,13.2000,12.7500,12.8000,852
LUBAWA,20201015,1.2800,1.3100,1.2200,1.2900,765426
MABION,20201015,28.2500,30.0000,25.5500,26.1500,162639
MAKARONPL,20201015,5.6500,5.7000,5.5000,5.6000,5289
MANGATA,20201015,43.0000,43.2000,41.4000,41.4000,968
MARVIPOL,20201015,4.8600,4.8600,4.6600,4.7200,66536
MASTERPHA,20201015,4.1100,4.2700,4.1100,4.2700,4055
MAXCOM,20201015,11.9000,11.9000,11.0000,11.0000,6891
MBANK,20201015,155.0000,155.1000,149.2000,151.5000,74298
MBWS,20201015,5.9800,5.9800,5.7400,5.8600,785
MCI,20201015,14.4500,14.8500,14.3000,14.7000,5590
MDIENERGIA,20201015,3.6500,3.7000,3.5100,3.6900,35381
MEDIACAP,20201015,1.9600,1.9600,1.9000,1.9000,7301
MEDICALG,20201015,20.9000,21.5500,19.9800,20.9500,11644
MENNICA,20201015,20.0000,20.0000,19.0000,19.0000,2205
MERCATOR,20201015,630.0000,664.0000,582.0000,652.0000,232465
MERCOR,20201015,10.2000,10.2000,9.4400,9.6600,5050
MEXPOLSKA,20201015,1.1000,1.1400,1.0400,1.1100,7734
MFO,20201015,20.0000,20.2000,20.0000,20.2000,1949
MILKILAND,20201015,0.6200,0.6700,0.6120,0.6600,26080
MILLENNIUM,20201015,2.5840,2.5900,2.4580,2.4980,1458472
MIRACULUM,20201015,1.2050,1.2050,1.0850,1.1300,79149
MIRBUD,20201015,2.1700,2.1700,1.9550,1.9950,864276
MLPGROUP,20201015,72.5000,72.5000,70.0000,72.0000,7
MLSYSTEM,20201015,71.0000,71.0000,68.0000,68.8000,28059
MOBRUK,20201015,298.0000,298.0000,290.0000,290.0000,72
MOJ,20201015,1.3300,1.3600,1.3300,1.3600,7963
MOL,20201015,20.5000,20.7000,19.9900,20.7000,6928
MONNARI,20201015,1.6950,1.6950,1.6300,1.6700,11756
MOSTALPLC,20201015,8.1800,8.3000,8.0200,8.0200,1557
MOSTALWAR,20201015,4.2200,4.3200,4.1700,4.3200,1778
MOSTALZAB,20201015,0.9180,0.9200,0.8320,0.8880,230583
MWTRADE,20201015,1.8100,1.8400,1.7100,1.7100,9615
NANOGROUP,20201015,3.1800,3.1800,2.8400,3.0000,2497
NETIA,20201015,4.4200,4.5800,4.4200,4.5000,14878
NEUCA,20201015,522.0000,532.0000,518.0000,526.0000,18715
NEWAG,20201015,25.3000,25.3000,24.2000,24.8000,5367
NOVATURAS,20201015,8.0000,8.5000,8.0000,8.5000,794
NOVAVISGR,20201015,1.8600,1.8600,1.7100,1.7600,23708
NOVITA,20201015,126.0000,132.0000,124.0000,132.0000,658
NOWAGALA,20201015,0.9700,0.9700,0.9700,0.9700,1271
NTTSYSTEM,20201015,2.7000,2.7000,2.6000,2.6000,4752
OAT,20201015,18.5500,18.5500,16.7000,16.7500,39381
ODLEWNIE,20201015,4.6200,4.6200,4.4400,4.4400,4985
OEX,20201015,15.0000,15.4000,15.0000,15.0000,1481
OPENFIN,20201015,0.6480,0.6480,0.6260,0.6460,7349
OPONEO.PL,20201015,32.0000,32.0000,29.0000,29.5000,17719
OPTEAM,20201015,27.0000,27.4000,25.2000,26.4000,7511
ORANGEPL,20201015,6.8900,6.9500,6.6350,6.6700,3400136
ORZBIALY,20201015,10.6500,11.2500,10.0000,10.3000,4426
OTLOG,20201015,4.8600,5.0000,4.8200,4.9400,5003
OTMUCHOW,20201015,1.3700,1.3700,1.2600,1.2600,4701
PAMAPOL,20201015,1.3300,1.3700,1.2900,1.3700,39069
PANOVA,20201015,10.5000,10.6000,10.5000,10.6000,330
PATENTUS,20201015,0.9360,0.9360,0.9220,0.9300,9700
PBKM,20201015,77.0000,77.0000,76.2000,76.2000,490
PCCEXOL,20201015,4.3500,4.3800,3.9200,4.0700,788525
PCCROKITA,20201015,45.5000,45.5000,42.7000,43.4000,4343
PEKABEX,20201015,14.0000,14.0000,12.8000,13.5000,29252
PEKAO,20201015,50.2600,50.5000,47.7900,47.9900,1060444
PEMANAGER,20201015,10.0000,10.0000,9.7600,9.9800,2532
PEP,20201015,46.0000,46.6000,43.3000,45.8000,8434
PEPEES,20201015,1.3600,1.3700,1.3600,1.3700,126
PGE,20201015,5.5200,5.5520,5.2900,5.3140,1931301
PGNIG,20201015,4.7460,4.7550,4.5640,4.6060,4915181
PGO,20201015,1.0650,1.1200,1.0500,1.1200,11054
PGSSOFT,20201015,10.3000,10.7000,10.3000,10.7000,2555
PHARMENA,20201015,9.7000,9.7000,9.2000,9.2000,3549
PHN,20201015,10.2000,10.4000,10.0500,10.2000,5831
PKNORLEN,20201015,42.8000,42.9500,40.7600,40.8000,1573861
PKOBP,20201015,21.3000,21.4900,20.7100,20.7600,3099853
PKOGS,20201015,91.0000,91.0000,91.0000,91.0000,200
PKPCARGO,20201015,10.2600,10.2800,9.8000,9.9200,143715
PLASTBOX,20201015,1.7550,1.7550,1.7200,1.7200,12843
PLAY,20201015,38.6400,38.7000,38.6200,38.6600,2194518
PLAYWAY,20201015,552.0000,552.0000,523.0000,530.0000,10371
PLAZACNTR,20201015,1.6300,1.6300,1.6000,1.6000,1000
PMPG,20201015,2.0000,2.0000,1.8500,1.8500,8562
POLICE,20201015,11.8000,11.8000,11.7000,11.7000,360
POLIMEXMS,20201015,2.1800,2.1800,2.0300,2.0550,390923
POLNORD,20201015,3.0900,3.0900,2.9400,2.9700,7432
POLWAX,20201015,2.8100,2.8600,2.7300,2.8500,10848
POZBUD,20201015,1.8900,1.8900,1.7450,1.8000,235818
PRAGMAFA,20201015,29.2000,29.6000,27.4000,28.0000,8697
PRAIRIE,20201015,0.6360,0.6360,0.5900,0.5930,244187
PROCHEM,20201015,18.1500,18.5000,18.1500,18.5000,315
PROJPRZEM,20201015,17.2000,17.2000,16.9000,16.9000,587
PROTEKTOR,20201015,4.6000,4.7000,4.5200,4.6000,76948
PROVIDENT,20201015,2.9800,2.9800,2.7100,2.7800,112868
PULAWY,20201015,77.6000,77.6000,74.0000,76.0000,791
PUNKPIRAT,20201015,0.7400,0.7400,0.6500,0.6500,39761
PZU,20201015,24.0100,24.0500,22.9000,22.9300,2540522
PZUAKORD,20201015,119.0800,119.1500,118.5100,118.5100,3557
QUERCUS,20201015,3.6200,3.6200,3.3000,3.4100,54699
R22,20201015,30.4000,30.4000,28.7000,28.9000,19896
RADPOL,20201015,2.2300,2.2300,2.1300,2.2000,35936
RAFAKO,20201015,0.7580,0.7580,0.6150,0.6800,1682340
RAFAMET,20201015,14.0000,14.0000,14.0000,14.0000,3
RAINBOW,20201015,11.2500,11.2500,10.1500,10.8000,42221
RANKPROGR,20201015,1.6500,1.6500,1.6500,1.6500,10150
RAWLPLUG,20201015,7.7400,7.7400,7.4000,7.4000,3341
RCBMWIG401121,20201015,991.5000,991.5000,991.5000,991.5000,110
RCBSX5E0921,20201015,1135.5000,1135.5000,1135.5000,1135.5000,142
RCCOFFAOPEN1,20201015,2.7000,2.7000,2.7000,2.7000,100
RCESX7E0923,20201015,614.5000,614.5000,612.0000,612.0000,481
RCEW200325,20201015,954.0000,954.0000,949.5000,949.5000,50
RCFL10GOLD,20201015,16.0200,16.0200,15.0200,15.0200,1885
RCFL10GOLD1,20201015,7.4700,7.4700,7.4700,7.4700,1400
RCFL2COPP,20201015,14.4200,14.4200,14.4200,14.4200,500
RCFL2GOLD,20201015,102.4000,102.4000,102.4000,102.4000,70
RCFL2OIL,20201015,2.3600,2.3600,2.3600,2.3600,100
RCFL2PKO,20201015,16.1000,16.1000,16.1000,16.1000,500
RCFL2PLAT1,20201015,6.6500,6.6500,6.6500,6.6500,1000
RCFL2SILVE,20201015,32.1000,32.1000,31.8000,31.8000,160
RCFL3ALR1,20201015,4.5000,4.5000,4.2200,4.2400,12030
RCFL3BMW,20201015,13.5600,13.5600,13.5600,13.5600,60
RCFL3BOSS,20201015,0.1300,0.1300,0.1300,0.1300,10000
RCFL3BZW,20201015,1.3400,1.3400,1.1700,1.1700,3200
RCFL3CCC1,20201015,6.1500,6.1500,5.5600,5.9300,2440
RCFL3CDPRO2,20201015,8.0900,8.0900,8.0900,8.0900,620
RCFL3COCO1,20201015,6.9100,6.9100,6.8700,6.8700,1010
RCFL3COFF,20201015,0.4300,0.4300,0.4300,0.4300,5000
RCFL3COFF3,20201015,6.0900,6.0900,6.0900,6.0900,300
RCFL3CORN,20201015,2.0500,2.0500,2.0500,2.0500,4000
RCFL3EAD,20201015,0.4000,0.4000,0.4000,0.4000,10000
RCFL3EUH,20201015,0.7800,0.7800,0.7800,0.7800,400
RCFL3FDX,20201015,116.6000,116.6000,116.6000,116.6000,10
RCFL3GASO2,20201015,6.1500,6.1500,6.1400,6.1400,700
RCFL3GOLD,20201015,70.6000,70.6000,70.6000,70.6000,100
RCFL3GOLD2,20201015,26.2000,26.2000,26.1000,26.1000,900
RCFL3JSW,20201015,0.6800,0.6800,0.5000,0.5000,151018
RCFL3JSW1,20201015,17.6800,19.2800,17.0400,17.0400,4252
RCFL3LTS1,20201015,0.1800,0.1800,0.1500,0.1500,183912
RCFL3MBK,20201015,1.2000,1.2000,1.1500,1.1500,6620
RCFL3MGN,20201015,0.0500,0.0500,0.0500,0.0500,5000
RCFL3MSFIN,20201015,1.0400,1.0400,0.9500,0.9500,45550
RCFL3OIL2,20201015,1.3800,1.3800,1.3500,1.3500,1300
RCFL3PALL3,20201015,1.1900,1.1900,1.1900,1.1900,3100
RCFL3PEO,20201015,0.7300,0.7300,0.6500,0.6500,90180
RCFL3PGE,20201015,0.1100,0.1100,0.1000,0.1000,180000
RCFL3PGN1,20201015,1.3500,1.3500,1.2000,1.2000,7000
RCFL3PKN,20201015,5.9500,6.0200,5.2100,5.2200,6051
RCFL3PKO,20201015,2.2400,2.2400,2.1200,2.1400,3750
RCFL3PLAT2,20201015,7.9200,7.9200,7.9200,7.9200,250
RCFL3PZU,20201015,7.6800,7.7000,6.7200,6.8500,3578
RCFL3SILVE3,20201015,17.2800,17.8000,16.8400,17.8000,380
RCFL3SUGA3,20201015,4.8800,4.8800,4.8800,4.8800,5000
RCFL3W20,20201015,19.0800,19.0800,18.4800,18.4800,61
RCFL4CDPRO,20201015,39.5000,39.5000,37.5000,37.5000,666
RCFL4CDPRO1,20201015,6.6600,6.6600,6.4500,6.4500,500
RCFL4ESX,20201015,131.0000,131.0000,131.0000,131.0000,5
RCFL4GAMES,20201015,77.9000,77.9000,72.2000,72.2000,320
RCFL4GOLD,20201015,25.1000,25.1000,25.1000,25.1000,50
RCFL4KGH,20201015,3.5800,3.9600,3.5800,3.7000,2852
RCFL4PEO1,20201015,3.9700,3.9700,3.5600,3.5600,400
RCFL4PGN1,20201015,19.9800,19.9800,19.4800,19.4800,100
RCFL4PKN1,20201015,1.1200,1.1600,0.9900,0.9900,24115
RCFL4PKO,20201015,0.2100,0.2100,0.1900,0.1900,122000
RCFL4PKO1,20201015,4.8600,4.8600,4.8600,4.8600,200
RCFL4PZU,20201015,0.3400,0.3400,0.2800,0.2800,44572
RCFL4PZU1,20201015,4.3800,4.4200,4.3800,4.4200,830
RCFL4SOY,20201015,10.7400,10.9000,10.7400,10.9000,200
RCFL5COPP,20201015,6.1600,6.1600,6.1400,6.1400,1600
RCFL5CORN,20201015,2.9800,2.9800,2.8600,2.9600,19400
RCFL5FW20,20201015,0.3600,0.3600,0.3600,0.3600,4000
RCFL5GOLD1,20201015,13.8000,13.8000,13.7600,13.7600,72
RCFL5SILVE,20201015,1.3900,1.4100,1.3900,1.4100,2250
RCFL5SOY,20201015,9.4500,9.4500,9.4400,9.4400,5000
RCFL5SUGA1,20201015,1.2300,1.3200,1.2000,1.3200,89760
RCFL5W20,20201015,8.2300,8.2300,7.7700,7.7700,1825
RCFL5WHT,20201015,4.8500,4.8500,4.8500,4.8500,150
RCFL5WHT1,20201015,2.4500,2.5000,2.4500,2.5000,30000
RCFL5WHT2,20201015,9.3000,9.3000,9.3000,9.3000,2000
RCFL6COFF3,20201015,4.4300,4.4300,4.4300,4.4300,423
RCFL6COPP1,20201015,7.0000,7.0200,7.0000,7.0200,1300
RCFL6CORN,20201015,1.6900,1.6900,1.6900,1.6900,1000
RCFL6FW201,20201015,0.3200,0.3200,0.3000,0.3000,20750
RCFL6GOLD1,20201015,13.0800,13.0800,13.0800,13.0800,100
RCFL6SILVE,20201015,1.8800,1.8800,1.7700,1.7700,9015
RCFL6SILVE2,20201015,11.5200,11.5200,11.5200,11.5200,1045
RCFL6SUGA,20201015,1.9300,2.2000,1.9300,2.2000,12077
RCFL6W201,20201015,0.2400,0.2400,0.2200,0.2300,91256
RCFL7SILVE,20201015,0.3900,0.3900,0.3900,0.3900,284
RCFL8COFF1,20201015,0.3400,0.3500,0.3400,0.3500,15000
RCFS10GOLD2,20201015,13.0200,13.0200,13.0200,13.0200,200
RCFS2FW202,20201015,10.8000,10.8000,10.8000,10.8000,150
RCFS2SILVE2,20201015,2.3400,2.3400,2.3400,2.3400,100
RCFS2W20,20201015,69.1000,70.8000,69.1000,70.8000,119
RCFS3CCC1,20201015,10.6400,10.6400,10.6400,10.6400,63
RCFS3FDX,20201015,5.3200,5.4800,5.2800,5.4500,7107
RCFS3GAMES,20201015,1.2100,1.2700,1.2100,1.2700,45800
RCFS3KGH,20201015,0.2300,0.2300,0.2200,0.2300,1151283
RCFS3KGH1,20201015,12.3400,12.3400,12.3400,12.3400,150
RCFS3LTS,20201015,1.6000,1.6000,1.6000,1.6000,200
RCFS3MWIG40,20201015,9.9100,9.9100,9.6800,9.6800,100
RCFS3PALL4,20201015,1.3200,1.3200,1.3200,1.3200,557
RCFS3PGE,20201015,2.1700,2.2100,2.1700,2.2100,430
RCFS3PGN,20201015,6.6700,6.6700,6.6700,6.6700,1250
RCFS3PKN,20201015,0.5000,0.5100,0.5000,0.5100,9105
RCFS3SILVE1,20201015,1.5900,1.5900,1.5900,1.5900,3000
RCFS3TPE,20201015,1.1800,1.2800,1.1400,1.2600,119000
RCFS3W20,20201015,36.8500,39.2000,36.8500,39.2000,1874
RCFS4CDPRO1,20201015,2.1300,2.3800,2.1300,2.3800,3530
RCFS4ESX,20201015,0.5000,0.5000,0.5000,0.5000,1100
RCFS4LPP,20201015,11.8600,11.8600,11.8600,11.8600,57
RCFS4NAG3,20201015,6.1000,6.1000,6.0000,6.0000,4000
RCFS4PGN,20201015,1.9700,1.9700,1.9700,1.9700,200
RCFS4PKN,20201015,37.2500,37.2500,37.2500,37.2500,50
RCFS4PKO,20201015,13.8800,13.8800,13.8800,13.8800,217
RCFS4PZU,20201015,20.5000,22.0500,20.5000,22.0500,2000
RCFS5FW20,20201015,6.0800,6.4600,6.0800,6.4500,3966
RCFS5FW202,20201015,4.6400,4.7400,4.6400,4.7400,10045
RCFS5NAG3,20201015,4.7700,4.7700,4.7700,4.7700,150
RCFS5PALL3,20201015,0.0300,0.0300,0.0300,0.0300,15000
RCFS5SILVE1,20201015,0.2300,0.2300,0.2300,0.2300,15000
RCFS5SUGA,20201015,2.4500,2.4500,2.4200,2.4200,3100
RCFS6COPP1,20201015,2.7000,2.7200,2.7000,2.7200,2000
RCFS6NAG1,20201015,0.0600,0.0600,0.0600,0.0600,5605
RCFS6OIL3,20201015,7.8100,7.8100,7.8100,7.8100,200
RCFS6SUGA,20201015,1.2800,1.2800,1.2800,1.2800,1000
RCFS6W201,20201015,5.2500,5.6300,5.1600,5.6200,9429
RCFS6WHT2,20201015,3.0000,3.0000,3.0000,3.0000,668
RCGASOOPEN,20201015,12.5400,12.5400,12.5400,12.5400,900
RCGBSH0522,20201015,1036.5000,1036.5000,1034.5000,1034.5000,41
RCGBSH10921,20201015,1062.5000,1062.5000,1062.5000,1062.5000,5
RCGBSK0621A,20201015,1049.5000,1049.5000,1049.5000,1049.5000,120
RCGKOMP1222,20201015,1123.5000,1123.5000,1123.5000,1123.5000,40
RCGLDAOPEN,20201015,750.0000,750.0000,750.0000,750.0000,24
RCGNS0422,20201015,1016.5000,1016.5000,1016.5000,1016.5000,51
RCGSDGP0821,20201015,989.0000,989.0000,989.0000,989.0000,101
RCGSEESGSEP0822,20201015,1008.5000,1008.5000,1008.5000,1008.5000,51
RCGSXLV1220,20201015,1028.0000,1028.0000,1028.0000,1028.0000,10
RCGTECBSK0221,20201015,1046.0000,1046.0000,1046.0000,1046.0000,90
RCGTECBSK0321,20201015,1048.0000,1048.0000,1048.0000,1048.0000,300
RCLLCOOPEN,20201015,6.3800,6.3800,6.3800,6.3800,400
RCLOILAOPEN,20201015,14.4600,14.4600,14.2000,14.2000,3780
RCLOILAOPEN1,20201015,161.0000,161.0000,161.0000,161.0000,6
RCNDXAOPEN,20201015,460.0000,460.0000,460.0000,460.0000,6
RCRBSPX1122,20201015,653.5000,664.5000,653.5000,664.5000,715
RCSILAOPEN,20201015,94.0000,94.0000,94.0000,94.0000,41
RCSP5AOPEN,20201015,134.2000,134.2000,134.2000,134.2000,20
RCTSOIL020,20201015,1.9300,1.9300,1.9200,1.9200,907
RCTSOIL022,20201015,3.7100,3.7100,3.7100,3.7100,32
RCWHTAOPEN,20201015,5.3100,5.3100,5.3100,5.3100,2000
REDAN,20201015,0.1920,0.1920,0.1800,0.1800,7243
REINO,20201015,1.4700,1.4700,1.4700,1.4700,2
RELPOL,20201015,5.0800,5.1600,5.0600,5.1200,26440
REMAK,20201015,10.2000,10.5500,9.8000,9.8000,1358
RONSON,20201015,1.4600,1.4600,1.3700,1.4300,16694
ROPCZYCE,20201015,21.8000,21.8000,20.5000,20.5000,1694
RYVU,20201015,58.0000,58.8000,57.0000,58.6000,24111
SANOK,20201015,12.8500,12.9000,12.1000,12.4000,7789
SANPL,20201015,137.2000,137.8000,130.2000,132.0000,124706
SANTANDER,20201015,7.2000,7.2000,7.0600,7.1900,29392
SANWIL,20201015,4.4000,4.4600,4.1000,4.3400,131423
SELENAFM,20201015,14.8000,14.8000,13.7500,14.1500,4829
SELVITA,20201015,42.6000,44.7000,42.0000,42.0000,8060
SERINUS,20201015,0.3600,0.3600,0.3420,0.3520,238101
SESCOM,20201015,27.0000,27.0000,25.6000,25.6000,113
SFINKS,20201015,0.3800,0.3800,0.3620,0.3620,7300
SILVAIR-REGS,20201015,8.5000,9.1000,8.4000,9.1000,3819
SIMPLE,20201015,10.5000,10.7000,9.6500,10.7000,3067
SKARBIEC,20201015,25.1000,25.1000,24.3000,24.7000,2954
SKOTAN,20201015,1.8350,1.9100,1.8350,1.9100,16198
SKYLINE,20201015,0.6800,0.7000,0.6800,0.7000,600
SNIEZKA,20201015,85.6000,86.0000,84.0000,85.4000,525
SOLAR,20201015,3.6900,3.7500,3.4800,3.6300,13955
SONEL,20201015,9.3500,9.5500,9.3500,9.5000,833
SOPHARMA,20201015,15.5000,15.5000,14.0000,14.4000,1159
STALEXP,20201015,2.8200,2.8500,2.7200,2.8500,182633
STALPROD,20201015,182.0000,182.0000,167.0000,180.0000,3597
STALPROFI,20201015,5.6000,5.6000,5.4600,5.4800,9013
STAPORKOW,20201015,2.6400,2.6400,2.6000,2.6000,4600
SUNEX,20201015,4.7000,4.7000,4.2300,4.3700,71487
SUWARY,20201015,16.6000,16.6000,16.1000,16.1000,232
SWISSMED,20201015,3.3000,3.4000,3.2000,3.4000,8200
SYGNITY,20201015,7.8400,7.9600,7.5400,7.6000,27234
SYNEKTIK,20201015,25.5000,25.5000,22.5000,22.8000,21897
TALANX,20201015,149.0000,149.0000,149.0000,149.0000,3
TALEX,20201015,11.5000,11.5000,11.0500,11.0500,317
TATRY,20201015,166.0000,166.0000,165.0000,165.0000,195
TAURONPE,20201015,2.0400,2.0400,1.9190,1.9400,5094175
TBULL,20201015,23.3000,23.9000,21.3000,22.0000,4836
TERMOREX,20201015,1.0600,1.1100,1.0600,1.1100,5354
TESGAS,20201015,4.2800,4.3000,4.0600,4.0800,42190
TIM,20201015,13.1000,13.4500,12.1500,12.7500,45213
TORPOL,20201015,11.7500,11.9000,10.6000,11.0000,58656
TOWERINVT,20201015,16.1000,16.1000,16.0000,16.0000,588
TOYA,20201015,7.8600,7.8600,7.6600,7.7200,51176
TRAKCJA,20201015,1.5980,1.5980,1.4520,1.4800,215507
TRANSPOL,20201015,2.9000,2.9000,2.8400,2.8400,9906
TRIGONPP7,20201015,43.1000,43.1000,43.1000,43.1000,20
TRITON,20201015,2.2500,2.3400,2.2200,2.2200,14578
TSGAMES,20201015,639.0000,642.0000,610.0000,616.0000,21280
ULMA,20201015,46.0000,49.2000,45.6000,47.6000,455
ULTGAMES,20201015,29.6000,29.6000,27.2000,28.5000,12944
UNIBEP,20201015,6.8200,6.8400,6.7200,6.7200,7060
UNIMA,20201015,2.9600,2.9600,2.8800,2.8800,930
UNIMOT,20201015,29.7000,29.7000,27.4000,28.3500,55597
URSUS,20201015,0.5020,0.5150,0.5000,0.5050,131894
VENTUREIN,20201015,1.6800,1.6800,1.6500,1.6500,4505
VIGOSYS,20201015,545.0000,545.0000,500.0000,515.0000,906
VINDEXUS,20201015,4.5700,4.7400,4.5500,4.7400,1528
VISTAL,20201015,3.3100,3.4000,3.0100,3.2000,56206
VIVID,20201015,1.8500,1.8500,1.6660,1.6920,187544
VOTUM,20201015,12.4000,12.4000,11.6000,11.9000,19039
VOXEL,20201015,44.3000,44.5000,42.6000,43.4000,3156
VRG,20201015,2.3300,2.4350,2.2600,2.2950,399937
WARIMPEX,20201015,5.2600,5.2600,5.2000,5.2000,800
WASKO,20201015,1.3150,1.3150,1.2000,1.2400,104097
WAWEL,20201015,558.0000,558.0000,534.0000,534.0000,91
WIELTON,20201015,3.8750,3.8750,3.7000,3.7500,67109
WIKANA,20201015,2.1800,2.1800,2.1000,2.1000,4050
WIRTUALNA,20201015,74.0000,74.8000,69.2000,73.0000,37805
WITTCHEN,20201015,6.9000,7.2600,6.5000,7.2600,15087
WOJAS,20201015,4.1800,4.2400,4.0800,4.2000,2687
WORKSERV,20201015,0.8640,0.9040,0.8200,0.8550,382623
XTB,20201015,16.4000,16.8000,15.6000,16.1000,632229
XTPL,20201015,75.8000,75.8000,70.0000,70.2000,4558
ZASTAL,20201015,17.8000,17.9000,16.6000,17.9000,469
ZEPAK,20201015,10.2000,10.4000,9.7000,9.7400,14314
ZPUE,20201015,138.0000,139.5000,135.0000,135.0000,496
ZREMB,20201015,0.7450,0.7550,0.7450,0.7550,1300
ZUE,20201015,3.3000,3.5000,3.1200,3.1400,16965
ZYWIEC,20201015,472.0000,476.0000,472.0000,472.0000,41
INVESTORMS,20201015,3802.8500,3818.6600,3802.8500,3818.6600,473666.987
MWIG40,20201015,3581.5100,3583.8500,3496.4700,3512.7000,368282.426
MWIG40DVP,20201015,63.1100,63.1100,63.1100,63.1100,368282.426
MWIG40TR,20201015,4743.3000,4743.3000,4633.3600,4652.3800,368282.426
SWIG80,20201015,13791.7300,13840.7100,13545.7200,13627.9100,45495.146
SWIG80DVP,20201015,264.8600,264.8600,264.8600,264.8600,45495.146
SWIG80TR,20201015,17809.2000,17868.2600,17496.4000,17597.6600,45495.146
WIG,20201015,48394.9000,48394.9000,47425.2200,47482.0000,1796079.381
WIG-BANKI,20201015,3669.6900,3681.2100,3541.7800,3546.3600,158591.399
WIG-BUDOW,20201015,2966.8200,2977.2000,2888.4800,2902.3200,7817.805
WIG-CEE,20201015,1059.2800,1064.1900,1057.7500,1064.1900,3081.106
WIG-CHEMIA,20201015,6631.5900,6684.0100,6364.6500,6373.3400,4604.920
WIG-ENERG,20201015,1690.0400,1690.0400,1629.7600,1636.2400,28576.102
WIG-ESG,20201015,7931.3200,7931.3200,7703.8200,7703.8200,1241530.468
WIG-GORNIC,20201015,3863.6900,3913.1000,3831.5200,3885.9600,178204.506
WIG-INFO,20201015,3812.5400,3828.0300,3737.6500,3754.1100,16682.810
WIG-LEKI,20201015,5864.3400,6181.0900,5542.7900,6125.1600,116147.913
WIG-MEDIA,20201015,4943.9500,4972.6400,4723.9200,4865.6400,3247.729
WIG-MOTO,20201015,3695.1200,3723.2400,3658.3000,3673.6500,808.398
WIG-NRCHOM,20201015,2119.5700,2156.6000,2094.1500,2094.1500,2464.975
WIG-ODZIEZ,20201015,3842.5600,3842.5600,3550.8800,3567.3000,49517.572
WIG-PALIWA,20201015,3877.9300,3877.9300,3719.0600,3720.0700,113234.903
WIG-POLAND,20201015,48716.3400,48716.3400,48534.2600,48534.2600,1791390.292
WIG-SPOZYW,20201015,2973.4500,2978.0300,2914.3200,2923.6900,4073.846
WIG-TELKOM,20201015,902.2300,903.4100,881.4000,884.8500,126700.336
WIG-UKRAIN,20201015,329.9400,331.0500,329.2500,331.0500,2467.578
WIG.GAMES,20201015,33321.3000,33385.5700,32234.0000,32312.8000,140157.718
WIG.MS-BAS,20201015,8607.0300,8638.0000,8395.4500,8425.6100,200170.743
WIG.MS-FIN,20201015,5592.3300,5612.2300,5384.2700,5386.0000,199068.571
WIG.MS-PET,20201015,5284.2400,5291.4400,5069.6800,5071.7700,115799.168
WIG20,20201015,1660.6400,1660.6400,1625.1000,1627.5900,1368480.842
WIG20DVP,20201015,10.3700,10.3700,10.3700,10.3700,1368480.842
WIG20LEV,20201015,304.8100,304.8100,291.6800,292.6000,1368480.842
WIG20SHORT,20201015,4354.9800,4447.1200,4354.9800,4440.6600,1368480.842
WIG20TR,20201015,3034.5500,3036.9700,2978.0300,2981.0200,1368480.842
WIG30,20201015,1905.5300,1905.5300,1864.5800,1866.7700,1404523.195
WIG30TR,20201015,3393.8900,3393.8900,3374.0400,3374.0400,1404523.195
WIGDIV,20201015,966.2800,966.2800,943.6000,945.9700,126602.593
WIGTECH,20201015,14678.7000,14691.5800,14344.0600,14379.8700,0.000
