06MAGNA,20201223,1.5300,1.5300,1.4400,1.4800,122989
11BIT,20201223,456.5000,460.0000,456.0000,457.5000,6512
4FUNMEDIA,20201223,4.9000,4.9000,4.6400,4.8600,3155
ABPL,20201223,28.2000,29.9000,28.2000,29.3000,6774
ACAUTOGAZ,20201223,35.0000,35.0000,34.7000,34.7000,5889
ACTION,20201223,5.7000,5.7600,5.4800,5.5200,49352
ADIUVO,20201223,4.7000,4.7900,4.6200,4.7900,29439
AGORA,20201223,6.7200,6.8400,6.6000,6.8400,6069
AGROTON,20201223,4.3900,4.5400,4.2500,4.2600,24845
AIGAMES,20201223,13.0000,13.0500,12.2500,12.7000,27253
AILLERON,20201223,11.7000,11.7500,11.3500,11.5500,10206
AIRWAY,20201223,1.5900,1.6300,1.5600,1.5950,782499
ALIOR,20201223,16.6000,16.7200,16.3350,16.4700,254259
ALLEGRO,20201223,83.6700,85.8800,83.2100,85.6900,583655
ALTA,20201223,1.3200,1.3200,1.2500,1.3200,78219
ALTUSTFI,20201223,1.0000,1.0000,0.9700,0.9740,40948
ALUMETAL,20201223,46.4000,46.4000,45.1000,45.3000,2161
AMBRA,20201223,18.6000,18.6000,18.2000,18.2000,1599
AMICA,20201223,137.2000,138.2000,136.0000,137.0000,3523
AMREST,20201223,25.2000,26.3500,25.2000,26.2000,85101
APATOR,20201223,22.3000,22.3000,22.1000,22.2000,1871
APLISENS,20201223,10.6000,10.6000,10.4000,10.6000,78
APSENERGY,20201223,1.7950,1.8200,1.7600,1.7800,34984
ARCHICOM,20201223,22.0000,22.1000,21.9000,22.1000,16316
ARCTIC,20201223,5.3000,5.4200,5.1600,5.3800,115997
ARTERIA,20201223,3.8600,3.8600,3.7600,3.8600,3707
ARTIFEX,20201223,8.7000,8.7000,8.5000,8.5000,5968
ASBIS,20201223,7.7000,7.9300,7.6400,7.9000,896840
ASSECOBS,20201223,36.0000,37.0000,35.8000,35.8000,1342
ASSECOPOL,20201223,66.2000,66.6000,66.0000,66.2000,30891
ASSECOSEE,20201223,41.0000,41.4000,40.5000,41.3000,18411
ASTARTA,20201223,25.2000,25.4000,24.8000,25.4000,8517
ATAL,20201223,32.3000,32.5000,32.0000,32.0000,580
ATENDE,20201223,3.7000,3.7000,3.6400,3.7000,3474
ATLANTAPL,20201223,6.7000,6.7000,6.4800,6.4800,926
ATLASEST,20201223,1.6800,1.7200,1.5700,1.5700,23607
ATMGRUPA,20201223,4.0000,4.1000,3.8300,4.1000,3175
ATREM,20201223,2.1600,2.1600,2.1400,2.1400,747
AUTOPARTN,20201223,7.7600,8.0000,7.7600,7.9200,12396
BAHOLDING,20201223,0.7680,0.7700,0.6870,0.6870,1637630
BBIDEV,20201223,3.5200,3.5400,3.5000,3.5100,10444
BEDZIN,20201223,9.9000,9.9000,9.7500,9.7500,2801
BENEFIT,20201223,771.0000,815.0000,770.0000,811.0000,1533
BEST,20201223,17.4000,17.4000,17.4000,17.4000,322
BETACOM,20201223,9.9000,9.9000,9.2600,9.2600,3591
BETAM40TR,20201223,53.3200,53.7000,53.2000,53.6000,8347
BETAW20LV,20201223,38.0600,38.6500,37.6000,38.6500,10125
BETAW20ST,20201223,376.2000,377.4000,372.0000,373.0000,3857
BETAW20TR,20201223,32.9850,33.3350,32.8900,33.3350,3739
BIK,20201223,14.5000,14.5000,13.7000,13.9500,556
BIOMEDLUB,20201223,10.2500,10.5000,9.7200,9.7600,1275889
BIOTON,20201223,4.0400,4.1300,4.0400,4.0500,135882
BNPPBSK0921,20201223,869.5000,869.5000,869.5000,869.5000,25
BNPPPL,20201223,60.0000,60.0000,59.0000,60.0000,1403
BNPPSOGO1021,20201223,1052.5000,1052.5000,1052.5000,1052.5000,50
BNPPSOLE1221,20201223,1024.5000,1024.5000,1024.0000,1024.0000,100
BOGDANKA,20201223,19.5000,19.6200,19.0200,19.3600,25608
BOOMBIT,20201223,16.6000,16.7000,16.2000,16.6000,12279
BORYSZEW,20201223,3.0050,3.0500,3.0000,3.0100,77851
BOS,20201223,5.6400,5.7000,5.5200,5.5600,29523
BOWIM,20201223,2.3200,2.3400,2.3200,2.3400,4429
BRASTER,20201223,0.3900,0.4200,0.3810,0.4090,568514
BUDIMEX,20201223,295.0000,295.0000,290.5000,290.5000,6940
BUMECH,20201223,3.3000,3.5800,3.0700,3.4800,311359
CCC,20201223,80.5000,82.2000,75.0000,78.0200,369982
CDPROJEKT,20201223,275.0000,275.6000,252.0000,269.0000,1448707
CDRL,20201223,14.4500,15.0500,14.3500,15.0500,1503
CELTIC,20201223,6.6500,6.6500,6.6000,6.6000,404
CEZ,20201223,84.5000,85.2000,84.3000,85.2000,341
CFI,20201223,0.2200,0.2290,0.2160,0.2270,168419
CIECH,20201223,30.6000,30.8000,30.2500,30.6000,53174
CIGAMES,20201223,1.2440,1.2440,1.2160,1.2200,1025538
CITYSERV,20201223,7.8000,7.8000,7.8000,7.8000,160
CLNPHARMA,20201223,39.6000,40.4000,39.0000,39.1500,15253
CNT,20201223,13.9000,14.4000,13.6000,14.4000,4988
COALENERG,20201223,0.5750,0.6100,0.5600,0.6050,27307
COGNOR,20201223,1.6000,1.6500,1.5600,1.5950,208469
COMARCH,20201223,193.5000,196.5000,193.0000,195.0000,556
COMP,20201223,55.4000,55.4000,54.2000,54.8000,1777
CORMAY,20201223,1.1600,1.1700,1.1250,1.1300,538879
CPGROUP,20201223,7.0200,7.0400,6.8000,6.8600,1022
CYFRPLSAT,20201223,28.5200,28.9800,28.3800,28.9800,149356
CZTOREBKA,20201223,0.6400,0.7000,0.6200,0.6500,64046
DATAWALK,20201223,194.0000,195.0000,188.0000,190.0000,1668
DEBICA,20201223,78.0000,78.0000,76.6000,77.2000,595
DECORA,20201223,31.5000,31.5000,30.9000,31.2000,2073
DEKPOL,20201223,28.0000,28.0000,27.8000,27.8000,108
DELKO,20201223,15.2000,15.6000,14.9000,15.5000,17361
DEVELIA,20201223,1.9000,1.9500,1.9000,1.9460,112017
DGA,20201223,5.0800,5.0800,4.8000,4.8000,954
DIGITREE,20201223,6.1500,6.1500,5.9000,6.0500,2747
DINOPL,20201223,276.2000,282.8000,275.0000,279.8000,47075
DOMDEV,20201223,111.0000,113.0000,110.5000,112.5000,1930
DROZAPOL,20201223,1.6450,1.6600,1.6450,1.6450,5989
ECHO,20201223,3.9900,3.9900,3.9500,3.9800,17689
EDINVEST,20201223,4.2600,4.2600,4.2600,4.2600,1060
EFEKT,20201223,5.3000,5.5000,5.3000,5.4500,6348
EKOEXPORT,20201223,3.0500,3.1900,3.0100,3.0900,156024
ELBUDOWA,20201223,0.7380,0.7400,0.6800,0.7000,45741
ELEKTROTI,20201223,5.5800,5.6800,5.4400,5.5600,25143
ELKOP,20201223,0.2670,0.2690,0.2570,0.2690,281737
ELZAB,20201223,5.4000,5.6500,5.3500,5.6000,5284
EMCINSMED,20201223,12.6000,12.6000,11.9000,12.0000,343
ENAP,20201223,1.3700,1.3700,1.2900,1.3600,3067
ENEA,20201223,6.2100,6.2650,6.1600,6.2500,473708
ENELMED,20201223,18.0000,18.7000,17.4000,17.4000,12475
ENERGA,20201223,7.8400,7.8500,7.8100,7.8400,60889
ENERGOINS,20201223,0.7000,0.7140,0.6700,0.7140,7301
ENTER,20201223,35.5000,36.1000,34.6000,35.6000,5397
ERBUD,20201223,25.0000,26.0000,24.6000,25.0000,3778
ERG,20201223,38.0000,40.8000,37.8000,40.8000,521
ESOTIQ,20201223,14.6500,14.6500,14.0500,14.6500,6003
ETFDAX,20201223,571.5000,575.0000,569.0000,572.8000,550
ETFSP500,20201223,139.5200,139.6000,139.1000,139.5000,1500
ETFW20L,20201223,238.0000,241.0000,238.0000,241.0000,1876
EUCO,20201223,3.8000,3.8900,3.7600,3.8800,4853
EUROCASH,20201223,13.5000,13.5900,13.2200,13.5600,242362
EUROTEL,20201223,26.7000,27.0000,26.7000,27.0000,15220
FAMUR,20201223,2.2500,2.3400,2.2300,2.2400,2081986
FASING,20201223,10.1500,10.6000,10.0000,10.6000,10262
FEERUM,20201223,10.2000,10.2000,10.1500,10.1500,202
FERRO,20201223,24.8000,25.0000,24.5000,24.9000,17371
FERRUM,20201223,3.3600,3.3600,3.1800,3.2000,7075
FON,20201223,0.1050,0.1100,0.1050,0.1080,182963
FORTE,20201223,38.4500,38.7000,37.7500,38.0500,1591
GAMEOPS,20201223,21.6000,21.9900,21.0000,21.1000,8676
GAMFACTOR,20201223,13.4900,13.8000,13.1300,13.7980,12722
GAMFACTOR-PDA,20201223,13.4800,13.4800,12.6380,12.9000,22788
GETIN,20201223,0.8000,0.8295,0.8000,0.8040,462971
GETINOBLE,20201223,0.2100,0.2100,0.2050,0.2050,2077664
GLCOSMED,20201223,4.0800,4.4400,3.9800,4.2800,226747
GPW,20201223,43.5000,45.4000,43.4000,45.4000,145464
GROCLIN,20201223,1.0500,1.0600,1.0200,1.0250,62525
GRODNO,20201223,14.1500,14.9000,13.8500,14.1000,208004
GRUPAAZOTY,20201223,25.8000,25.9500,25.3000,25.8000,104663
GTC,20201223,6.8000,6.9800,6.8000,6.9800,12890
HANDLOWY,20201223,34.0000,34.0000,33.5500,33.8500,32882
HARPER,20201223,14.3000,17.8000,14.1500,17.8000,407088
HELIO,20201223,11.0000,11.0000,10.4000,10.4000,2286
HERKULES,20201223,1.3000,1.3000,1.2600,1.2600,50037
HUBSTYLE,20201223,1.0900,1.0900,1.0900,1.0900,9950
HYDROTOR,20201223,27.4000,27.4000,26.6000,26.8000,1362
I2DEV,20201223,8.7500,8.9000,8.7500,8.9000,100
IALBGR,20201223,0.2580,0.2640,0.2400,0.2520,14390
IDEABANK,20201223,1.5120,1.5600,1.5000,1.5160,89895
IDMSA,20201223,1.3100,1.4100,1.3100,1.3700,241
IFCAPITAL,20201223,0.1000,0.1100,0.0950,0.1100,43448
IFIRMA,20201223,5.3800,5.6400,5.3800,5.6000,25772
IIAAV,20201223,71.0000,74.1000,71.0000,74.1000,67
IMCOMPANY,20201223,18.0000,18.2000,17.6000,18.1000,6749
IMMOBILE,20201223,2.4800,2.4800,2.3700,2.3700,3822
IMPEL,20201223,13.2500,13.8000,13.2500,13.8000,14068
IMPERA,20201223,1.9300,2.0600,1.8000,2.0600,24963
IMS,20201223,2.3700,2.4200,2.2000,2.4200,17550
INC,20201223,6.4200,6.4200,6.1400,6.2400,148914
INGBSK,20201223,162.0000,165.0000,160.0000,165.0000,7284
INPRO,20201223,4.7000,4.7400,4.5600,4.5600,6952
INSTALKRK,20201223,20.0000,20.0000,19.8000,19.9500,915
INTERAOLT,20201223,17.6000,17.9500,17.4000,17.5000,11334
INTERCARS,20201223,225.0000,228.0000,225.0000,227.0000,426
INTERFERI,20201223,4.7400,4.8200,4.5200,4.8200,3957
INTERSPPL,20201223,1.1600,1.1800,1.1100,1.1200,19518
INTLADS17350,20201223,68.9000,68.9000,68.9000,68.9000,3
INTLADS17996,20201223,65.0000,65.0000,65.0000,65.0000,7
INTLALE35055,20201223,28.3000,28.3000,28.1500,28.1500,16
INTLALE35089,20201223,38.2500,38.2500,38.2500,38.2500,3
INTLALE36046,20201223,24.1000,24.1000,23.6500,23.6500,170
INTLBCO35691,20201223,49.2000,49.2000,49.2000,49.2000,15
INTLBCO35725,20201223,41.8000,43.4000,41.8000,43.4000,2715
INTLBCO36160,20201223,36.7000,39.1500,36.7000,39.1500,3070
INTLBCO36590,20201223,23.3000,24.6500,23.3000,24.6500,405
INTLCCC30999,20201223,5.0000,5.0000,5.0000,5.0000,242
INTLCCC31005,20201223,5.0900,5.0900,5.0900,5.0900,750
INTLCCC36475,20201223,3.3600,3.3600,3.3200,3.3200,50
INTLCDR22285,20201223,15.8600,15.8600,15.8600,15.8600,1
INTLCDR22509,20201223,12.4400,12.4400,12.0000,12.0000,186
INTLCDR22517,20201223,12.4000,13.5000,12.4000,13.5000,101
INTLCDR22848,20201223,10.1200,10.6200,9.1500,10.6200,7314
INTLCDR22855,20201223,10.9000,10.9000,10.9000,10.9000,40
INTLCDR22863,20201223,11.4800,11.7000,11.4800,11.7000,491
INTLCDR23192,20201223,8.5500,9.1900,7.6000,8.9500,2851
INTLCDR23200,20201223,9.4400,10.0000,8.4500,9.8000,2786
INTLCDR28951,20201223,6.6400,7.4700,5.8000,7.1300,49705
INTLCDR28969,20201223,7.7000,8.1800,7.1100,8.1500,10765
INTLDAX29959,20201223,202.0000,202.0000,202.0000,202.0000,2
INTLDAX31872,20201223,114.0000,114.0000,114.0000,114.0000,5
INTLDAX31880,20201223,125.0000,125.0000,125.0000,125.0000,3
INTLDAX35303,20201223,95.0000,95.0000,95.0000,95.0000,16
INTLDAX35600,20201223,73.0000,73.0000,73.0000,73.0000,25
INTLDAX35618,20201223,83.7000,83.7000,83.7000,83.7000,23
INTLDAX35923,20201223,41.2000,44.1500,39.2500,42.8000,2656
INTLDAX35931,20201223,50.6000,50.6000,50.6000,50.6000,24
INTLDNP35493,20201223,7.5000,7.6000,7.5000,7.6000,701
INTLDOW00372,20201223,563.0000,563.0000,563.0000,563.0000,36
INTLDOW36558,20201223,77.0000,77.0000,77.0000,77.0000,16
INTLESX00778,20201223,67.8000,67.8000,67.8000,67.8000,299
INTLESX35949,20201223,20.6000,20.6000,20.6000,20.6000,29
INTLEUR27599,20201223,18.1600,18.6000,18.1600,18.6000,1620
INTLGBP32250,20201223,28.9000,28.9000,28.9000,28.9000,10
INTLGBU31807,20201223,73.3000,73.3000,73.3000,73.3000,11
INTLGBU34850,20201223,36.8000,36.8500,36.8000,36.8500,500
INTLGLD23069,20201223,202.0000,205.0000,202.0000,205.0000,11
INTLGLD30130,20201223,138.8000,138.8000,138.6000,138.6000,11
INTLGLD30866,20201223,116.8000,116.8000,116.8000,116.8000,14
INTLGLD33092,20201223,68.3000,68.3000,68.3000,68.3000,26
INTLGLD33100,20201223,59.3000,62.2000,57.4000,61.0000,685
INTLJSW32136,20201223,13.6400,13.6400,13.6400,13.6400,50
INTLJSW35386,20201223,11.7200,11.7200,11.7200,11.7200,111
INTLJSW35394,20201223,12.7600,12.7600,12.7600,12.7600,103
INTLJSW36715,20201223,8.4700,8.4700,8.3000,8.3600,1761
INTLKGH35782,20201223,64.1000,64.1000,64.1000,64.1000,20
INTLKGH36228,20201223,59.6000,59.6000,59.6000,59.6000,6
INTLLTS34702,20201223,18.1600,18.1600,18.1600,18.1600,350
INTLLTS35360,20201223,20.3500,20.3500,20.3500,20.3500,250
INTLLTS36509,20201223,15.9800,16.2200,15.9200,15.9200,458
INTLNAG34462,20201223,5.1400,5.1400,5.1400,5.1400,300
INTLNAG36616,20201223,3.2000,3.2000,3.2000,3.2000,30
INTLNAG36624,20201223,3.7100,3.7100,3.7100,3.7100,70
INTLNDX35667,20201223,72.0000,72.0000,71.0000,71.0000,14
INTLNDX36566,20201223,48.7500,48.7500,47.0000,47.4000,282
INTLNKX01826,20201223,459.5000,459.5000,459.5000,459.5000,44
INTLPEO36251,20201223,14.0400,14.0400,14.0400,14.0400,100
INTLPGE31427,20201223,2.6200,2.6200,2.6200,2.6200,100
INTLPGE35329,20201223,1.9400,1.9400,1.9400,1.9400,210
INTLPGE35741,20201223,1.3700,1.4700,1.3700,1.4000,8912
INTLPGN32615,20201223,1.7400,1.7400,1.7400,1.7400,2000
INTLPKN04101,20201223,26.5000,26.5000,26.5000,26.5000,100
INTLPKN05496,20201223,23.7000,23.7000,23.7000,23.7000,73
INTLPKN35840,20201223,17.4800,17.4800,17.4800,17.4800,759
INTLPKN35857,20201223,19.1400,19.1400,19.1400,19.1400,525
INTLPKN36392,20201223,8.7200,8.7200,7.9100,8.4600,4752
INTLPKN36418,20201223,13.0400,13.0400,13.0400,13.0400,1500
INTLPKN36426,20201223,15.3200,15.3200,15.1400,15.1400,2132
INTLPKO30395,20201223,11.7400,11.7400,11.7400,11.7400,400
INTLPLA30916,20201223,12.8600,12.8600,12.8600,12.8600,1
INTLPLA36178,20201223,5.6000,5.6000,5.6000,5.6000,111
INTLPZU15610,20201223,12.3800,12.3800,12.3800,12.3800,100
INTLPZU15800,20201223,14.1000,14.1000,14.1000,14.1000,300
INTLPZU35980,20201223,8.3500,8.8600,8.3500,8.8600,2814
INTLPZU35998,20201223,9.8600,9.8600,9.8600,9.8600,3000
INTLSLV29298,20201223,59.1000,59.9000,59.1000,59.9000,104
INTLSLV30197,20201223,47.2000,47.2000,47.2000,47.2000,425
INTLSLV31617,20201223,38.6500,38.6500,38.6500,38.6500,150
INTLSLV33340,20201223,18.1000,18.7000,17.7000,18.7000,250
INTLSLV33357,20201223,20.8500,21.4500,20.5000,21.3000,826
INTLSLV36582,20201223,15.9200,15.9200,14.7400,15.9200,16769
INTLSPX34900,20201223,20.3500,20.3500,20.3500,20.3500,53
INTLSPX35972,20201223,15.7600,15.8800,15.7200,15.8800,555
INTLTNF34090,20201223,32.3000,32.3000,32.3000,32.3000,4
INTLUSD20602,20201223,14.6800,14.9000,14.4200,14.9000,134
INTLUSD20610,20201223,20.1500,20.5000,19.0000,19.7800,4112
INTLUSD20826,20201223,25.7500,25.7500,25.7500,25.7500,39
INTLUSD20842,20201223,31.4500,32.0500,30.3000,30.7500,1304
INTLW2028696,20201223,6.4400,6.4400,6.4400,6.4400,62
INTLW2030585,20201223,4.9800,5.0900,4.9800,5.0900,166
INTLW2035907,20201223,2.9500,3.1200,2.9500,3.1200,2
INTLW2035915,20201223,3.3000,3.3000,3.3000,3.3000,2000
INTLW2036079,20201223,2.0000,2.0000,2.0000,2.0000,582
INTLW2036087,20201223,2.2000,2.2600,2.2000,2.2600,820
INTLW2036095,20201223,2.4200,2.4200,2.3800,2.3800,40000
INTLW2036533,20201223,1.4100,1.6800,1.4100,1.6800,5796
INTROL,20201223,4.0800,4.1400,4.0800,4.1200,6575
INTSALE35212,20201223,56.0000,56.0000,55.4000,55.4000,21
INTSALE35220,20201223,67.8000,67.8000,67.0000,67.0000,134
INTSALE36285,20201223,42.7500,42.7500,41.6500,41.8000,133
INTSALE36749,20201223,29.4500,29.4500,29.2500,29.2500,129
INTSBCO27573,20201223,72.7000,72.7000,72.7000,72.7000,18
INTSBCO28043,20201223,22.4500,22.4500,19.3200,19.3800,8006
INTSBCO28050,20201223,31.3000,31.3000,28.0000,28.0000,150
INTSBCO28076,20201223,45.3500,45.3500,45.3500,45.3500,100
INTSBCO28084,20201223,53.4000,53.4000,53.4000,53.4000,120
INTSCCC27029,20201223,4.9200,5.1800,4.9200,5.1800,780
INTSCCC27037,20201223,6.3700,6.3700,6.3700,6.3700,20
INTSCCC27698,20201223,2.4600,2.8600,2.4600,2.8300,7156
INTSCDR34124,20201223,29.9000,29.9500,29.0000,29.0000,800
INTSCDR34199,20201223,33.4500,33.6000,33.4000,33.4000,363
INTSCDR36673,20201223,15.4400,16.5200,14.6600,14.9800,7757
INTSCDR36681,20201223,22.2500,22.2500,21.5000,21.5000,268
INTSDAX25825,20201223,26.3500,26.3500,21.3000,23.2500,33777
INTSDAX26591,20201223,38.4000,39.0000,34.7000,34.7000,522
INTSDAX26609,20201223,49.5000,49.6000,49.0000,49.0000,77
INTSDAX36111,20201223,64.4000,65.2000,61.2000,61.2000,1310
INTSDOW27128,20201223,50.4000,50.4000,50.4000,50.4000,1
INTSEUR35527,20201223,15.6200,15.6200,15.6200,15.6200,1641
INTSGBU20107,20201223,42.3500,42.3500,42.3500,42.3500,10
INTSGBU21030,20201223,54.7000,54.7000,54.7000,54.7000,30
INTSGBU26971,20201223,25.8000,27.1500,22.6500,23.0500,3668
INTSGLD33316,20201223,94.5000,94.5000,94.5000,94.5000,10
INTSGLD34504,20201223,74.5000,74.5000,74.5000,74.5000,4
INTSGLD36319,20201223,49.0000,49.0000,49.0000,49.0000,2
INTSJSW36723,20201223,10.5200,10.5200,10.5000,10.5000,96
INTSJSW36731,20201223,14.2400,14.2400,14.2400,14.2400,70
INTSKGH36657,20201223,33.2500,33.2500,33.2500,33.2500,66
INTSKGH36665,20201223,48.1000,48.3000,45.5000,45.6500,627
INTSLTS34041,20201223,16.1400,16.7600,16.1400,16.7600,108
INTSLTS34058,20201223,22.8500,22.8500,22.8500,22.8500,10
INTSNDX33233,20201223,17.4400,20.4000,17.4400,19.3000,4776
INTSNDX33241,20201223,32.3000,34.1500,32.2000,34.0000,615
INTSNDX33258,20201223,47.4500,47.4500,47.4500,47.4500,60
INTSNKX36137,20201223,163.4000,163.4000,163.4000,163.4000,10
INTSPEO32334,20201223,23.7500,23.7500,23.7500,23.7500,32
INTSPGE34157,20201223,2.2300,2.2900,2.1800,2.1800,1032
INTSPGN34033,20201223,0.8600,0.8600,0.8600,0.8600,1000
INTSPKN27649,20201223,22.0000,22.0000,20.7500,21.1500,2558
INTSPKO26997,20201223,15.3600,15.3600,15.2600,15.2600,326
INTSPZU34165,20201223,6.3000,6.3000,6.3000,6.3000,1000
INTSSLV34538,20201223,13.4800,13.4800,12.9000,12.9000,175
INTSSPX34140,20201223,9.0500,9.1300,8.7000,8.7000,8233
INTSSPX34215,20201223,20.6500,20.6500,20.6500,20.6500,100
INTSUSD35428,20201223,33.0500,33.0500,33.0500,33.0500,302
INTSUSD36061,20201223,20.5000,20.5000,20.5000,20.5000,470
INTSW2005892,20201223,5.0400,5.0400,4.9700,4.9700,200
INTSW2019307,20201223,5.3600,5.3600,5.3600,5.3600,400
INTSW2024257,20201223,3.4000,3.4000,3.3500,3.3500,959
INTSW2027243,20201223,2.2100,2.2100,1.9700,1.9700,24230
INTSW2027391,20201223,1.7100,1.7100,1.4000,1.4000,30409
INVFIZ,20201223,940.0000,943.0000,940.0000,943.0000,3
INVGLDFIZ,20201223,1780.0000,1780.0000,1780.0000,1780.0000,1
INVISTA,20201223,0.3000,0.3000,0.3000,0.3000,20
IPOPEMA,20201223,3.9800,4.0000,3.9200,4.0000,16640
ITMTRADE,20201223,0.1120,0.1220,0.1010,0.1190,151060
IZOBLOK,20201223,37.8000,38.0000,35.4000,37.5000,2413
IZOLACJA,20201223,2.3400,2.3400,2.1800,2.3400,1674
IZOSTAL,20201223,2.5000,2.5200,2.4900,2.5200,26776
JSW,20201223,25.5000,25.9800,25.2700,25.8000,527741
JWCONSTR,20201223,3.0000,3.0200,2.9700,2.9700,29495
K2INTERNT,20201223,21.6000,21.6000,20.8000,21.2000,2893
KCI,20201223,0.7280,0.7280,0.6940,0.7000,55652
KERNEL,20201223,47.9500,48.9000,47.6500,48.4000,33096
KETY,20201223,479.0000,485.0000,477.0000,484.0000,8039
KGHM,20201223,181.8000,186.0500,181.8000,185.2500,373883
KGL,20201223,16.8500,16.9000,16.8500,16.8500,1150
KINOPOL,20201223,7.6500,7.6500,7.5500,7.6500,17111
KOGENERA,20201223,32.2000,32.4000,31.2000,31.8000,1504
KOMPAP,20201223,11.2000,11.2000,10.3000,10.3000,430
KOMPUTRON,20201223,2.3200,2.3300,2.2400,2.2800,64981
KPPD,20201223,28.2000,28.2000,28.2000,28.2000,40
KREC,20201223,9.1200,9.2200,8.9200,9.2200,2107
KREDYTIN,20201223,9.8500,9.8500,9.8500,9.8500,32
KRKA,20201223,420.0000,420.0000,420.0000,420.0000,2
KRUK,20201223,136.9000,139.5000,135.1000,139.5000,8636
KRUSZWICA,20201223,66.0000,66.2000,66.0000,66.2000,5329
KRVITAMIN,20201223,19.0000,19.0000,18.1500,18.9500,15989
KSGAGRO,20201223,2.3000,2.4400,2.2200,2.3400,37806
LABOPRINT,20201223,12.0000,12.0000,11.8500,11.8500,263
LARQ,20201223,1.8000,1.8000,1.7450,1.7600,19030
LENA,20201223,3.7700,3.8500,3.7700,3.8200,19101
LENTEX,20201223,10.7000,10.9000,10.7000,10.9000,7695
LIBET,20201223,2.4800,2.4800,2.4000,2.4000,63518
LIVECHAT,20201223,100.8000,103.8000,100.8000,102.0000,6975
LOKUM,20201223,11.9000,12.2000,11.9000,12.2000,1249
LOTOS,20201223,39.1800,40.4000,39.0200,40.1000,684064
LPP,20201223,7450.0000,7690.0000,7450.0000,7690.0000,966
LSISOFT,20201223,12.2000,12.3500,12.1000,12.1000,1624
LUBAWA,20201223,1.3400,1.3700,1.3100,1.3650,335205
MABION,20201223,20.5500,20.7000,20.0000,20.2000,52102
MAKARONPL,20201223,5.6500,5.6500,5.5500,5.6000,4369
MANGATA,20201223,62.0000,63.0000,60.0000,60.5000,257
MARVIPOL,20201223,5.0200,5.1000,5.0000,5.0200,23624
MASTERPHA,20201223,3.9600,3.9600,3.8900,3.9000,5225
MAXCOM,20201223,12.2500,12.3000,12.0500,12.2000,2245
MBANK,20201223,173.4000,177.9000,173.4000,177.9000,52439
MBWS,20201223,5.7000,5.7000,5.5000,5.6800,3680
MCI,20201223,14.8000,15.2500,14.8000,15.2500,4393
MDIENERGIA,20201223,3.2500,3.2500,3.1000,3.1000,21158
MEDIACAP,20201223,1.8000,1.8400,1.7300,1.7300,3752
MEDICALG,20201223,20.2500,20.2500,20.0000,20.1000,7366
MENNICA,20201223,19.3000,19.3000,19.0000,19.0000,5465
MERCATOR,20201223,404.0000,415.0000,393.0000,401.0000,88761
MERCOR,20201223,11.1000,11.2500,10.9000,10.9000,4230
MEXPOLSKA,20201223,1.3700,1.3700,1.3000,1.3000,942
MFO,20201223,25.0000,27.6000,25.0000,27.6000,673
MILKILAND,20201223,0.6200,0.6487,0.6000,0.6350,27422
MILLENNIUM,20201223,3.1500,3.1760,3.1100,3.1700,799364
MIRACULUM,20201223,1.1450,1.1600,1.1000,1.1400,151012
MIRBUD,20201223,3.1300,3.2800,3.1200,3.2800,407293
MLPGROUP,20201223,82.0000,82.0000,80.0000,80.0000,37
MLSYSTEM,20201223,78.0000,78.0000,76.8000,77.8000,10305
MOBRUK,20201223,216.0000,216.0000,214.0000,216.0000,1705
MOJ,20201223,1.1600,1.1600,1.1600,1.1600,2820
MOL,20201223,26.0000,26.3000,26.0000,26.2000,67
MONNARI,20201223,1.8500,1.9450,1.8300,1.8700,42192
MOSTALPLC,20201223,9.0800,9.0800,8.8000,9.0600,871
MOSTALWAR,20201223,4.3000,4.5500,4.3000,4.5500,3828
MOSTALZAB,20201223,1.0100,1.0450,0.9920,1.0000,233006
MUZA,20201223,2.7800,2.8000,2.7000,2.7800,11365
MWTRADE,20201223,1.9000,1.9000,1.8000,1.8200,16011
NANOGROUP,20201223,4.6800,4.7000,4.5000,4.6000,28637
NETIA,20201223,4.5600,4.6200,4.4500,4.6200,11533
NEUCA,20201223,636.0000,644.0000,634.0000,644.0000,1175
NEWAG,20201223,25.8000,25.8000,25.2000,25.2000,1650
NEXITY,20201223,19.9000,19.9000,19.0000,19.9000,886
NOVAVISGR,20201223,1.7900,1.9000,1.7100,1.7300,19149
NOVITA,20201223,137.0000,137.0000,132.0000,136.0000,76
NTTSYSTEM,20201223,4.1500,4.1500,4.1200,4.1400,6638
OAT,20201223,53.0000,54.2000,52.4000,52.8000,47435
ODLEWNIE,20201223,5.0200,5.0200,4.8800,4.8800,568
OEX,20201223,16.4000,16.4000,15.7000,15.7000,15937
OPENFIN,20201223,0.9400,0.9400,0.8900,0.9200,40567
OPONEO.PL,20201223,40.8000,42.0000,40.0000,42.0000,2876
OPTEAM,20201223,15.7000,15.7000,14.2000,14.5000,45641
ORANGEPL,20201223,6.4500,6.5950,6.4400,6.5300,1656631
ORCOGROUP,20201223,1.4200,1.5000,1.3600,1.3600,5401
ORZBIALY,20201223,12.2000,12.8500,12.2000,12.3500,255
OTLOG,20201223,3.6600,3.6600,3.5200,3.5200,4660
OTMUCHOW,20201223,1.5500,1.6200,1.5500,1.5800,6599
OVOSTAR,20201223,75.0000,80.0000,74.0000,80.0000,192
PAMAPOL,20201223,1.4400,1.4400,1.4100,1.4100,28944
PANOVA,20201223,10.5000,10.5000,10.2000,10.4500,590
PATENTUS,20201223,0.9980,0.9980,0.9700,0.9860,11070
PBKM,20201223,75.8000,76.0000,71.2000,73.4000,923
PCCEXOL,20201223,3.3500,3.4500,3.3000,3.3400,462360
PCCROKITA,20201223,49.7000,51.0000,49.7000,50.2000,2152
PCFGROUP,20201223,73.0000,73.5100,70.0100,71.0000,23787
PCFGROUP-PDA,20201223,72.1000,72.3000,69.1200,70.0000,38097
PEKABEX,20201223,16.8000,16.9500,16.5000,16.9500,3365
PEKAO,20201223,60.0600,61.4000,59.7600,61.0800,441730
PEMANAGER,20201223,15.0000,15.1000,14.9500,15.1000,1709
PEP,20201223,50.4000,50.6000,50.4000,50.4000,811
PEPEES,20201223,1.3400,1.3400,1.3200,1.3200,9358
PGE,20201223,6.1500,6.2480,6.1320,6.2000,2223698
PGNIG,20201223,5.4000,5.4400,5.3200,5.4100,2953949
PGO,20201223,1.2900,1.3250,1.2900,1.3100,20866
PGSSOFT,20201223,12.9000,13.1000,12.8000,13.1000,2512
PHARMENA,20201223,8.9200,9.4800,8.6600,8.9800,10314
PHN,20201223,10.3000,10.4500,10.1500,10.4500,2441
PKNORLEN,20201223,56.7400,58.0000,56.3400,57.4200,713856
PKOASZEWZ,20201223,99.0300,99.0300,99.0300,99.0300,100
PKOBP,20201223,28.5800,28.9600,28.4700,28.7300,1446513
PKOSO,20201223,107.4100,107.4100,107.4100,107.4100,103
PKPCARGO,20201223,13.5000,13.7400,13.3800,13.6400,135475
PLASTBOX,20201223,1.9000,1.9400,1.9000,1.9300,14317
PLAYWAY,20201223,592.0000,603.0000,583.0000,601.0000,2564
PLAZACNTR,20201223,1.6300,1.6300,1.5300,1.6200,4275
PMPG,20201223,1.7400,1.7500,1.7400,1.7500,5729
POLICE,20201223,12.2000,12.2000,12.0000,12.0000,2295
POLIMEXMS,20201223,2.3500,2.3500,2.2900,2.3000,305612
POLNORD,20201223,3.5100,3.5200,3.5100,3.5200,23085
POLWAX,20201223,3.7800,3.7800,3.7000,3.7200,35769
POZBUD,20201223,2.1400,2.1400,2.0500,2.0800,4357
PRAGMAFA,20201223,24.2000,24.2000,24.2000,24.2000,705
PRAGMAINK,20201223,5.6000,5.8600,5.2000,5.7600,6918
PRAIRIE,20201223,0.4860,0.4890,0.4630,0.4700,720680
PRIMETECH,20201223,1.2600,1.2600,1.2600,1.2600,4019
PROCHEM,20201223,18.7500,18.7500,18.7000,18.7500,135
PROJPRZEM,20201223,16.5000,16.5000,15.8000,15.8500,613
PROTEKTOR,20201223,3.5000,3.5000,3.3000,3.3200,78511
PROVIDENT,20201223,4.2600,4.2600,4.1000,4.2350,36336
PULAWY,20201223,85.0000,86.2000,83.0000,84.8000,1170
PUNKPIRAT,20201223,0.7350,0.7900,0.7300,0.7900,212380
PURE,20201223,110.0000,110.0000,106.0000,110.0000,1907
PURE-PDA,20201223,108.0000,109.0000,105.0000,106.0000,4541
PZU,20201223,31.2900,31.9500,31.0100,31.7100,1506550
PZUAKORD,20201223,120.5500,120.5500,120.5500,120.5500,100
QMULTIFIZ,20201223,1224.1100,1234.0000,1224.1100,1234.0000,40
QUERCUS,20201223,3.4000,3.4000,3.2600,3.3200,17825
R22,20201223,32.5000,33.0000,32.5000,32.5000,8981
RADPOL,20201223,2.3000,2.3000,2.2300,2.2900,97326
RAFAKO,20201223,0.9010,0.9220,0.8900,0.8990,1386814
RAFAMET,20201223,14.5000,15.0000,14.5000,15.0000,525
RAINBOW,20201223,21.7000,21.8000,20.7000,21.6000,10415
RANKPROGR,20201223,1.8850,1.8850,1.8100,1.8850,36920
RAWLPLUG,20201223,8.3000,8.3000,8.2000,8.2000,236
RCEW200325,20201223,1025.0000,1025.0000,1025.0000,1025.0000,50
RCFL10GOLD,20201223,8.4000,8.6000,8.0000,8.6000,4740
RCFL10GOLD1,20201223,3.9100,4.1200,3.8400,4.0000,7061
RCFL2GOLD,20201223,93.0000,93.5000,93.0000,93.5000,2
RCFL2LIGH,20201223,0.3500,0.3500,0.3500,0.3500,1000
RCFL2OIL3,20201223,1.4600,1.4600,1.4600,1.4600,800
RCFL2PLAT1,20201223,8.8000,9.0400,8.8000,9.0400,5
RCFL2SILVE2,20201223,19.4200,19.4200,19.3600,19.3600,2800
RCFL311B,20201223,3.7200,3.7200,3.7200,3.7200,1000
RCFL3ALR1,20201223,7.1500,7.2200,7.1500,7.2200,1393
RCFL3BAS,20201223,23.7500,23.7500,23.7500,23.7500,100
RCFL3BMW,20201223,20.5000,20.5000,20.5000,20.5000,176
RCFL3CCC,20201223,0.1100,0.1100,0.0800,0.0800,4001
RCFL3CCC1,20201223,26.7000,26.7000,23.3000,23.6500,2168
RCFL3CDPRO1,20201223,17.8400,17.8600,17.8400,17.8600,110
RCFL3CDPRO2,20201223,1.7000,1.9500,1.5700,1.9000,112311
RCFL3COCO,20201223,5.3000,5.3500,5.3000,5.3500,200
RCFL3CORN2,20201223,15.8000,16.1600,15.8000,16.1600,53
RCFL3GOLD,20201223,62.2000,63.0000,62.2000,63.0000,161
RCFL3GOLD1,20201223,12.0400,12.0400,12.0200,12.0200,250
RCFL3JSW,20201223,0.5100,0.5600,0.5100,0.5500,17109
RCFL3JSW1,20201223,18.1800,18.9600,18.1800,18.9600,101
RCFL3LTS1,20201223,0.2500,0.2700,0.2500,0.2600,61598
RCFL3MBK,20201223,1.2800,1.2800,1.2800,1.2800,12001
RCFL3MSBAS,20201223,14.0600,14.0600,14.0600,14.0600,10
RCFL3MSFIN,20201223,2.1100,2.1100,2.1100,2.1100,100
RCFL3OIL2,20201223,1.8500,1.9400,1.8500,1.9400,4050
RCFL3PEO,20201223,1.1400,1.1500,1.1300,1.1300,29995
RCFL3PEO1,20201223,13.0200,13.5000,13.0200,13.5000,1089
RCFL3PKN,20201223,12.3200,12.3200,11.9000,12.3200,1236
RCFL3PLAT1,20201223,5.7200,5.8200,5.7200,5.8200,3
RCFL3PLAT2,20201223,11.9600,11.9600,11.9600,11.9600,300
RCFL3PZU,20201223,15.3200,16.1600,15.3200,16.1600,130
RCFL3SILVE,20201223,6.5200,6.6300,6.3200,6.3200,5200
RCFL3SILVE3,20201223,18.4400,18.8600,18.1600,18.7400,758
RCFL3SUGA2,20201223,5.0000,5.0000,4.9900,4.9900,500
RCFL3TEN,20201223,5.0600,5.4600,5.0600,5.4600,2810
RCFL3TPE,20201223,8.3300,8.4400,8.3000,8.4200,14718
RCFL3WHT2,20201223,9.4600,9.4600,9.4600,9.4600,300
RCFL3WHT3,20201223,10.2600,10.2800,10.2600,10.2800,130
RCFL4CDPRO,20201223,1.0700,1.1800,0.9400,1.1400,913917
RCFL4CDPRO1,20201223,0.1900,0.2000,0.1600,0.1900,385569
RCFL4DNP,20201223,33.6500,34.8000,33.6500,34.7500,154
RCFL4ESX,20201223,181.2000,181.2000,181.2000,181.2000,3
RCFL4GAMES,20201223,27.7000,29.0500,27.6500,29.0500,539
RCFL4GOLD,20201223,21.4000,21.4000,21.4000,21.4000,20
RCFL4GOLD1,20201223,11.8400,11.8400,11.8400,11.8400,120
RCFL4KGH,20201223,14.6600,14.6600,14.6600,14.6600,200
RCFL4PEO1,20201223,6.3600,6.3600,6.3600,6.3600,300
RCFL4PGE,20201223,5.7700,5.7700,5.7700,5.7700,350
RCFL4PGN,20201223,0.5100,0.5100,0.4900,0.4900,29000
RCFL4PKN1,20201223,2.5200,2.6000,2.5200,2.6000,2700
RCFL4PKO,20201223,0.5300,0.5500,0.5300,0.5500,16108
RCFL4PZU,20201223,0.8500,0.8700,0.8500,0.8700,23250
RCFL5ALE,20201223,17.0400,17.7800,17.0400,17.7800,580
RCFL5COFF,20201223,0.1300,0.1600,0.1300,0.1600,44950
RCFL5FW20,20201223,0.7600,0.7600,0.7600,0.7600,6000
RCFL5GOLD,20201223,21.1000,21.6500,20.8000,21.6500,883
RCFL5MWIG40,20201223,2.1000,2.1500,2.1000,2.1500,1700
RCFL5SILVE,20201223,1.4300,1.4300,1.3800,1.4200,3400
RCFL5SILVE1,20201223,3.4000,3.4000,3.4000,3.4000,490
RCFL5SUGA2,20201223,22.6000,23.1000,22.6000,23.1000,100
RCFL6COCO1,20201223,3.8000,3.8000,3.8000,3.8000,700
RCFL6COFF3,20201223,6.6200,6.6200,6.6200,6.6200,38
RCFL6COPP1,20201223,14.4800,14.4800,14.4800,14.4800,260
RCFL6CORN,20201223,2.7300,2.7300,2.7300,2.7300,223
RCFL6FW201,20201223,0.7000,0.7200,0.7000,0.7200,8008
RCFL6NAG3,20201223,0.8200,0.8200,0.8200,0.8200,300
RCFL6SILVE,20201223,1.6300,1.6700,1.6300,1.6700,13100
RCFL6SILVE2,20201223,10.9800,11.0000,10.5800,11.0000,2116
RCFL6SUGA,20201223,1.7800,1.8400,1.7800,1.8400,1624
RCFL6W20,20201223,14.1800,15.4800,14.1800,15.4400,1354
RCFL6W201,20201223,0.4800,0.5200,0.4800,0.5200,3500
RCFL7SILVE1,20201223,1.0900,1.1700,1.0900,1.1700,46449
RCFL8COFF1,20201223,0.4900,0.4900,0.4900,0.4900,20000
RCFODAOPEN,20201223,42.5000,42.5000,42.5000,42.5000,24
RCFS10GOLD1,20201223,0.1500,0.1500,0.1500,0.1500,1
RCFS10OIL2,20201223,0.1500,0.1500,0.1500,0.1500,70
RCFS10SILVE2,20201223,1.1100,1.1100,1.1100,1.1100,320
RCFS2GAMES,20201223,3.8900,3.8900,3.8900,3.8900,2000
RCFS2W20,20201223,47.8500,47.8500,47.8500,47.8500,100
RCFS3ALR1,20201223,3.2400,3.2400,3.2400,3.2400,100
RCFS3CDPRO,20201223,6.6300,6.6300,5.8800,5.9800,4690
RCFS3CDPRO1,20201223,0.0200,0.0200,0.0200,0.0200,25700
RCFS3COPP,20201223,1.1400,1.1400,1.1400,1.1400,200
RCFS3EAD,20201223,0.1800,0.1800,0.1800,0.1800,50
RCFS3FDX,20201223,4.1000,4.1000,4.0400,4.0400,2333
RCFS3GAMES,20201223,1.8600,1.8600,1.8000,1.8100,2600
RCFS3GOLD,20201223,28.6500,28.6500,28.6500,28.6500,167
RCFS3KGH1,20201223,2.6800,2.7000,2.6800,2.7000,1400
RCFS3LPP,20201223,0.1900,0.1900,0.1900,0.1900,120
RCFS3PALL4,20201223,1.1200,1.1200,1.1200,1.1200,10000
RCFS3PKN1,20201223,8.4500,8.4500,8.4500,8.4500,100
RCFS3PKO,20201223,2.4800,2.4800,2.4800,2.4800,5000
RCFS3TPE,20201223,0.3400,0.3400,0.3400,0.3400,1000
RCFS3W20,20201223,20.7000,20.7000,20.3000,20.3000,330
RCFS4CDPRO,20201223,0.0100,0.0100,0.0100,0.0100,200
RCFS4CDPRO1,20201223,3.7400,4.2500,3.3500,3.5400,64855
RCFS4ESX,20201223,0.2600,0.2600,0.2600,0.2600,7000
RCFS4KGH1,20201223,1.4800,1.5600,1.4500,1.4600,24786
RCFS4LPP,20201223,1.4500,1.4500,1.4400,1.4400,7000
RCFS4PEO,20201223,5.2200,5.2200,4.9200,4.9500,381
RCFS4PGE,20201223,0.6100,0.6100,0.6100,0.6100,4800
RCFS4PGN,20201223,0.5900,0.6100,0.5800,0.5800,4335
RCFS4PKN,20201223,3.9600,3.9600,3.9600,3.9600,110
RCFS4PZU,20201223,4.4800,4.4800,4.1100,4.1100,650
RCFS5FW20,20201223,1.9900,1.9900,1.9600,1.9600,1280
RCFS5OIL4,20201223,2.4900,2.4900,2.4900,2.4900,10
RCFS5SOY,20201223,1.1600,1.1600,1.1600,1.1600,819
RCFS5SUGA,20201223,1.7600,1.7600,1.6500,1.6500,7400
RCFS6COCO1,20201223,1.6300,1.6300,1.6300,1.6300,10
RCFS6COFF2,20201223,0.5000,0.5000,0.5000,0.5000,6000
RCFS6COPP1,20201223,0.9200,0.9700,0.9200,0.9700,7936
RCFS6CORN,20201223,1.2300,1.2300,1.2300,1.2300,585
RCFS6FW201,20201223,1.5200,1.5200,1.5200,1.5200,900
RCFS6W201,20201223,1.3500,1.4100,1.2800,1.2800,39569
RCFS7NAG1,20201223,2.5300,2.5300,2.5300,2.5300,65
RCFS7SILVE1,20201223,3.9900,3.9900,3.9900,3.9900,60
RCFS8COPP1,20201223,0.3000,0.3000,0.3000,0.3000,11900
RCFS8SILVE2,20201223,2.8600,2.8600,2.7700,2.7700,1100
RCGASOOPEN,20201223,14.4000,14.4000,14.4000,14.4000,1000
RCGETNA1021,20201223,1057.0000,1057.0000,1057.0000,1057.0000,98
RCGKOMP1222,20201223,1145.5000,1145.5000,1145.5000,1145.5000,20
RCGLDAOPEN,20201223,714.0000,714.0000,714.0000,714.0000,2
RCGTECBSK0221,20201223,1083.0000,1083.0000,1083.0000,1083.0000,5
RCLNAGOPEN,20201223,1.3800,1.3800,1.3800,1.3800,1430
RCLOILAOPEN,20201223,15.9000,15.9000,15.9000,15.9000,10
RCNMBAOPEN,20201223,196.4000,196.4000,196.4000,196.4000,10
RCSILAOPEN,20201223,98.9000,98.9000,98.9000,98.9000,10
RCTLKER1,20201223,1.7900,1.7900,1.7900,1.7900,1000
REDAN,20201223,0.1800,0.2060,0.1760,0.2000,154258
REINO,20201223,1.2300,1.4000,1.2300,1.3900,327
RELPOL,20201223,5.2800,5.4000,5.2800,5.3200,4570
REMAK,20201223,9.9000,10.1500,9.7400,9.9600,23939
RONSON,20201223,1.2500,1.2800,1.2500,1.2500,31720
ROPCZYCE,20201223,23.5000,23.5000,23.1000,23.1000,180
RYVU,20201223,47.1000,48.3000,46.4000,48.0000,11966
SANOK,20201223,18.0000,18.8000,18.0000,18.4000,5571
SANPL,20201223,182.7000,185.3000,181.0000,183.6000,36401
SANTANDER,20201223,11.3340,11.8000,11.3340,11.7900,12269
SANWIL,20201223,2.9800,2.9800,2.8000,2.8400,78669
SEKO,20201223,8.9000,8.9000,8.7500,8.7500,4281
SELENAFM,20201223,17.6500,17.9500,17.5500,17.9500,3071
SELVITA,20201223,45.7000,45.7000,45.0000,45.0000,694
SERINUS,20201223,0.2320,0.2340,0.2240,0.2280,1636246
SESCOM,20201223,27.0000,27.6000,26.4000,26.4000,739
SFINKS,20201223,0.3040,0.3200,0.3010,0.3010,76924
SILVAIR-REGS,20201223,7.6990,7.6990,7.6990,7.6990,2
SILVANO,20201223,6.5000,6.5000,6.5000,6.5000,20
SIMPLE,20201223,12.9000,12.9000,12.9000,12.9000,2
SKARBIEC,20201223,25.1000,25.5000,24.8000,25.4000,1688
SKOTAN,20201223,1.5600,1.5900,1.5000,1.5750,31749
SKYLINE,20201223,0.7000,0.8400,0.7000,0.7000,9220
SLEEPZAG,20201223,0.3000,0.3000,0.3000,0.3000,333
SNIEZKA,20201223,88.2000,88.2000,87.6000,87.6000,316
SOLAR,20201223,3.5700,3.7900,3.5700,3.7500,16439
SONEL,20201223,9.4500,9.5000,9.4500,9.5000,89
SOPHARMA,20201223,9.1500,9.1500,8.2500,8.2500,436
STALEXP,20201223,3.1500,3.1500,3.0900,3.1500,163033
STALPROD,20201223,263.0000,269.0000,260.0000,269.0000,1116
STALPROFI,20201223,7.0800,7.2600,7.0000,7.2600,5848
STAPORKOW,20201223,2.8400,2.9600,2.6400,2.8600,18285
STARHEDGE,20201223,0.4300,0.4490,0.4300,0.4490,16936
SUNEX,20201223,4.7000,4.8000,4.6000,4.7000,16632
SUWARY,20201223,16.4000,16.4000,16.4000,16.4000,5
SWISSMED,20201223,6.6400,6.6600,6.4000,6.6600,16453
SYGNITY,20201223,8.3000,8.3000,8.2000,8.3000,15796
SYNEKTIK,20201223,27.4000,27.4000,26.3000,26.8000,9568
TALEX,20201223,11.6000,11.6000,11.4000,11.5000,611
TAURONPE,20201223,2.5800,2.6200,2.5620,2.6060,3441344
TBULL,20201223,31.9000,31.9000,29.8000,30.7000,3065
TERMOREX,20201223,1.0100,1.0900,0.9500,1.0900,23681
TESGAS,20201223,4.2400,4.2600,4.1200,4.1600,22906
TIM,20201223,18.0500,18.1500,17.8000,18.1000,8103
TORPOL,20201223,11.9500,12.2000,11.8000,11.8500,19197
TOWERINVT,20201223,12.4000,12.4000,11.8000,12.0000,801
TOYA,20201223,5.8600,5.9200,5.8600,5.9000,38312
TRAKCJA,20201223,1.7420,1.8000,1.7120,1.7900,338259
TRANSPOL,20201223,2.7500,2.7900,2.6300,2.7900,31984
TRIGONPP,20201223,48.9900,48.9900,48.9900,48.9900,1
TRIGONPP8,20201223,44.8000,44.8000,44.8000,44.8000,40
TRITON,20201223,2.1000,2.2000,2.1000,2.1400,6935
TSGAMES,20201223,504.0000,527.0000,497.0000,519.0000,35330
ULMA,20201223,45.4000,45.8000,43.8000,45.6000,2751
ULTGAMES,20201223,30.0000,30.6500,29.9000,30.0000,8619
UNIBEP,20201223,7.5800,7.7200,7.5800,7.6000,2521
UNICREDIT,20201223,34.1400,34.3400,33.5000,34.3400,382
UNIMA,20201223,2.7400,2.8400,2.7400,2.8400,3015
UNIMOT,20201223,32.6000,32.7500,31.7000,32.0500,18661
URSUS,20201223,0.6540,0.6600,0.6510,0.6590,158486
VENTUREIN,20201223,2.5000,2.5000,2.3600,2.3600,3382
VIGOSYS,20201223,570.0000,580.0000,565.0000,575.0000,151
VINDEXUS,20201223,4.2500,4.2500,4.1500,4.2200,12336
VISTAL,20201223,2.8750,2.8750,2.7700,2.8550,9912
VIVID,20201223,1.5100,1.5100,1.4020,1.4020,204523
VOTUM,20201223,11.1000,11.1500,11.0000,11.1000,6137
VOXEL,20201223,40.9000,40.9000,40.2000,40.8000,2357
VRG,20201223,2.5100,2.6500,2.4700,2.5200,886738
WARIMPEX,20201223,5.0200,5.0200,4.9300,4.9300,222
WASKO,20201223,1.2050,1.2150,1.1900,1.2100,29926
WAWEL,20201223,576.0000,578.0000,564.0000,572.0000,162
WIELTON,20201223,6.0200,6.1400,6.0000,6.0900,49554
WIKANA,20201223,2.3000,2.3600,2.2600,2.2800,7879
WIRTUALNA,20201223,83.4000,85.0000,82.2000,84.0000,14285
WITTCHEN,20201223,8.3000,8.5000,8.2800,8.5000,6684
WOJAS,20201223,4.4600,4.4600,4.3200,4.4600,1843
WORKSERV,20201223,1.2300,1.3600,1.2060,1.3020,1008967
XTB,20201223,16.2000,16.3500,16.1500,16.2500,407960
XTPL,20201223,67.0000,68.4000,65.0000,67.2000,5361
ZAMET,20201223,0.7800,0.7800,0.7500,0.7800,89989
ZASTAL,20201223,32.8000,32.8000,30.4000,32.6000,579
ZEPAK,20201223,9.2800,9.2800,9.1200,9.2000,12730
ZPUE,20201223,146.0000,146.0000,140.5000,144.5000,447
ZREMB,20201223,0.6950,0.6950,0.6300,0.6750,63654
ZUE,20201223,3.2800,3.4200,3.2600,3.4200,9071
ZYWIEC,20201223,480.0000,484.0000,476.0000,482.0000,31
INVESTORMS,20201223,4179.1300,4187.7300,4179.1300,4187.7300,227630.676
MWIG40,20201223,3801.6500,3842.0100,3794.9100,3841.1200,135931.216
MWIG40TR,20201223,5035.0800,5087.3600,5028.1000,5087.3600,135931.216
SWIG80,20201223,15347.9900,15416.0800,15323.5300,15358.3600,41293.818
SWIG80DVP,20201223,20.9600,20.9600,20.9600,20.9600,41293.818
SWIG80TR,20201223,19907.7300,19993.2700,19878.7000,19921.1900,41293.818
WIG,20201223,55317.7700,55881.8900,55165.0300,55843.4600,1008093.697
WIG-BANKI,20201223,4677.2500,4737.9100,4662.6700,4721.8500,94570.051
WIG-BUDOW,20201223,3470.2400,3473.0700,3445.6200,3447.8200,7097.222
WIG-CEE,20201223,1230.1200,1239.1700,1229.3400,1239.1700,2865.406
WIG-CHEMIA,20201223,7312.0400,7340.7200,7244.8800,7301.4600,4588.676
WIG-ENERG,20201223,1929.5600,1949.9600,1927.1100,1942.8200,26905.051
WIG-ESG,20201223,9029.4400,9126.6900,9003.8900,9124.1900,950965.270
WIG-GORNIC,20201223,5596.8500,5708.9000,5593.3400,5688.0900,83507.189
WIG-INFO,20201223,3758.9100,3790.7900,3753.5500,3764.5200,5408.720
WIG-LEKI,20201223,4766.1500,4778.9300,4649.7500,4653.4300,15682.490
WIG-MEDIA,20201223,5517.7100,5565.0400,5443.6000,5565.0400,1561.300
WIG-MOTO,20201223,3810.3200,3875.9100,3808.9500,3850.3900,1777.367
WIG-NRCHOM,20201223,2300.9700,2334.4200,2299.8400,2324.9500,1591.940
WIG-ODZIEZ,20201223,4764.0500,4772.8700,4707.7400,4745.7700,48128.891
WIG-PALIWA,20201223,4830.0900,4900.8200,4810.4400,4877.0700,85214.709
WIG-POLAND,20201223,56678.0000,57070.1900,56678.0000,57070.1900,997633.935
WIG-SPOZYW,20201223,3550.6800,3579.3400,3534.4100,3564.9500,3113.149
WIG-TELKOM,20201223,931.0100,944.8200,928.6100,944.2600,15161.589
WIG-UKRAIN,20201223,443.2200,448.5300,443.2200,448.5300,2181.680
WIG.GAMES,20201223,27574.3200,27778.8000,26671.8800,27689.5800,405877.699
WIG.MS-BAS,20201223,11040.8800,11212.7500,11040.8800,11183.9300,108305.072
WIG.MS-FIN,20201223,7259.5800,7368.8900,7220.4500,7328.4000,126675.764
WIG.MS-PET,20201223,6438.0900,6516.3700,6402.5000,6495.7700,88505.604
WIG20,20201223,1934.0300,1958.1600,1927.0700,1955.8400,815034.053
WIG20LEV,20201223,407.1100,417.2400,404.1900,416.2700,815034.053
WIG20SHORT,20201223,3683.5600,3696.9200,3637.3400,3641.7800,815034.053
WIG20TR,20201223,3536.7600,3584.7400,3536.7600,3582.2200,815034.053
WIG30,20201223,2250.2500,2276.6200,2244.0900,2275.2200,845657.433
WIG30TR,20201223,4080.1500,4112.2900,4080.1500,4112.2900,845657.433
WIGDIV,20201223,1065.0700,1073.1700,1062.6700,1071.5200,103830.532
WIGTECH,20201223,13998.0500,14083.1600,13998.0500,14083.1600,0.000
WIGTECHTR,20201223,14407.9900,14483.7600,14300.1700,14474.1400,0.000
