06MAGNA,20201229,1.5200,1.5700,1.4500,1.5600,88020
11BIT,20201229,458.5000,483.0000,458.5000,481.0000,5273
4FUNMEDIA,20201229,4.9000,4.9000,4.5500,4.7500,8196
ABPL,20201229,31.5000,32.3000,31.0000,32.2000,3856
ACAUTOGAZ,20201229,34.6000,34.9000,34.6000,34.9000,1728
ACTION,20201229,6.1800,6.4000,6.1000,6.1000,138598
ADIUVO,20201229,4.6300,4.6300,4.4500,4.5000,15047
AGORA,20201229,7.1800,7.4000,7.0600,7.3000,29756
AGROTON,20201229,4.3900,4.5900,4.3100,4.4500,11733
AIGAMES,20201229,12.6000,13.4000,12.5000,13.2000,18894
AILLERON,20201229,11.0000,11.5000,11.0000,11.3500,6819
AIRWAY,20201229,1.5200,1.6400,1.5050,1.6400,372534
ALIOR,20201229,17.1250,17.3100,17.0000,17.1150,256443
ALLEGRO,20201229,87.1000,87.3500,85.0200,85.9600,511731
ALTA,20201229,1.2500,1.2900,1.2500,1.2900,2238
ALTUSTFI,20201229,0.9400,0.9800,0.9100,0.9500,223777
ALUMETAL,20201229,47.0000,47.5000,46.7000,47.0000,5192
AMBRA,20201229,19.1000,19.2000,19.0000,19.1500,7595
AMICA,20201229,141.0000,144.2000,140.0000,144.0000,44751
AMREST,20201229,28.1000,29.5000,27.9000,29.3000,363298
APATOR,20201229,22.6000,23.3000,22.6000,23.2000,7346
APLISENS,20201229,11.2000,11.2000,10.8000,11.2000,7
APSENERGY,20201229,1.7400,1.8100,1.7400,1.8000,13600
ARCHICOM,20201229,23.5000,23.5000,23.0000,23.4000,5898
ARCTIC,20201229,5.4400,5.6400,5.3600,5.6400,125383
ARTERIA,20201229,3.8600,3.8600,3.8600,3.8600,25
ARTIFEX,20201229,8.2000,8.4800,8.2000,8.4200,10195
ASBIS,20201229,7.8900,8.1700,7.8300,7.9000,296231
ASMGROUP,20201229,1.5000,1.5000,1.5000,1.5000,60
ASSECOBS,20201229,37.4000,37.8000,36.8000,37.4000,897
ASSECOPOL,20201229,67.0000,68.8000,66.8000,67.4000,88232
ASSECOSEE,20201229,41.3000,42.2000,41.1000,42.2000,39809
ASTARTA,20201229,25.8000,27.0000,25.8000,26.5000,36538
ATAL,20201229,32.0000,32.5000,32.0000,32.5000,741
ATENDE,20201229,3.8000,4.4400,3.8000,4.2000,150855
ATLANTAPL,20201229,7.0000,7.2000,6.9800,7.2000,3870
ATLASEST,20201229,1.5400,1.6300,1.5400,1.6300,8935
ATMGRUPA,20201229,4.1000,4.1000,3.9200,4.1000,5950
ATREM,20201229,2.2200,2.3000,2.1600,2.2300,24412
AUTOPARTN,20201229,8.0000,8.0800,7.9600,8.0400,20238
BAHOLDING,20201229,0.6710,0.7700,0.6250,0.7600,11339424
BBIDEV,20201229,3.5400,3.6500,3.5400,3.6300,1709
BEDZIN,20201229,9.8000,9.8000,9.8000,9.8000,740
BENEFIT,20201229,834.0000,844.0000,824.0000,840.0000,6813
BEST,20201229,17.4000,17.4000,17.4000,17.4000,500
BETACOM,20201229,9.7000,9.7000,9.3000,9.3000,255
BETAM40TR,20201229,55.5100,56.1000,55.4000,55.9600,20785
BETAW20LV,20201229,41.1100,41.6100,40.5000,41.1000,26502
BETAW20ST,20201229,358.1000,363.4000,358.1000,361.8000,834
BETAW20TR,20201229,34.6350,34.6350,34.1100,34.2250,13973
BIK,20201229,13.6000,14.5000,13.0500,14.5000,2752
BIOMEDLUB,20201229,7.8800,8.4200,7.5800,8.1800,1807549
BIOTON,20201229,4.2900,4.3350,4.2200,4.2950,109910
BNPPPL,20201229,62.2000,63.6000,62.2000,63.2000,2994
BNPPSOLE0322,20201229,1003.5000,1004.0000,1003.5000,1004.0000,1000
BOGDANKA,20201229,19.2000,19.4000,19.1200,19.2400,35530
BOOMBIT,20201229,16.5000,17.5000,16.5000,17.4000,16059
BORYSZEW,20201229,3.0700,3.1500,3.0500,3.1400,121474
BOS,20201229,5.9800,6.0800,5.9200,6.0600,23555
BOWIM,20201229,3.1600,3.4600,2.8600,3.4000,68650
BRASTER,20201229,0.3975,0.4260,0.3900,0.4240,202696
BUDIMEX,20201229,305.0000,309.5000,304.0000,308.0000,3321
BUMECH,20201229,2.9000,3.2100,2.8600,3.0600,130149
CCC,20201229,85.0000,89.7800,85.0000,86.8000,441449
CDPROJEKT,20201229,279.5000,285.2000,274.4000,280.5000,690382
CDRL,20201229,15.2500,16.0500,15.2500,16.0500,914
CELTIC,20201229,6.6000,6.6000,6.6000,6.6000,153
CEZ,20201229,87.0000,90.0000,87.0000,89.5000,1923
CFI,20201229,0.2170,0.2470,0.2160,0.2460,458193
CIECH,20201229,32.4000,32.8500,31.9000,32.1500,143667
CIGAMES,20201229,1.2320,1.3500,1.2320,1.3280,2122757
CITYSERV,20201229,8.0500,8.2000,8.0500,8.2000,2243
CLNPHARMA,20201229,40.1000,41.9000,38.4000,38.4000,138614
CNT,20201229,14.6000,14.8000,14.2000,14.8000,1776
COALENERG,20201229,0.5950,0.6700,0.5900,0.6200,38922
COGNOR,20201229,1.7400,1.7900,1.6800,1.7200,282862
COMARCH,20201229,198.5000,199.0000,193.0000,193.0000,3004
COMP,20201229,53.2000,56.0000,53.0000,53.6000,3020
COMPERIA,20201229,2.7600,2.7600,2.7600,2.7600,2724
CORMAY,20201229,1.0900,1.1550,1.0750,1.1300,701258
CPGROUP,20201229,6.7000,7.0000,6.5800,7.0000,10627
CYFRPLSAT,20201229,30.3000,30.6800,29.7200,30.6800,435313
CZTOREBKA,20201229,0.6100,0.6500,0.6100,0.6450,6616
DADELO-PDA,20201229,18.0000,19.4900,16.5620,19.2000,828136
DATAWALK,20201229,191.0000,197.0000,186.0000,194.0000,4627
DEBICA,20201229,77.6000,78.6000,77.6000,78.4000,1002
DECORA,20201229,32.2000,33.0000,31.9000,32.0000,9163
DEKPOL,20201229,28.6000,28.6000,28.4000,28.6000,3218
DELKO,20201229,15.6000,15.6000,15.3000,15.6000,6033
DEVELIA,20201229,1.9880,1.9980,1.9700,1.9800,139516
DGA,20201229,4.8300,4.9000,4.6000,4.9000,1250
DIGITREE,20201229,8.1500,8.7500,7.3000,8.4500,4006
DINOPL,20201229,284.0000,292.0000,282.0000,290.6000,120544
DOMDEV,20201229,117.0000,119.0000,115.5000,116.0000,7191
DROZAPOL,20201229,1.6900,1.8850,1.6900,1.8850,32547
ECHO,20201229,4.0200,4.0400,4.0000,4.0200,38046
EDINVEST,20201229,4.3200,4.3400,4.2000,4.3400,2972
EFEKT,20201229,5.3500,5.4500,5.3000,5.3000,2159
EKOEXPORT,20201229,3.2800,3.2800,3.1800,3.2100,56487
ELBUDOWA,20201229,0.6600,0.7200,0.6600,0.6840,32844
ELEKTROTI,20201229,5.6800,5.8800,5.6800,5.8000,4039
ELKOP,20201229,0.2800,0.2810,0.2730,0.2800,172406
ELZAB,20201229,5.9500,6.2000,5.8000,6.0500,14762
EMCINSMED,20201229,12.6000,12.6000,11.8000,12.4000,478
ENAP,20201229,1.3700,1.3700,1.3000,1.3700,1253
ENEA,20201229,6.4600,6.5000,6.3600,6.4400,464904
ENELMED,20201229,17.0000,18.0000,16.0000,16.0000,26104
ENERGA,20201229,7.9200,7.9200,7.8600,7.9000,33729
ENERGOINS,20201229,0.7100,0.7200,0.7000,0.7200,7400
ENTER,20201229,39.0000,41.5000,38.5000,38.6000,25160
ERBUD,20201229,26.1000,26.9000,26.1000,26.9000,1967
ERG,20201229,40.6000,40.6000,40.4000,40.4000,14
ESOTIQ,20201229,16.8000,18.8500,16.6000,18.5000,10547
ETFDAX,20201229,585.0000,591.0000,583.5000,588.3000,1215
ETFSP500,20201229,142.0000,142.3800,140.2600,141.9000,6932
ETFW20L,20201229,246.9000,248.8000,246.8000,247.5000,1379
EUCO,20201229,3.8800,3.8800,3.7900,3.8400,2450
EUROCASH,20201229,13.4100,14.1300,13.4000,14.1000,453207
EUROTEL,20201229,28.0000,28.0000,27.5000,27.9000,1167
FAMUR,20201229,2.2700,2.2800,2.2200,2.2300,525760
FASING,20201229,10.5500,10.6500,10.3000,10.6500,1381
FEERUM,20201229,10.1500,10.1500,10.1000,10.1000,106
FERRO,20201229,25.2000,26.4000,24.7000,25.0000,39192
FERRUM,20201229,3.2800,3.6000,3.2400,3.6000,14300
FON,20201229,0.1050,0.1100,0.1050,0.1100,147670
FORTE,20201229,38.2000,39.5000,38.1500,39.2000,2695
GAMEOPS,20201229,20.2200,22.0000,20.2200,20.4500,17431
GAMFACTOR,20201229,13.0000,13.5000,13.0000,13.5000,9480
GAMFACTOR-PDA,20201229,12.1000,13.0200,11.8280,12.9000,32788
GETIN,20201229,0.7895,0.8190,0.7895,0.8180,405282
GETINOBLE,20201229,0.2000,0.2200,0.2000,0.2145,1914073
GLCOSMED,20201229,4.5800,4.6800,4.3200,4.5400,134651
GPW,20201229,46.9000,46.9500,45.4000,46.2500,118566
GROCLIN,20201229,0.9900,1.0450,0.9900,1.0200,117297
GRODNO,20201229,15.3000,15.9000,15.1000,15.1000,176048
GRUPAAZOTY,20201229,27.5000,28.3500,27.5000,27.8000,147396
GTC,20201229,7.2000,7.2800,7.2000,7.2000,239893
HANDLOWY,20201229,34.5000,35.5500,34.5000,35.5000,27865
HARPER,20201229,17.1000,17.5000,16.0000,17.0000,76968
HELIO,20201229,11.0000,12.0000,10.7000,10.7000,2916
HERKULES,20201229,1.2600,1.2900,1.2600,1.2850,29636
HMINWEST,20201229,11.0000,11.0000,10.7000,10.7000,949
HUBSTYLE,20201229,1.1000,1.1500,1.0000,1.1500,4009
HYDROTOR,20201229,27.8000,27.8000,27.4000,27.4000,652
IALBGR,20201229,0.2420,0.2680,0.2420,0.2680,10010
IDEABANK,20201229,1.5260,1.5800,1.5120,1.5700,121315
IDMSA,20201229,1.4000,1.4300,1.3500,1.4000,11950
IFCAPITAL,20201229,0.1100,0.1190,0.1050,0.1190,23905
IFIRMA,20201229,6.1000,6.1000,5.7400,5.7800,7034
IIAAV,20201229,76.5500,77.6000,76.5500,77.6000,35
IMCOMPANY,20201229,18.0000,18.1500,17.5000,18.0500,8099
IMMOBILE,20201229,2.5000,2.5000,2.3600,2.3600,1217
IMPEL,20201229,13.5500,13.7000,13.5000,13.7000,2624
IMPERA,20201229,2.0200,2.0400,1.8600,1.9500,196514
IMS,20201229,2.3400,2.4800,2.3400,2.4100,19862
INC,20201229,6.3000,7.4000,6.3000,7.3000,257254
INGBSK,20201229,171.0000,172.0000,167.4000,171.8000,8440
INPRO,20201229,4.7200,4.7200,4.4600,4.5600,3339
INSTALKRK,20201229,19.8500,20.3000,19.6000,20.3000,2157
INTERAOLT,20201229,18.0000,18.6000,18.0000,18.6000,10413
INTERCARS,20201229,234.0000,236.0000,232.0000,236.0000,1089
INTERSPPL,20201229,1.1100,1.1100,1.0500,1.1100,10721
INTLALE35055,20201229,29.0500,29.0500,29.0000,29.0000,103
INTLALE35063,20201229,33.0000,33.0000,33.0000,33.0000,32
INTLALE36046,20201229,24.5500,24.5500,23.9500,23.9500,140
INTLBCO31179,20201229,108.8000,108.8000,108.8000,108.8000,1
INTLBCO31294,20201229,134.6000,134.6000,134.6000,134.6000,1
INTLBCO31666,20201229,75.5000,75.5000,75.5000,75.5000,1
INTLBCO31716,20201229,95.1000,95.1000,95.1000,95.1000,1
INTLBCO35691,20201229,54.8000,54.8000,54.8000,54.8000,15
INTLBCO35725,20201229,46.8500,46.8500,46.8500,46.8500,5
INTLBCO35733,20201229,51.3000,51.3000,51.3000,51.3000,15
INTLBCO36152,20201229,38.3500,38.4000,38.3500,38.4000,24
INTLBCO36590,20201229,28.9000,29.9000,28.8000,29.9000,468
INTLCCC30999,20201229,5.9000,5.9000,5.9000,5.9000,100
INTLCCC36475,20201229,3.8600,4.1000,3.8600,4.0000,6235
INTLCDR22285,20201229,17.2800,17.2800,17.2800,17.2800,1
INTLCDR22392,20201229,15.2200,15.2200,15.2200,15.2200,676
INTLCDR22509,20201229,14.3600,14.3600,14.1000,14.1000,22
INTLCDR22517,20201229,14.8800,14.8800,14.8800,14.8800,1
INTLCDR22848,20201229,12.1000,12.1000,11.7200,11.7200,1348
INTLCDR22855,20201229,12.7000,12.7000,12.6200,12.6200,4766
INTLCDR22863,20201229,13.5400,13.5400,13.5400,13.5400,841
INTLCDR23192,20201229,10.5000,10.5000,9.9800,10.3400,640
INTLCDR23200,20201229,11.3200,11.3200,10.8000,11.0800,1248
INTLCDR28951,20201229,8.7000,8.7600,8.0000,8.4400,36414
INTLCDR28969,20201229,9.4700,9.4800,9.0000,9.3500,10093
INTLDAX29959,20201229,218.0000,218.0000,218.0000,218.0000,2
INTLDAX35618,20201229,98.8000,98.8000,98.8000,98.8000,7
INTLDAX35923,20201229,55.6000,57.7000,51.9000,53.2000,2394
INTLDAX35931,20201229,66.3000,67.9000,66.3000,67.9000,44
INTLDNP35493,20201229,8.3300,8.6700,8.3300,8.5900,257
INTLDOW36558,20201229,92.0000,92.0000,91.1000,91.1000,14
INTLESX36194,20201229,17.4000,17.4000,17.4000,17.4000,10
INTLEUD33860,20201229,30.8000,31.8000,30.8000,31.8000,380
INTLEUR24059,20201229,26.9000,26.9000,26.9000,26.9000,60
INTLEUR25650,20201229,39.6000,39.6000,39.6000,39.6000,30
INTLEUR27599,20201229,24.0000,24.0000,23.1000,23.1000,100
INTLGBU34850,20201229,35.6000,35.7000,34.9500,35.1000,440
INTLGLD21873,20201229,277.5000,277.5000,277.5000,277.5000,12
INTLGLD22525,20201229,223.0000,223.0000,223.0000,223.0000,1
INTLGLD23069,20201229,206.5000,206.5000,206.5000,206.5000,3
INTLGLD23903,20201229,182.4000,182.4000,182.4000,182.4000,50
INTLGLD30130,20201229,142.4000,142.4000,142.4000,142.4000,4
INTLGLD30866,20201229,120.2000,120.2000,120.2000,120.2000,33
INTLGLD31310,20201229,97.3000,98.1000,97.3000,97.8000,165
INTLGLD33092,20201229,73.7000,73.7000,73.7000,73.7000,40
INTLGLD33100,20201229,63.1000,63.4000,61.1000,61.1000,3049
INTLJSW32136,20201229,14.4200,14.4200,13.6000,13.6000,345
INTLJSW35386,20201229,12.3000,12.3000,12.3000,12.3000,100
INTLJSW36020,20201229,10.4000,10.4000,9.4900,9.6600,480
INTLJSW36715,20201229,8.9100,8.9100,8.0600,8.6200,223
INTLKGH36228,20201229,60.7000,62.3000,60.7000,62.3000,16
INTLKGH36384,20201229,55.2000,55.2000,55.2000,55.2000,30
INTLLTS34702,20201229,20.0000,20.0000,19.8200,19.8200,211
INTLLTS36509,20201229,19.0600,19.0600,17.1400,17.2600,753
INTLNAG34462,20201229,3.5900,3.5900,3.5900,3.5900,500
INTLNAG36616,20201229,1.7700,2.1300,1.6400,2.0200,5816
INTLNAG36632,20201229,3.9600,3.9600,3.9600,3.9600,200
INTLNAG36640,20201229,4.7000,4.7000,4.7000,4.7000,217
INTLNDX36566,20201229,53.3000,53.3000,53.3000,53.3000,93
INTLNKX31898,20201229,335.5000,335.5000,335.5000,335.5000,2
INTLNKX32854,20201229,290.5000,290.5000,290.5000,290.5000,1
INTLPAL25031,20201229,325.0000,325.0000,325.0000,325.0000,3
INTLPEO29439,20201229,29.8000,29.8000,29.8000,29.8000,177
INTLPEO35824,20201229,20.1500,20.9500,20.1500,20.5500,348
INTLPEO36251,20201229,16.5000,16.5000,16.0800,16.0800,4720
INTLPGE32037,20201229,2.6700,2.6700,2.6700,2.6700,757
INTLPGE35329,20201229,2.1600,2.1600,2.1600,2.1600,210
INTLPGE35741,20201229,1.7500,1.7500,1.5800,1.5800,5731
INTLPGN36004,20201229,1.5600,1.5600,1.5600,1.5600,1000
INTLPKN04101,20201229,28.5500,28.5500,28.4000,28.4000,146
INTLPKN05496,20201229,25.8000,25.8000,25.8000,25.8000,39
INTLPKN35840,20201229,19.4800,19.4800,19.4800,19.4800,391
INTLPKN35857,20201229,21.0500,21.0500,20.9000,20.9000,667
INTLPKN35873,20201229,24.6000,24.6000,24.6000,24.6000,50
INTLPKN36392,20201229,11.1400,11.2200,9.9000,10.4200,3828
INTLPKN36400,20201229,13.5200,13.6000,13.5200,13.6000,4580
INTLPKO35808,20201229,9.6200,9.6200,9.6200,9.6200,35
INTLPKO35816,20201229,11.4400,11.4400,11.0800,11.1400,706
INTLPKO36236,20201229,7.6500,7.6600,7.1600,7.1600,4371
INTLPLA30288,20201229,16.6000,16.6000,16.6000,16.6000,2
INTLPLA30916,20201229,13.6400,13.6400,13.6400,13.6400,1
INTLPLA31765,20201229,11.7600,11.7600,11.7600,11.7600,50
INTLPLA35709,20201229,7.6000,7.8300,7.6000,7.8300,348
INTLPLA35717,20201229,9.0100,9.0100,9.0100,9.0100,54
INTLPLA36178,20201229,6.7500,7.3300,6.6600,7.3300,1199
INTLPZU15610,20201229,13.8600,14.0600,13.8600,14.0600,850
INTLPZU35980,20201229,10.2000,10.2000,9.7900,9.9600,2142
INTLSLV29249,20201229,58.0000,58.0000,58.0000,58.0000,50
INTLSLV29330,20201229,66.2000,66.2000,66.2000,66.2000,81
INTLSLV30890,20201229,45.2500,45.2500,45.2500,45.2500,150
INTLSLV33340,20201229,20.6000,20.6000,20.6000,20.6000,295
INTLSLV33365,20201229,26.3000,26.3000,26.3000,26.3000,40
INTLSLV33373,20201229,29.3500,29.3500,28.8000,28.8000,140
INTLSLV36582,20201229,18.2800,18.4600,17.4400,17.4600,4830
INTLSPX28928,20201229,66.3000,66.3000,66.3000,66.3000,152
INTLSPX30858,20201229,50.1000,50.1000,50.1000,50.1000,32
INTLSPX33894,20201229,30.9500,30.9500,30.9500,30.9500,1
INTLSPX34900,20201229,22.3000,22.3000,22.2000,22.3000,505
INTLSPX35972,20201229,17.6000,17.7800,17.1200,17.4600,2240
INTLUSD20602,20201229,10.9800,17.0000,10.9800,16.4000,7328
INTLUSD20610,20201229,16.3000,23.0000,16.2600,21.4000,22609
INTLUSD20826,20201229,25.9000,27.3000,25.4000,27.3000,575
INTLUSD20842,20201229,27.7000,34.1000,27.5500,33.1000,6147
INTLUSJ16238,20201229,20.4500,20.4500,20.4500,20.4500,9
INTLW2028696,20201229,7.2000,7.2000,7.2000,7.2000,62
INTLW2030585,20201229,5.7600,5.7600,5.7600,5.7600,40
INTLW2030593,20201229,5.8800,5.8800,5.8800,5.8800,1500
INTLW2035543,20201229,4.1200,4.1200,4.1200,4.1200,19
INTLW2035584,20201229,4.9700,4.9700,4.9700,4.9700,1000
INTLW2035899,20201229,3.4000,3.4000,3.4000,3.4000,10000
INTLW2035907,20201229,3.9000,3.9000,3.7800,3.8300,2518
INTLW2035915,20201229,4.0500,4.0500,4.0500,4.0500,4000
INTLW2036079,20201229,2.8600,2.8600,2.6500,2.6500,5500
INTLW2036087,20201229,2.9700,2.9700,2.8700,2.8700,670
INTLW2036095,20201229,3.2900,3.2900,3.0900,3.0900,30303
INTLW2036533,20201229,2.4200,2.4200,2.1000,2.2500,221597
INTROL,20201229,4.3000,4.4400,4.3000,4.3600,8862
INTSALE35212,20201229,55.2000,55.3000,54.8000,55.3000,160
INTSALE35220,20201229,65.1000,65.7000,65.1000,65.7000,981
INTSALE36285,20201229,40.1000,41.0000,40.1000,41.0000,53
INTSALE36749,20201229,28.8500,28.8500,28.8500,28.8500,30
INTSCCC27029,20201229,4.5500,4.5500,4.1600,4.4500,3372
INTSCCC27037,20201229,6.0100,6.0100,5.6800,5.6800,660
INTSCCC27698,20201229,1.9900,2.0400,1.6700,1.9600,19581
INTSCDR34124,20201229,27.5500,27.6500,27.5500,27.6500,205
INTSCDR36673,20201229,13.6600,14.1000,13.4800,13.7600,17851
INTSCDR36681,20201229,20.0500,20.4500,20.0500,20.4500,405
INTSDAX26591,20201229,21.0000,26.7500,19.6400,25.7500,6634
INTSDAX26609,20201229,34.5000,40.0000,32.7000,38.9000,637
INTSDAX36111,20201229,45.9000,52.6000,45.9000,52.6000,721
INTSDBK19000,20201229,40.3000,40.3000,40.3000,40.3000,3
INTSDOW27128,20201229,31.1500,32.6500,31.1500,31.9000,167
INTSDOW33282,20201229,45.5500,51.9000,45.5500,51.9000,83
INTSDOW33597,20201229,82.1000,84.6000,82.1000,84.6000,57
INTSEUD02683,20201229,10.1400,10.3200,9.0900,9.8500,674
INTSEUD05033,20201229,33.2500,33.2500,33.2500,33.2500,20
INTSEUR29165,20201229,24.7000,24.7000,23.0500,23.0500,80
INTSEUR29173,20201229,31.5500,31.5500,29.1000,29.1000,1460
INTSEUR29181,20201229,40.1500,40.1500,34.6500,34.6500,200
INTSEUR29686,20201229,38.7000,38.7000,38.7000,38.7000,40
INTSEUR35402,20201229,15.1000,15.1200,14.0400,14.9600,7408
INTSEUR35527,20201229,12.8800,13.0400,12.6000,13.0400,741
INTSGBU26971,20201229,23.2000,23.4500,23.2000,23.4500,200
INTSGLD33316,20201229,88.9000,88.9000,88.9000,88.9000,15
INTSGLD34504,20201229,65.8000,65.8000,65.8000,65.8000,10
INTSGLD36319,20201229,48.8500,49.6500,48.6500,49.6500,22
INTSJSW36723,20201229,10.1400,10.5800,10.1400,10.3400,333
INTSJSW36731,20201229,13.5400,13.5400,13.5400,13.5400,70
INTSKGH36657,20201229,28.6000,29.3000,27.6000,29.3000,160
INTSKGH36665,20201229,44.0500,44.8500,42.7000,43.5000,1661
INTSNAG24851,20201229,9.5900,9.5900,9.5900,9.5900,10
INTSNDX33241,20201229,26.0000,27.6500,25.6000,27.3500,1246
INTSNDX33258,20201229,40.9500,43.1000,40.9500,43.1000,396
INTSNDX33647,20201229,88.8000,88.8000,88.8000,88.8000,20
INTSNKX36137,20201229,126.0000,131.8000,124.8000,131.8000,186
INTSPAL27805,20201229,137.4000,137.4000,137.4000,137.4000,10
INTSPGE34157,20201229,1.9800,1.9800,1.9800,1.9800,382
INTSPKN23663,20201229,53.3000,53.3000,53.3000,53.3000,121
INTSPKN27649,20201229,18.7000,19.5400,18.6200,19.5400,1054
INTSPKO23630,20201229,17.4600,17.4600,17.4600,17.4600,250
INTSPKO26997,20201229,13.7200,14.4200,13.7200,14.3400,304
INTSPZU20131,20201229,14.2800,14.2800,14.2800,14.2800,30
INTSSLV33696,20201229,17.8600,18.4000,17.8600,18.4000,116
INTSSPX34140,20201229,6.7500,7.5200,6.7500,7.5000,1200
INTSSPX34215,20201229,18.7400,19.0800,18.7400,19.0800,130
INTSSPX34439,20201229,32.0000,32.0000,32.0000,32.0000,100
INTSSPX36574,20201229,38.4500,38.4500,38.4500,38.4500,110
INTSUSD35428,20201229,35.9000,36.1000,31.3000,31.3000,83
INTSUSD35535,20201229,29.0000,29.0000,24.8000,25.4000,369
INTSUSD36061,20201229,23.0000,23.0000,17.6600,19.6800,10831
INTSW2019307,20201229,4.5700,4.5700,4.5600,4.5600,300
INTSW2019976,20201229,7.9300,7.9300,7.9300,7.9300,1170
INTSW2020859,20201229,2.9600,2.9600,2.9600,2.9600,400
INTSW2024257,20201229,2.9100,2.9100,2.9100,2.9100,1000
INTSW2026005,20201229,2.4200,2.4500,2.4200,2.4500,15150
INTSW2026328,20201229,2.2000,2.2000,2.2000,2.2000,50
INTSW2027060,20201229,1.6800,1.7100,1.6800,1.7100,400
INTSW2027078,20201229,1.9600,1.9600,1.8700,1.8700,1100
INTSW2027243,20201229,1.2800,1.3900,1.2800,1.3600,41418
INTSW2027409,20201229,1.0400,1.2100,1.0400,1.0500,57763
INVCEEFIZ,20201229,461.0000,461.0000,461.0000,461.0000,5
IPOBENE3E,20201229,115.0000,115.0000,115.0000,115.0000,536
IPOGPARPA,20201229,115.5000,115.5000,115.5000,115.5000,195
IPOPEMA,20201229,4.2000,4.3600,4.0800,4.3400,18094
ITMTRADE,20201229,0.1055,0.1190,0.1055,0.1145,52377
IZOBLOK,20201229,37.7000,37.8000,36.9000,37.8000,237
IZOLACJA,20201229,2.3000,2.3000,2.1000,2.1800,11334
IZOSTAL,20201229,2.5400,2.6300,2.5300,2.6300,47119
JSW,20201229,26.6700,26.8200,25.3600,26.0900,840077
JWCONSTR,20201229,3.0000,3.0000,2.9400,3.0000,595
JWWINVEST,20201229,2.6600,2.6600,2.4200,2.4500,434
K2INTERNT,20201229,20.6000,22.6000,20.6000,22.6000,1840
KCI,20201229,0.6820,0.7180,0.6820,0.7180,26113
KERNEL,20201229,49.5000,49.9000,48.0000,48.0000,60574
KETY,20201229,498.0000,504.0000,492.5000,500.0000,9642
KGHM,20201229,188.0500,189.3500,186.2500,186.5000,262393
KGL,20201229,17.3500,18.0000,17.3500,17.9500,5759
KINOPOL,20201229,8.0000,8.1000,8.0000,8.1000,669
KOGENERA,20201229,31.8000,33.8000,31.6000,33.6000,2764
KOMPUTRON,20201229,2.4400,2.6000,2.4000,2.5800,80939
KPPD,20201229,28.2000,28.2000,28.2000,28.2000,85
KREC,20201229,9.1000,9.2000,9.0000,9.0000,17249
KREDYTIN,20201229,9.0000,9.5000,8.6500,9.4500,2218
KRKA,20201229,420.0000,424.0000,420.0000,424.0000,18
KRUK,20201229,145.0000,146.0000,142.1000,144.4000,6835
KRUSZWICA,20201229,66.0000,66.0000,65.8000,66.0000,8158
KRVITAMIN,20201229,18.9500,18.9500,18.4000,18.7000,16322
KSGAGRO,20201229,2.7000,2.7600,2.5800,2.6800,54171
LABOPRINT,20201229,12.0000,12.0000,12.0000,12.0000,2
LARQ,20201229,1.8250,1.8250,1.6800,1.7500,54801
LENA,20201229,3.8400,3.9000,3.8400,3.8800,16409
LENTEX,20201229,11.2000,11.4000,10.9000,11.4000,24933
LIBET,20201229,2.4800,2.4800,2.4800,2.4800,5
LIVECHAT,20201229,105.0000,108.4000,104.6000,107.2000,22186
LMDSFIZ,20201229,1200.0000,1220.0000,1189.2000,1220.0000,48
LOKUM,20201229,12.4500,12.9000,12.2000,12.8000,5500
LOTOS,20201229,43.2500,43.8600,41.5100,42.0200,1031760
LPP,20201229,8000.0000,8400.0000,8000.0000,8210.0000,1971
LSISOFT,20201229,12.0000,12.4000,11.1500,11.2000,28245
LUBAWA,20201229,1.3100,1.3500,1.3000,1.3450,436071
MABION,20201229,19.7000,20.9500,19.5000,20.3000,45892
MAKARONPL,20201229,5.6000,5.7000,5.6000,5.7000,6402
MANGATA,20201229,62.5000,64.0000,62.0000,64.0000,1706
MARVIPOL,20201229,5.0000,5.1400,4.9900,5.0400,35546
MASTERPHA,20201229,3.8100,3.9600,3.5600,3.5600,35386
MAXCOM,20201229,12.1500,12.2000,11.9500,12.2000,8078
MBANK,20201229,188.2000,189.9000,185.0000,188.9000,61338
MBWS,20201229,5.8500,5.8500,5.7900,5.7900,102
MCI,20201229,15.2500,15.6000,15.2500,15.5000,19001
MDIENERGIA,20201229,3.2000,3.3500,3.2000,3.2400,11583
MEDIACAP,20201229,1.6500,1.8150,1.5800,1.5800,75494
MEDICALG,20201229,20.0000,22.2000,20.0000,22.2000,35983
MENNICA,20201229,19.0000,19.4000,19.0000,19.1000,3953
MERCATOR,20201229,376.0000,427.0000,368.0000,420.0000,162609
MERCOR,20201229,10.7000,11.1500,10.7000,10.9000,9294
MEXPOLSKA,20201229,1.3400,1.3500,1.3400,1.3500,3489
MFO,20201229,27.8000,28.2000,26.6000,28.2000,782
MILKILAND,20201229,0.6798,0.6799,0.6400,0.6700,73205
MILLENNIUM,20201229,3.3400,3.4400,3.3240,3.4140,2419617
MIRACULUM,20201229,1.1250,1.1250,1.1100,1.1250,23434
MIRBUD,20201229,3.2500,3.3800,3.2000,3.3800,667949
MLPGROUP,20201229,82.0000,83.0000,82.0000,83.0000,961
MLSYSTEM,20201229,81.8000,89.2000,81.8000,87.6000,64802
MOBRUK,20201229,230.0000,246.0000,228.0000,240.0000,11932
MOJ,20201229,1.1600,1.1600,1.1500,1.1500,2539
MOL,20201229,27.1800,27.6200,27.1800,27.3200,2720
MONNARI,20201229,1.9000,1.9650,1.8800,1.9600,55745
MOSTALPLC,20201229,9.0000,9.0000,9.0000,9.0000,459
MOSTALWAR,20201229,4.4500,4.7700,4.3900,4.7100,13981
MOSTALZAB,20201229,0.9840,1.0300,0.9840,1.0300,440870
MUZA,20201229,2.7000,2.8200,2.7000,2.8200,510
MWTRADE,20201229,1.8000,1.8700,1.8000,1.8700,1150
NANOGROUP,20201229,4.5400,4.6000,4.2200,4.5000,113898
NETIA,20201229,5.0800,5.1000,5.0200,5.0600,27762
NEUCA,20201229,652.0000,654.0000,638.0000,652.0000,3280
NEWAG,20201229,25.5000,26.4000,25.3000,26.0000,3014
NEXITY,20201229,18.7000,19.4000,18.2000,19.3000,1327
NOVAVISGR,20201229,1.8500,1.8500,1.7500,1.7500,11844
NOVITA,20201229,131.0000,134.0000,130.0000,133.0000,200
NTTSYSTEM,20201229,4.1400,4.7100,4.0800,4.6500,74063
OAT,20201229,53.2000,54.6000,52.4000,53.0000,83851
ODLEWNIE,20201229,4.9000,5.0200,4.9000,4.9500,1126
OEX,20201229,15.9000,16.4000,15.9000,16.4000,3071
OPENFIN,20201229,0.9000,0.9900,0.9000,0.9900,10609
OPERA3GR,20201229,235.9000,250.0000,235.9000,250.0000,10
OPONEO.PL,20201229,44.0000,44.0000,41.1000,42.0000,13765
OPTEAM,20201229,14.0000,14.0000,13.3000,14.0000,24685
ORANGEPL,20201229,6.6450,6.7550,6.4900,6.4900,2945673
ORCOGROUP,20201229,1.4000,1.4000,1.2700,1.3000,37294
ORZBIALY,20201229,12.8000,12.8000,12.6500,12.8000,315
OTLOG,20201229,3.7600,4.3400,3.7600,4.3000,24157
OTMUCHOW,20201229,1.6000,1.6900,1.5800,1.6900,7689
OVOSTAR,20201229,82.0000,82.0000,82.0000,82.0000,7
PAMAPOL,20201229,1.4200,1.4800,1.3600,1.4300,85064
PANOVA,20201229,10.3000,10.5500,10.3000,10.5000,468
PATENTUS,20201229,0.9920,0.9980,0.9600,0.9900,5917
PBKM,20201229,75.0000,76.0000,75.0000,76.0000,503
PCCEXOL,20201229,3.2500,3.3600,3.2500,3.3200,181470
PCCROKITA,20201229,52.0000,52.8000,50.8000,52.2000,4003
PCFGROUP,20201229,71.0000,72.4400,70.0200,71.3900,41119
PCFGROUP-PDA,20201229,70.3000,72.5000,70.0000,71.1600,26702
PEKABEX,20201229,16.3000,17.0000,16.3000,17.0000,23745
PEKAO,20201229,62.9800,63.7000,62.8000,63.1000,613416
PEMANAGER,20201229,15.4500,15.4500,15.1500,15.2000,220
PEP,20201229,51.6000,54.0000,51.6000,53.8000,7943
PEPEES,20201229,1.3600,1.3600,1.3400,1.3600,17710
PGE,20201229,6.3900,6.5280,6.3540,6.4280,1957993
PGNIG,20201229,5.5900,5.5960,5.4720,5.5200,1700391
PGO,20201229,1.3100,1.3450,1.3100,1.3450,13417
PGSSOFT,20201229,13.1000,13.1000,13.0000,13.0500,1135
PHARMENA,20201229,8.4000,8.9000,8.4000,8.7400,3916
PHN,20201229,11.0000,11.0000,10.8500,11.0000,8188
PKNORLEN,20201229,60.0000,61.0000,58.8400,59.2000,849821
PKOASZEWZ,20201229,98.2100,98.2100,98.2100,98.2100,10
PKOBP,20201229,29.9800,30.3100,29.5400,29.8300,1808941
PKOGS,20201229,91.6000,91.6000,90.1000,90.1000,941
PKPCARGO,20201229,13.9000,13.9200,13.6000,13.8600,77952
PLASTBOX,20201229,1.9250,1.9250,1.9200,1.9200,5110
PLAYWAY,20201229,643.0000,645.0000,627.0000,635.0000,4832
PLAZACNTR,20201229,1.5400,1.6300,1.5400,1.6300,822
PMPG,20201229,1.8500,2.0200,1.8500,2.0000,36257
POLICE,20201229,12.2000,12.2000,12.1000,12.2000,2405
POLIMEXMS,20201229,2.4500,2.9900,2.4500,2.9900,3460888
POLNORD,20201229,3.5250,3.5400,3.5250,3.5300,24382
POLWAX,20201229,3.8000,3.9000,3.7900,3.9000,46259
POZBUD,20201229,2.1900,2.2500,2.1400,2.2200,42494
PRAGMAFA,20201229,24.2000,24.2000,24.2000,24.2000,143
PRAGMAINK,20201229,5.6000,5.7400,5.5000,5.7400,1413
PRAIRIE,20201229,0.4500,0.4890,0.4460,0.4890,515432
PRIMETECH,20201229,1.2150,1.2150,1.1650,1.1650,3862
PROCHEM,20201229,18.7500,18.7500,18.7500,18.7500,2
PROJPRZEM,20201229,16.5000,16.5000,15.8500,15.8500,102
PROTEKTOR,20201229,3.2400,3.5400,3.2400,3.5200,33702
PROVIDENT,20201229,4.1900,4.3500,4.1900,4.3100,25984
PULAWY,20201229,84.6000,86.0000,84.4000,86.0000,1409
PUNKPIRAT,20201229,0.8100,0.8100,0.6700,0.7500,225484
PURE,20201229,112.5000,114.0000,109.0000,111.0000,3497
PURE-PDA,20201229,112.0000,113.0000,105.0000,108.0000,7768
PZU,20201229,32.6600,33.1800,32.6600,32.9000,1846736
PZUAKORD,20201229,120.7000,120.7000,120.6600,120.6600,400
QMULTIFIZ,20201229,1260.0000,1260.0000,1260.0000,1260.0000,19
QUERCUS,20201229,3.4600,3.6000,3.4600,3.5500,63960
R22,20201229,33.8000,34.6000,33.5000,34.4000,9246
RADPOL,20201229,2.3200,2.3200,2.2600,2.3200,58952
RAFAKO,20201229,0.8930,0.9560,0.8800,0.9500,714995
RAFAMET,20201229,14.3000,14.9000,14.3000,14.9000,16
RAINBOW,20201229,23.6000,24.6000,23.2000,23.2000,29220
RANKPROGR,20201229,1.8450,1.8450,1.7500,1.8000,19181
RAWLPLUG,20201229,8.7800,9.3000,8.5600,9.3000,3683
RCCOCOOPEN,20201229,86.7000,86.7000,86.7000,86.7000,25
RCESX5E06232,20201229,1088.0000,1088.0000,1088.0000,1088.0000,25
RCESX7E0621,20201229,699.0000,699.0000,696.0000,698.5000,573
RCESX7E0923,20201229,895.5000,895.5000,895.5000,895.5000,10
RCFL10GOLD,20201229,8.8400,8.9600,8.7900,8.9600,1177
RCFL10GOLD1,20201229,4.1900,4.1900,4.0500,4.0500,5360
RCFL10OIL2,20201229,14.2000,14.2000,14.2000,14.2000,210
RCFL2NAG2,20201229,3.2300,3.2300,3.2300,3.2300,3000
RCFL2PLAT1,20201229,9.3500,9.4500,9.3500,9.4100,508
RCFL3ALE,20201229,16.6200,16.6200,16.6200,16.6200,78
RCFL3ALR1,20201229,8.3000,8.3000,8.3000,8.3000,200
RCFL3BAS,20201229,24.5500,24.5500,24.5500,24.5500,70
RCFL3BMW,20201229,21.0000,21.0000,21.0000,21.0000,35
RCFL3CCC,20201229,0.1400,0.1400,0.1400,0.1400,1100
RCFL3CCC1,20201229,31.8000,34.2500,30.7000,31.8500,2298
RCFL3CDPRO1,20201229,22.6000,22.6000,22.0000,22.0000,250
RCFL3CDPRO2,20201229,2.1800,2.2100,2.0600,2.1600,3926
RCFL3COCO,20201229,5.0100,5.0100,5.0100,5.0100,30
RCFL3CORN,20201229,2.7100,2.7100,2.7100,2.7100,45
RCFL3CORN2,20201229,16.8000,17.0000,16.8000,17.0000,2
RCFL3EUH,20201229,0.7100,0.7600,0.7100,0.7600,8010
RCFL3EUH1,20201229,7.7300,7.7300,7.7300,7.7300,103
RCFL3GASO,20201229,1.1000,1.1000,1.1000,1.1000,1000
RCFL3GOLD,20201229,62.7000,63.3000,62.7000,63.3000,230
RCFL3GOLD1,20201229,11.9400,11.9400,11.9400,11.9400,200
RCFL3GOLD2,20201229,23.5000,23.5000,23.5000,23.5000,500
RCFL3JSW,20201229,0.6100,0.6100,0.5500,0.5500,114085
RCFL3LPP,20201229,111.0000,111.0000,111.0000,111.0000,100
RCFL3LTS1,20201229,0.3100,0.3200,0.3000,0.3000,180015
RCFL3MBK,20201229,1.5700,1.5700,1.5100,1.5400,42950
RCFL3MWIG40,20201229,7.0100,7.2100,7.0100,7.2100,195
RCFL3NAG,20201229,0.0500,0.0500,0.0400,0.0400,32849
RCFL3NAG2,20201229,1.2800,1.4600,1.2800,1.4600,20501
RCFL3OIL2,20201229,2.0500,2.1300,1.9800,2.1300,9300
RCFL3PALL3,20201229,1.0600,1.0600,1.0600,1.0600,222
RCFL3PEO,20201229,1.2700,1.2700,1.2600,1.2600,3450
RCFL3PEO1,20201229,15.0200,15.0200,15.0200,15.0200,100
RCFL3PGE1,20201229,11.4400,11.4400,11.4400,11.4400,400
RCFL3PKN,20201229,13.8800,13.8800,13.2400,13.2400,349
RCFL3PKO,20201229,5.4000,5.4000,5.2600,5.2600,2800
RCFL3PLAT1,20201229,6.1900,6.4000,6.1900,6.3500,5551
RCFL3PLAT2,20201229,12.7600,12.7600,12.4800,12.4800,200
RCFL3PZU,20201229,17.8000,18.0000,17.8000,18.0000,200
RCFL3SILVE,20201229,7.0400,7.0800,7.0000,7.0800,2400
RCFL3SILVE3,20201229,19.7800,19.7800,19.6800,19.6800,16
RCFL3TEN,20201229,6.0200,6.1700,6.0200,6.1700,860
RCFL3TPE,20201229,9.9600,9.9600,9.7200,9.9300,900
RCFL3W20,20201229,32.0000,32.3000,32.0000,32.3000,739
RCFL4CDPRO,20201229,1.3900,1.4200,1.2600,1.3600,352935
RCFL4CDPRO1,20201229,0.2200,0.2400,0.2200,0.2300,29572
RCFL4DNP,20201229,38.9500,38.9500,37.5000,37.5000,157
RCFL4GAMES,20201229,37.1000,37.3500,36.7500,37.3500,200
RCFL4GASO2,20201229,6.2500,6.2500,6.2500,6.2500,100
RCFL4KGH,20201229,14.6000,14.6000,14.6000,14.6000,270
RCFL4LPP,20201229,12.9600,12.9600,12.9600,12.9600,56
RCFL4NAG2,20201229,0.4700,0.4700,0.4700,0.4700,4660
RCFL4PEO1,20201229,7.6500,7.6600,7.6500,7.6600,1700
RCFL4PGN,20201229,0.5500,0.5500,0.5500,0.5500,1500
RCFL4PGN2,20201229,8.6500,8.6500,8.6500,8.6500,200
RCFL4PKN1,20201229,3.1100,3.1100,2.8700,2.8700,11000
RCFL4PKO,20201229,0.6500,0.6600,0.6500,0.6600,7600
RCFL4PLAT2,20201229,11.8200,12.4200,11.8200,12.4200,540
RCFL4PZU,20201229,0.9900,0.9900,0.9600,0.9700,23350
RCFL4PZU1,20201229,14.5600,14.5600,14.5600,14.5600,7000
RCFL4SILVE1,20201229,7.2000,7.2700,7.1200,7.1200,250
RCFL4SILVE2,20201229,10.3200,10.3600,10.2400,10.2400,890
RCFL5COPP,20201229,11.6800,11.6800,11.6800,11.6800,100
RCFL5GOLD,20201229,21.4500,21.6500,21.4500,21.6500,301
RCFL5GOLD1,20201229,11.5200,11.5200,11.5200,11.5200,18
RCFL5MWIG40,20201229,2.6500,2.7700,2.6500,2.7700,420
RCFL5NAG3,20201229,0.1700,0.1700,0.1700,0.1700,588
RCFL6GOLD1,20201229,10.4000,10.4000,10.2800,10.2800,300
RCFL6SILVE,20201229,1.8700,1.8700,1.7900,1.7900,11396
RCFL6SILVE2,20201229,11.9400,11.9800,11.9400,11.9800,2610
RCFL6SUGA,20201229,2.1600,2.1600,2.1600,2.1600,115
RCFL6W20,20201229,18.4200,18.6800,18.2200,18.2600,492
RCFL8COFF1,20201229,0.5000,0.5600,0.5000,0.5600,1200
RCFL9SILVE1,20201229,0.4900,0.4900,0.4700,0.4700,12000
RCFS10SILVE2,20201229,0.7700,0.8100,0.7700,0.8100,6057
RCFS2GAMES,20201229,3.4000,3.4000,3.4000,3.4000,2000
RCFS2W20,20201229,43.9500,43.9500,43.9000,43.9000,110
RCFS3ALR1,20201229,2.9400,2.9500,2.8700,2.9300,5505
RCFS3FDX,20201229,3.7700,3.8800,3.7700,3.8800,1120
RCFS3GAMES,20201229,1.4800,1.4800,1.4800,1.4800,36000
RCFS3KGH,20201229,0.0600,0.0600,0.0600,0.0600,500
RCFS3KGH1,20201229,2.5300,2.5300,2.5300,2.5300,2000
RCFS3NAG2,20201229,5.5700,5.5700,5.5700,5.5700,3000
RCFS3OIL,20201229,0.7300,0.7300,0.7300,0.7300,1200
RCFS3W20,20201229,18.1000,18.6800,18.0400,18.3400,2423
RCFS4CDPRO,20201229,0.0100,0.0100,0.0100,0.0100,4000
RCFS4CDPRO1,20201229,2.9000,3.1300,2.8000,2.9000,59242
RCFS4DNP,20201229,1.7000,1.7000,1.7000,1.7000,60
RCFS4ESX,20201229,0.2500,0.2600,0.2400,0.2600,20431
RCFS4FW203,20201229,3.8500,3.8500,3.8500,3.8500,400
RCFS4KGH1,20201229,1.4100,1.4300,1.3500,1.4000,16247
RCFS4LPP,20201229,1.0600,1.0600,0.9900,1.0100,15050
RCFS4PGN,20201229,0.5400,0.5400,0.5400,0.5400,50
RCFS4PKN,20201229,3.6000,3.6000,3.6000,3.6000,692
RCFS4PZU,20201229,3.6600,3.6600,3.6600,3.6600,218
RCFS4SILVE,20201229,0.1600,0.1600,0.1600,0.1600,7000
RCFS5FW20,20201229,1.6200,1.6600,1.6200,1.6600,20200
RCFS5FW202,20201229,1.2100,1.2500,1.2100,1.2500,1550
RCFS5SUGA,20201229,1.5200,1.5900,1.5200,1.5900,5600
RCFS6FW201,20201229,1.1900,1.2000,1.1900,1.2000,18280
RCFS6W201,20201229,1.0300,1.1100,1.0300,1.1100,19358
RCFS7NAG1,20201229,4.8900,4.8900,4.8900,4.8900,40
RCFS8OIL2,20201229,0.3400,0.3400,0.3400,0.3400,2082
RCGKOMP1222,20201229,1143.5000,1143.5000,1143.5000,1143.5000,20
RCGLDAOPEN,20201229,700.0000,715.0000,700.0000,715.0000,11
RCLNAGOPEN,20201229,1.2000,1.2500,1.2000,1.2500,14039
RCLOILAOPEN,20201229,16.1400,16.1400,16.1400,16.1400,2
RCNMBAOPEN,20201229,198.6000,198.6000,198.6000,198.6000,3
RCSILAOPEN,20201229,97.2000,97.5000,97.2000,97.5000,169
RCSOJAOPEN,20201229,62.5000,62.5000,62.5000,62.5000,4
RCTLGOLD22,20201229,16.0000,16.0000,16.0000,16.0000,400
RCTLKER1,20201229,1.8900,1.9100,1.8900,1.9000,6500
RCTSKRU1,20201229,3.9500,3.9500,3.8900,3.8900,650
REDAN,20201229,0.1880,0.1980,0.1810,0.1930,74982
REINO,20201229,1.3200,1.3900,1.3200,1.3900,224
RELPOL,20201229,5.7000,5.9800,5.5400,5.6000,72590
REMAK,20201229,10.2000,10.2000,9.9000,10.1500,20508
RONSON,20201229,1.3000,1.3500,1.3000,1.3000,95466
ROPCZYCE,20201229,23.0000,23.4000,23.0000,23.0000,1843
RYVU,20201229,47.8000,50.0000,47.8000,49.7000,5467
SANOK,20201229,19.1500,19.4500,19.0000,19.4000,8460
SANPL,20201229,192.0000,192.5000,188.5000,192.4000,46957
SANTANDER,20201229,11.8400,12.0800,11.6000,11.8720,25705
SANWIL,20201229,2.6200,2.7800,2.6200,2.7200,85431
SECOGROUP,20201229,12.8000,12.8000,12.6000,12.8000,1120
SEKO,20201229,9.1500,9.4500,9.1500,9.4500,1610
SELENAFM,20201229,18.0500,18.0500,17.8500,17.9500,1412
SELVITA,20201229,45.5000,47.1000,45.5000,47.0000,4773
SERINUS,20201229,0.2300,0.2340,0.2280,0.2300,2098473
SFINKS,20201229,0.3180,0.3180,0.3020,0.3150,62655
SILVAIR-REGS,20201229,7.4500,7.4500,7.4500,7.4500,1
SIMPLE,20201229,12.9000,12.9000,12.8000,12.9000,1471
SKARBIEC,20201229,25.7000,26.5000,25.5000,26.1000,9584
SKOTAN,20201229,1.5000,1.6850,1.5000,1.6550,115162
SKYLINE,20201229,0.7900,0.7900,0.7900,0.7900,20
SLEEPZAG,20201229,0.3000,0.3100,0.3000,0.3100,4293
SNIEZKA,20201229,88.2000,88.4000,87.8000,88.4000,575
SOLAR,20201229,3.6400,3.7500,3.5700,3.7400,5182
SONEL,20201229,9.7500,9.8000,9.6500,9.6500,1571
SOPHARMA,20201229,10.1000,10.4000,9.3000,9.3000,6115
STALEXP,20201229,3.2200,3.2400,3.1700,3.2300,31597
STALPROD,20201229,288.0000,300.0000,288.0000,296.0000,3864
STALPROFI,20201229,7.2400,7.2400,7.1600,7.2000,2536
STAPORKOW,20201229,2.6800,2.6800,2.6200,2.6200,3363
STARHEDGE,20201229,0.4080,0.4550,0.4080,0.4230,1570
SUNEX,20201229,5.0000,5.2400,4.9200,5.1600,106846
SUWARY,20201229,16.6000,16.6000,16.6000,16.6000,5
SWISSMED,20201229,6.5000,6.7000,6.2000,6.6400,32527
SYGNITY,20201229,8.3600,8.6400,8.2000,8.4800,70319
SYNEKTIK,20201229,26.8000,27.5000,26.5000,27.4000,6255
TALEX,20201229,11.5000,11.5000,11.2000,11.2000,345
TAURONPE,20201229,2.7400,2.7700,2.6800,2.7040,2637544
TBULL,20201229,27.3000,28.0000,26.5000,26.8000,5533
TERMOREX,20201229,1.1400,1.1600,1.1400,1.1600,50
TESGAS,20201229,4.1800,4.3800,4.1800,4.3400,16034
TIM,20201229,18.0000,18.1000,17.4500,18.0000,40635
TORPOL,20201229,12.1000,12.7500,12.1000,12.7000,76498
TOWERINVT,20201229,11.9000,11.9000,11.9000,11.9000,1249
TOYA,20201229,5.9200,6.0000,5.8000,5.8000,126473
TRAKCJA,20201229,1.8300,2.1600,1.8200,2.1000,1090627
TRANSPOL,20201229,2.7700,2.8000,2.7300,2.8000,18422
TRIGONPP7,20201229,48.3500,48.3500,48.3500,48.3500,1
TRITON,20201229,2.2600,2.4300,2.2600,2.4300,17960
TSGAMES,20201229,545.0000,549.0000,540.0000,542.0000,20502
ULMA,20201229,46.6000,47.0000,45.0000,47.0000,590
ULTGAMES,20201229,31.9000,32.6000,31.7000,32.4000,11208
UNIBEP,20201229,7.8200,8.3600,7.8200,8.1000,6707
UNICREDIT,20201229,34.9000,34.9000,34.6200,34.6200,152
UNIMA,20201229,2.7400,2.8600,2.7000,2.8600,520
UNIMOT,20201229,32.2000,33.4500,32.2000,33.4500,27220
URSUS,20201229,0.6500,0.6580,0.6350,0.6560,92549
VIGOSYS,20201229,575.0000,585.0000,575.0000,585.0000,87
VINDEXUS,20201229,4.4400,4.5000,4.4100,4.5000,10891
VISTAL,20201229,2.8400,2.9600,2.8400,2.9500,12756
VIVID,20201229,1.4260,1.6700,1.4260,1.6020,124411
VOTUM,20201229,11.7000,11.9500,11.7000,11.9500,5083
VOXEL,20201229,39.9000,40.6000,39.9000,40.1000,11577
VRG,20201229,2.6000,2.7100,2.6000,2.6900,73906
WARIMPEX,20201229,4.9700,4.9700,4.9700,4.9700,100
WASKO,20201229,1.1850,1.1950,1.1400,1.1750,87050
WAWEL,20201229,564.0000,580.0000,564.0000,576.0000,184
WIELTON,20201229,6.2900,6.5600,6.2800,6.5000,91880
WIKANA,20201229,2.3000,2.5600,2.2800,2.5600,11873
WIRTUALNA,20201229,88.0000,93.0000,87.2000,90.4000,23805
WITTCHEN,20201229,9.1000,9.2000,9.0000,9.1600,15275
WOJAS,20201229,4.7000,4.7000,4.4400,4.4800,862
WORKSERV,20201229,1.2700,1.3120,1.1820,1.2200,896495
XTB,20201229,17.9500,18.5500,17.7500,18.0000,1039444
XTPL,20201229,72.0000,72.4000,69.0000,71.6000,3760
ZAMET,20201229,0.7750,0.7850,0.7650,0.7850,17937
ZASTAL,20201229,33.0000,33.0000,32.0000,32.8000,313
ZEPAK,20201229,9.1800,9.3000,9.0800,9.1400,14108
ZPUE,20201229,145.0000,148.0000,143.5000,148.0000,638
ZREMB,20201229,0.6550,0.7200,0.6400,0.7100,27817
ZUE,20201229,3.4200,3.8000,3.3800,3.8000,24892
ZYWIEC,20201229,476.0000,486.0000,476.0000,486.0000,49
INVESTORMS,20201229,4327.9500,4345.5000,4327.9500,4345.5000,339238.271
MWIG40,20201229,3962.9100,4012.3500,3962.0100,4000.6400,219442.779
MWIG40TR,20201229,5248.6700,5312.3200,5248.6700,5298.6400,219442.779
SWIG80,20201229,15710.6900,15980.0200,15710.6900,15968.7800,55911.467
SWIG80DVP,20201229,25.5800,25.5800,25.5800,25.5800,55911.467
SWIG80TR,20201229,20383.6800,20733.1200,20383.6800,20718.5400,55911.467
WIG,20201229,57468.7500,57878.1700,57404.1100,57701.4000,1029112.888
WIG-BANKI,20201229,4906.8100,4954.5800,4872.7800,4916.7700,129754.550
WIG-BUDOW,20201229,3565.6400,3625.1500,3564.7500,3625.1500,19504.166
WIG-CEE,20201229,1275.3600,1281.9400,1275.3600,1277.0700,5200.708
WIG-CHEMIA,20201229,7748.0600,7825.6400,7689.8100,7737.1300,9158.727
WIG-ENERG,20201229,2003.8400,2034.4600,2003.8400,2021.2700,29353.193
WIG-ESG,20201229,9425.8800,9482.2600,9392.8100,9447.1200,946034.129
WIG-GORNIC,20201229,5778.1300,5813.1800,5722.2400,5727.3600,72010.467
WIG-INFO,20201229,3805.9300,3883.4800,3805.9300,3847.0000,14282.253
WIG-LEKI,20201229,4441.4400,4647.6400,4441.4400,4458.8600,22798.347
WIG-MEDIA,20201229,5792.9100,6019.6400,5748.0800,5927.1100,2783.953
WIG-MOTO,20201229,3945.0200,3982.6800,3930.8200,3981.7200,8276.529
WIG-NRCHOM,20201229,2381.4000,2392.3000,2375.2600,2386.3100,4033.219
WIG-ODZIEZ,20201229,5028.3900,5192.0700,5007.6400,5111.5100,58434.871
WIG-PALIWA,20201229,5099.5300,5135.8000,4997.6700,5024.3600,105482.419
WIG-POLAND,20201229,58905.4900,58989.4200,58870.5600,58989.4200,1020725.855
WIG-SPOZYW,20201229,3633.4600,3656.3700,3577.8400,3577.8400,5697.866
WIG-TELKOM,20201229,980.0800,981.1600,961.1000,980.4000,32706.999
WIG-UKRAIN,20201229,459.7100,460.3300,455.2200,455.2200,4361.477
WIG.GAMES,20201229,28760.5200,29080.8300,28687.3400,29017.8500,212493.334
WIG.MS-BAS,20201229,11493.7200,11590.3000,11363.0900,11426.7800,93842.173
WIG.MS-FIN,20201229,7601.9900,7684.2500,7565.1100,7607.7900,166741.895
WIG.MS-PET,20201229,6804.8400,6848.6100,6672.1100,6707.4200,112581.977
WIG20,20201229,2015.0200,2033.0300,2002.5800,2016.0100,726591.350
WIG20LEV,20201229,441.5600,449.4200,436.1600,442.0000,726591.350
WIG20SHORT,20201229,3532.6400,3554.6100,3500.7300,3530.8800,726591.350
WIG20TR,20201229,3704.1000,3716.8900,3672.6600,3692.4300,726591.350
WIG30,20201229,2348.9300,2365.3800,2335.7700,2349.5800,780378.131
WIG30TR,20201229,4248.4500,4248.4500,4238.8600,4246.6800,780378.131
WIGDIV,20201229,1103.0600,1108.7300,1101.0300,1102.1800,133859.295
WIGTECH,20201229,14524.9900,14544.4000,14515.2300,14544.4000,0.000
WIGTECHTR,20201229,14821.1300,14991.9200,14821.1300,14948.1800,0.000
