06MAGNA,20201009,2.7000,2.9600,2.5800,2.9600,934468
11BIT,20201009,480.0000,481.5000,463.0000,471.5000,3944
4FUNMEDIA,20201009,5.0000,5.0000,4.8000,4.9800,1154
ABPL,20201009,28.2000,28.2000,26.4000,26.6000,27215
ACAUTOGAZ,20201009,41.3000,41.3000,41.2000,41.2000,183
ACTION,20201009,4.2700,4.2700,3.9000,3.9800,136975
ADIUVO,20201009,6.2800,6.8800,5.6600,5.7200,20948
AGORA,20201009,6.0200,6.0200,5.9200,5.9800,15824
AGROTON,20201009,3.9600,3.9600,3.8000,3.8200,5573
AIGAMES,20201009,22.8000,22.8000,21.6000,21.7000,23245
AILLERON,20201009,6.6800,6.8000,6.5000,6.6400,16972
AIRWAY,20201009,1.9400,2.1000,1.8500,2.0000,2576733
ALIOR,20201009,14.2400,14.2500,13.7450,14.1900,413416
ALTA,20201009,1.0800,1.1500,1.0800,1.1500,12062
ALTUSTFI,20201009,0.9500,0.9500,0.8560,0.8860,13396
ALUMETAL,20201009,36.9000,36.9000,36.0000,36.0000,300
AMBRA,20201009,18.0000,18.1500,17.7000,18.1000,9130
AMICA,20201009,133.6000,135.8000,130.4000,131.0000,3304
AMREST,20201009,19.0000,19.1000,18.2000,18.4800,137588
APATOR,20201009,20.4000,20.4000,19.7000,19.8000,10816
APLISENS,20201009,11.0000,11.0000,10.3000,11.0000,1025
APSENERGY,20201009,1.7600,1.8000,1.7300,1.8000,9829
ARCHICOM,20201009,18.4000,18.6500,18.2000,18.5500,15727
ARCTIC,20201009,3.7700,3.7800,3.7000,3.7700,19515
ARTERIA,20201009,4.3000,4.3000,4.1400,4.1400,167
ARTIFEX,20201009,9.6600,10.0000,9.3800,9.8400,6391
ASBIS,20201009,5.1600,5.1600,5.0000,5.0600,108492
ASSECOBS,20201009,34.8000,34.8000,33.0000,33.8000,1056
ASSECOPOL,20201009,68.0000,68.7000,66.8000,66.8000,51478
ASSECOSEE,20201009,46.3000,46.7000,42.7000,46.2000,4481
ASTARTA,20201009,17.8500,17.9000,17.5500,17.8500,8183
ATAL,20201009,32.0000,32.2000,31.1000,31.8000,4233
ATENDE,20201009,3.0400,3.0600,2.9800,3.0600,3509
ATLANTAPL,20201009,6.3800,7.2000,6.2600,6.7000,8377
ATLANTIS,20201009,0.6880,0.6880,0.6720,0.6880,2951
ATMGRUPA,20201009,4.0500,4.0500,3.8600,4.0500,1793
ATREM,20201009,2.6000,2.6000,2.2400,2.3200,283440
AUTOCALLSX7E,20201009,582.5000,582.5000,582.5000,582.5000,50
AUTOPARTN,20201009,7.2000,7.2000,7.0600,7.1000,2617
BAHOLDING,20201009,0.5200,0.5280,0.4700,0.5200,136208
BBIDEV,20201009,3.4600,3.7200,3.2100,3.4000,28490
BEDZIN,20201009,8.8000,8.8000,8.4000,8.8000,123
BENEFIT,20201009,700.0000,708.0000,680.0000,680.0000,130303
BETACOM,20201009,11.3500,11.3500,11.2000,11.2000,25
BETAM40TR,20201009,50.3500,50.3700,49.8400,50.0900,1984
BETAW20LV,20201009,30.5000,30.7000,29.5400,30.2500,10544
BETAW20ST,20201009,434.5000,440.5000,434.5000,435.8000,792
BETAW20TR,20201009,28.0000,29.0250,27.9000,28.9100,7956
BIK,20201009,13.8000,13.8000,13.8000,13.8000,20
BIOMEDLUB,20201009,21.5000,23.6000,21.0000,22.1000,4497082
BIOTON,20201009,4.9500,5.0000,4.7000,4.7100,304982
BNPPBSK1022,20201009,980.0000,980.0000,980.0000,980.0000,22
BNPPPL,20201009,40.6000,41.0000,39.6000,40.0000,3269
BNPPSOGO1021,20201009,1053.0000,1053.0000,1053.0000,1053.0000,50
BNPPSOLE1221,20201009,1021.5000,1022.0000,1021.5000,1021.5000,70
BNPPSX5E0222,20201009,1005.5000,1005.5000,1005.5000,1005.5000,59
BOGDANKA,20201009,18.7000,18.7800,18.3800,18.6200,19651
BOOMBIT,20201009,20.6000,20.6000,19.8000,20.3500,18275
BORYSZEW,20201009,3.1700,3.1700,3.1200,3.1600,49075
BOS,20201009,5.7000,5.7000,5.1800,5.5000,17340
BOWIM,20201009,2.0200,2.0800,1.9800,2.0800,13175
BRASTER,20201009,0.7310,0.7580,0.6900,0.6990,253106
BUDIMEX,20201009,249.0000,250.5000,247.0000,248.0000,1591
BUMECH,20201009,1.9850,2.0400,1.9150,2.0300,13063
CCC,20201009,46.9600,46.9700,43.8600,45.7000,566163
CDPROJEKT,20201009,389.9000,389.9000,373.5000,378.2000,367450
CDRL,20201009,12.5500,12.5500,12.2000,12.4000,2927
CELTIC,20201009,6.6000,6.6000,6.6000,6.6000,142
CEZ,20201009,72.7000,73.1000,72.5000,73.0000,280
CFI,20201009,0.2150,0.2270,0.2100,0.2200,106391
CIECH,20201009,26.8000,27.0000,26.5000,26.7500,40731
CIGAMES,20201009,1.3500,1.3500,1.2840,1.3020,1784318
CITYSERV,20201009,7.8400,7.8500,7.8400,7.8500,200
CLNPHARMA,20201009,39.9500,40.3000,39.5000,39.9000,20073
CNT,20201009,13.5000,13.9000,13.5000,13.9000,431
COALENERG,20201009,0.5900,0.6300,0.5450,0.6050,52938
COGNOR,20201009,1.2600,1.2700,1.2100,1.2400,93617
COMARCH,20201009,204.0000,206.0000,200.0000,201.0000,618
COMP,20201009,59.4000,59.8000,59.4000,59.6000,2041
COMPERIA,20201009,2.1200,2.1400,2.0400,2.1400,3832
CORMAY,20201009,2.0800,2.2700,1.9500,2.0100,3955242
CPGROUP,20201009,6.2200,6.2200,6.0600,6.2200,650
CYFRPLSAT,20201009,27.2000,27.4600,26.8000,27.4200,232065
DATAWALK,20201009,187.0000,187.0000,176.0000,186.0000,6376
DEBICA,20201009,79.0000,79.8000,78.0000,78.2000,1024
DECORA,20201009,27.8000,28.0000,27.3000,27.6000,1515
DEKPOL,20201009,25.4000,25.4000,24.4000,25.2000,953
DELKO,20201009,18.0000,18.5000,16.4000,17.3000,118857
DEVELIA,20201009,1.7800,1.7800,1.7120,1.7300,790950
DGA,20201009,5.4000,5.4000,5.4000,5.4000,22
DIGITREE,20201009,6.5500,6.9000,6.5000,6.9000,2280
DINOPL,20201009,216.2000,219.8000,209.4000,215.2000,260019
DOMDEV,20201009,101.0000,102.0000,100.0000,101.5000,6746
DROZAPOL,20201009,1.7000,1.7900,1.7000,1.7000,2385
ECHO,20201009,4.1200,4.1400,4.1200,4.1200,20240
EDINVEST,20201009,3.5000,3.5000,3.5000,3.5000,6300
EFEKT,20201009,4.9000,4.9000,4.7600,4.9000,2680
EKOEXPORT,20201009,3.7500,3.8000,3.6000,3.7200,52813
ELBUDOWA,20201009,0.9450,1.0780,0.9100,0.9350,96175
ELEKTROTI,20201009,5.3800,5.4000,5.1000,5.2200,15865
ELEMENTAL,20201009,2.4200,2.4200,2.4150,2.4200,25249
ELKOP,20201009,0.2530,0.2570,0.2500,0.2570,52903
ELZAB,20201009,3.8800,4.0000,3.8000,3.8600,9685
EMCINSMED,20201009,15.1000,15.9000,15.1000,15.7000,1635
ENAP,20201009,1.4600,1.4600,1.4400,1.4600,354
ENEA,20201009,5.7900,5.7900,5.4800,5.5600,321947
ENELMED,20201009,14.3000,14.3000,14.3000,14.3000,230
ENERGA,20201009,8.3000,8.3100,8.3000,8.3000,269733
ENERGOINS,20201009,0.6800,0.7000,0.6300,0.7000,30604
ENTER,20201009,22.0000,22.0000,20.3000,20.8000,9553
ERBUD,20201009,19.4000,19.4000,18.8500,19.0000,2444
ERG,20201009,48.6000,49.8000,48.6000,49.6000,82
ESOTIQ,20201009,9.7200,9.9000,9.4200,9.9000,2955
ETFDAX,20201009,550.7000,550.7000,545.5000,545.5000,111
ETFSP500,20201009,134.7000,135.0000,133.7400,133.8600,1578
ETFW20L,20201009,213.3000,213.3000,208.1000,209.2000,1783
EUCO,20201009,4.6800,4.6800,4.3500,4.5000,7081
EUROCASH,20201009,14.1800,14.6000,13.8200,14.5000,345940
EUROHOLD,20201009,4.1600,4.2000,4.1600,4.2000,1145
EUROTEL,20201009,22.7000,22.7000,22.2000,22.7000,849
EVEREST,20201009,18.9000,20.8000,18.9000,20.8000,1492
FAMUR,20201009,1.6420,1.6860,1.6020,1.6600,204962
FASING,20201009,10.7500,10.9000,10.5000,10.9000,9918
FEERUM,20201009,12.0000,12.0000,11.5000,11.5000,8
FERRO,20201009,19.1500,19.1500,18.4000,18.5000,2108
FERRUM,20201009,3.7800,3.7800,3.7600,3.7800,10
FON,20201009,0.1200,0.1240,0.1170,0.1230,268784
FORTE,20201009,31.2500,31.8000,29.9000,30.7500,85306
GAMEOPS,20201009,32.2000,32.2000,30.7000,31.0000,2284
GAMFACTOR,20201009,18.5000,18.5000,17.4280,17.9800,5687
GAMFACTOR-PDA,20201009,16.7700,16.7700,15.1100,16.3000,18939
GETIN,20201009,0.7630,0.7630,0.7300,0.7440,373863
GETINOBLE,20201009,0.1874,0.1892,0.1830,0.1850,304698
GLCOSMED,20201009,7.9500,8.5000,7.5500,7.9500,752052
GPW,20201009,46.6500,46.8000,45.5500,46.5500,62612
GROCLIN,20201009,1.0400,1.0750,1.0300,1.0300,12572
GRODNO,20201009,12.5000,13.0500,12.0500,12.9000,186368
GRUPAAZOTY,20201009,25.7500,25.7500,24.7000,25.3500,89156
GTC,20201009,6.2800,6.3600,6.2200,6.3000,15671
HANDLOWY,20201009,36.1500,36.1500,35.3000,35.7000,9762
HARPER,20201009,24.9000,27.3000,23.3000,25.3000,299687
HELIO,20201009,10.4000,11.0000,10.4000,10.7000,331
HERKULES,20201009,1.2700,1.2700,1.1850,1.2300,3881
HUBSTYLE,20201009,1.0000,1.0000,0.9000,1.0000,18493
HYDROTOR,20201009,27.8000,28.0000,27.4000,27.4000,243
I2DEV,20201009,8.9500,9.2000,8.7500,8.7500,4208
IALBGR,20201009,0.2900,0.2980,0.2700,0.2740,31102
IDEABANK,20201009,1.4760,1.4760,1.4000,1.4180,112735
IDMSA,20201009,0.9050,0.9500,0.9000,0.9500,7342
IFCAPITAL,20201009,0.7200,0.7500,0.7000,0.7500,86205
IFIRMA,20201009,4.3700,4.5300,4.3500,4.4300,3252
IIAAV,20201009,61.3000,61.7500,61.3000,61.7500,100
IMCOMPANY,20201009,11.0000,11.3500,10.9500,11.3000,19023
IMMOBILE,20201009,2.6000,2.6000,2.3900,2.4200,41680
IMPEL,20201009,12.0000,12.2000,12.0000,12.2000,402
IMPERA,20201009,1.1900,1.1900,1.0500,1.1500,32526
IMS,20201009,2.3000,2.3300,2.2000,2.3300,15843
INC,20201009,9.5000,9.5200,8.7400,9.1000,230601
INGBSK,20201009,132.2000,132.2000,128.0000,131.0000,82691
INPRO,20201009,4.8000,4.8000,4.5400,4.8000,182
INSTALKRK,20201009,19.5500,19.5500,19.3500,19.4000,3062
INTERAOLT,20201009,15.7500,15.8000,15.5000,15.5000,4525
INTERCARS,20201009,237.0000,237.0000,232.0000,234.0000,913
INTERFERI,20201009,3.0000,3.1000,3.0000,3.0000,399
INTERSPPL,20201009,1.2350,1.2400,1.1450,1.2400,8518
INTLBCO31187,20201009,87.8000,87.8000,87.8000,87.8000,37
INTLBCO31708,20201009,64.0000,64.0000,64.0000,64.0000,63
INTLBCO31914,20201009,37.5000,37.6000,37.5000,37.6000,113
INTLBCO31989,20201009,28.0000,28.5500,28.0000,28.5500,99
INTLBCO31997,20201009,33.8500,33.8500,33.8500,33.8500,30
INTLBCO32896,20201009,26.4000,26.4000,24.5000,24.5500,710
INTLCCC28977,20201009,2.5600,2.5600,2.5000,2.5500,3865
INTLCCC30510,20201009,2.7700,2.7700,2.6900,2.6900,930
INTLCCC30999,20201009,1.5400,1.5400,1.5400,1.5400,1000
INTLCCC31476,20201009,1.3000,1.3000,1.1600,1.1600,5488
INTLCDR28969,20201009,19.2800,19.2800,19.2800,19.2800,52
INTLCDR30718,20201009,10.3000,10.3000,10.3000,10.3000,50
INTLCDR30973,20201009,8.9200,9.0100,8.9200,9.0100,355
INTLCDR31377,20201009,8.5800,8.5800,7.3700,8.0600,1771
INTLCDR33290,20201009,7.0100,7.0100,6.0000,6.0000,5046
INTLDAX32193,20201009,87.1000,87.1000,86.5000,86.5000,50
INTLDAX32821,20201009,54.8000,55.5000,54.0000,54.0000,263
INTLDAX32839,20201009,67.0000,67.0000,67.0000,67.0000,16
INTLDAX32946,20201009,43.6000,45.0500,43.6000,45.0500,293
INTLDAX34769,20201009,35.0500,35.6000,33.0000,33.5000,11083
INTLDNP32789,20201009,4.4700,4.8400,4.4700,4.8400,1500
INTLDNP34710,20201009,3.9300,4.2900,3.7500,4.2900,1100
INTLEUD33860,20201009,18.4600,19.2000,18.4600,19.2000,550
INTLEUR27599,20201009,19.5600,19.5600,18.7800,18.7800,100
INTLEUR28324,20201009,16.6400,16.6400,14.7200,14.7200,200
INTLEUR34603,20201009,11.9000,12.3400,11.9000,12.3400,600
INTLGBP34645,20201009,21.9000,21.9000,17.6200,17.6200,105
INTLGLD11726,20201009,284.0000,284.0000,284.0000,284.0000,122
INTLGLD23069,20201009,232.0000,232.0000,232.0000,232.0000,6
INTLGLD23903,20201009,206.0000,211.0000,206.0000,211.0000,60
INTLGLD30130,20201009,163.0000,164.4000,163.0000,164.4000,18
INTLGLD30866,20201009,143.0000,143.0000,143.0000,143.0000,5
INTLGLD31310,20201009,119.4000,119.4000,119.4000,119.4000,8
INTLGLD33092,20201009,95.7000,95.7000,95.7000,95.7000,5
INTLGLD33100,20201009,82.3000,88.4000,82.3000,87.8000,360
INTLGLD33456,20201009,41.2500,48.7000,41.2500,48.7000,1533
INTLGLD33464,20201009,55.7000,62.8000,55.7000,62.8000,1580
INTLGLD33472,20201009,68.5000,71.5000,68.5000,71.5000,301
INTLJSW28993,20201009,14.6800,14.6800,14.6800,14.6800,200
INTLJSW30569,20201009,15.0400,15.6000,14.6800,15.6000,390
INTLJSW32136,20201009,11.6200,12.7200,11.0000,12.5200,2895
INTLJSW34728,20201009,4.5200,5.4500,4.1800,5.3900,13196
INTLJSW34736,20201009,6.2000,7.2300,5.8900,7.2300,90
INTLKGH33936,20201009,21.0000,21.0000,21.0000,21.0000,140
INTLKGH33944,20201009,25.9500,26.5000,25.9500,26.5000,35
INTLKGH33951,20201009,29.0500,30.3500,29.0500,30.3500,215
INTLLTS34017,20201009,7.7400,7.7400,7.3600,7.3600,48
INTLNAG33076,20201009,2.1100,2.5600,2.1100,2.5600,2643
INTLNDX33167,20201009,67.8000,67.8000,67.8000,67.8000,40
INTLNDX33621,20201009,57.1000,58.2000,57.1000,58.2000,86
INTLNDX34777,20201009,45.3500,48.0000,45.3500,48.0000,285
INTLNKX00794,20201009,468.5000,468.5000,468.5000,468.5000,1
INTLPEO29421,20201009,14.5000,14.5000,14.5000,14.5000,100
INTLPEO29819,20201009,12.7400,12.7400,12.7000,12.7000,1483
INTLPEO30411,20201009,9.0600,9.1000,8.4200,8.4200,2116
INTLPGE29355,20201009,3.3200,3.3200,3.3200,3.3200,200
INTLPGE32029,20201009,2.1300,2.1300,1.9200,1.9400,8000
INTLPGE32292,20201009,1.5500,1.5700,1.4500,1.5700,3070
INTLPGE34660,20201009,1.2600,1.2600,1.2600,1.2600,1590
INTLPGN34678,20201009,0.8400,0.8600,0.8400,0.8600,3977
INTLPKN04101,20201009,14.3600,14.3600,14.3600,14.3600,20
INTLPKN05496,20201009,12.7200,12.7200,12.7200,12.7200,50
INTLPKN05835,20201009,10.2000,10.4000,10.2000,10.4000,131
INTLPKN06353,20201009,8.4000,8.4000,8.0000,8.0000,384
INTLPKN29835,20201009,6.4700,6.6000,5.7000,6.4000,3110
INTLPKO29413,20201009,8.7700,8.7700,8.7700,8.7700,115
INTLPKO30403,20201009,6.2600,6.3100,6.2500,6.2600,4400
INTLPKO30692,20201009,3.7200,3.8200,3.2200,3.8200,5682
INTLPLA29744,20201009,10.1000,10.1000,10.1000,10.1000,2140
INTLPLA30288,20201009,11.2600,11.2600,11.2600,11.2600,1884
INTLPLA31138,20201009,7.4000,7.7500,7.4000,7.7500,1000
INTLPLA33084,20201009,4.1700,4.8300,4.1400,4.8300,1449
INTLPLA34579,20201009,3.3900,3.5400,3.3900,3.5400,4955
INTLPZU14712,20201009,4.9900,5.2900,4.9000,4.9000,4966
INTLPZU15800,20201009,7.5800,7.6800,7.5800,7.6700,804
INTLPZU15941,20201009,3.9000,3.9000,3.6000,3.6000,2639
INTLPZU29371,20201009,3.3900,3.4800,3.2500,3.4800,2976
INTLSLV29249,20201009,53.8000,53.8000,53.8000,53.8000,100
INTLSLV29330,20201009,61.1000,61.1000,61.1000,61.1000,300
INTLSLV30890,20201009,39.8000,39.8000,39.8000,39.8000,30
INTLSLV31609,20201009,33.1000,34.2000,32.8500,34.2000,727
INTLSLV31617,20201009,35.2500,36.3500,35.2500,36.3500,130
INTLSLV31625,20201009,37.8000,37.9500,37.8000,37.9500,21
INTLSLV33340,20201009,13.9000,16.1800,13.9000,16.1800,5230
INTLSLV33357,20201009,17.0200,19.0000,17.0200,19.0000,2100
INTLSLV33365,20201009,20.1500,21.7500,20.0000,21.7500,350
INTLSLV33373,20201009,23.4000,23.4000,23.4000,23.4000,10
INTLSLV33381,20201009,25.6500,25.6500,25.4000,25.4000,300
INTLSPX30031,20201009,49.4500,49.4500,49.4500,49.4500,22
INTLSPX32284,20201009,31.7000,31.7500,31.6000,31.7500,480
INTLSPX32862,20201009,26.9000,26.9000,26.9000,26.9000,100
INTLSPX33894,20201009,21.5000,21.5000,21.4500,21.4500,124
INTLSPX34785,20201009,16.9600,17.0000,16.9000,17.0000,14151
INTLUSD20602,20201009,27.4500,27.4500,25.5000,25.5000,309
INTLUSD20610,20201009,34.1500,34.1500,30.8500,30.8500,2160
INTLUSD20826,20201009,38.0000,38.0000,36.3000,36.3000,252
INTLUSD20842,20201009,44.7500,44.7500,42.0000,42.0000,593
INTLUSD21170,20201009,23.4000,23.4000,20.2500,20.2500,1557
INTLUSD34256,20201009,17.8800,17.8800,15.1200,15.4000,3185
INTLUSD34637,20201009,11.4400,11.6000,9.5600,9.7800,27857
INTLW2028597,20201009,6.8700,6.8700,6.8700,6.8700,726
INTLW2028670,20201009,3.7800,3.8200,3.6400,3.8200,1860
INTLW2030585,20201009,2.5000,2.5100,2.4500,2.5100,2800
INTLW2030767,20201009,2.0000,2.0000,2.0000,2.0000,300
INTLW2030775,20201009,2.2500,2.2500,2.1300,2.1300,1756
INTLW2031492,20201009,1.6000,1.6700,1.6000,1.6700,3445
INTLW2031864,20201009,1.3200,1.4700,1.3200,1.4700,2754
INTLW2032177,20201009,1.1900,1.1900,0.9400,1.0500,45610
INTLW2032185,20201009,1.2300,1.2300,1.2300,1.2300,11131
INTLW2034751,20201009,0.9700,0.9800,0.7500,0.9200,134537
INTROL,20201009,4.7400,4.7800,4.3800,4.5800,69806
INTSBCO26351,20201009,149.6000,149.6000,149.6000,149.6000,5
INTSBCO28027,20201009,34.1000,35.6500,34.1000,35.4500,248
INTSBCO28308,20201009,28.0000,29.1000,27.0500,28.3000,4288
INTSBCO34447,20201009,14.5000,16.2800,13.9200,15.2400,592
INTSBCO34454,20201009,20.8000,20.8000,20.8000,20.8000,40
INTSCCC27888,20201009,5.5000,5.5000,5.5000,5.5000,300
INTSCCC34207,20201009,4.1100,4.3100,4.0900,4.0900,14915
INTSCDR34124,20201009,17.4800,18.5000,17.4800,17.9000,6912
INTSCDR34199,20201009,21.8500,21.8500,21.8500,21.8500,50
INTSCDR34249,20201009,14.0000,14.6000,14.0000,14.1800,11691
INTSDAX25783,20201009,37.4000,39.0000,36.0000,38.6000,6307
INTSDAX25825,20201009,49.8000,51.6000,49.8000,51.0000,492
INTSDAX26591,20201009,63.8000,64.9000,62.4000,62.4000,199
INTSDAX26609,20201009,76.6000,77.8000,76.4000,77.8000,4093
INTSDAX34330,20201009,25.0500,27.3000,24.1000,26.2000,24449
INTSDNP34074,20201009,6.7200,7.3600,6.7200,7.0200,20750
INTSDNP34082,20201009,8.9100,8.9100,8.7700,8.7700,201
INTSDOW27128,20201009,125.0000,125.0000,124.4000,124.8000,30
INTSESX28878,20201009,14.0400,14.0400,14.0400,14.0400,29
INTSEUD21246,20201009,18.4400,18.4400,17.7200,17.7200,1451
INTSEUR28340,20201009,23.5500,25.0000,23.5500,25.0000,89
INTSGLD33316,20201009,88.1000,88.1000,80.2000,80.2000,97
INTSGLD34504,20201009,62.2000,62.2000,56.0000,56.0000,91
INTSKGH33969,20201009,51.6000,51.6000,51.5000,51.5000,65
INTSLTS34041,20201009,22.1000,22.5000,21.8000,22.4500,4900
INTSNAG26344,20201009,5.0800,5.0800,5.0800,5.0800,187
INTSNDX33225,20201009,51.9000,51.9000,48.4500,48.4500,339
INTSNDX33233,20201009,64.3000,64.3000,64.3000,64.3000,50
INTSNDX33258,20201009,94.7000,94.7000,94.7000,94.7000,5
INTSNDX33647,20201009,146.4000,146.4000,146.4000,146.4000,2
INTSNDX34389,20201009,22.6000,23.0000,19.6000,19.6000,3685
INTSNDX34397,20201009,37.2500,37.2500,33.7500,33.7500,110
INTSNKX27086,20201009,76.5000,76.5000,76.5000,76.5000,2
INTSOPL05967,20201009,5.6000,5.6000,5.6000,5.6000,130
INTSPAL27805,20201009,124.2000,124.2000,104.6000,104.6000,4
INTSPEO32326,20201009,21.2000,21.2500,21.2000,21.2500,2000
INTSPGE26989,20201009,3.5400,3.6700,3.5400,3.6700,180
INTSPGE34157,20201009,2.4700,2.5000,2.4700,2.4800,7900
INTSPGN34033,20201009,1.0700,1.0700,1.0700,1.0700,1500
INTSPKN27300,20201009,52.6000,52.6000,52.6000,52.6000,19
INTSPKN34173,20201009,23.0000,23.0000,22.5000,22.5000,910
INTSPKO32300,20201009,8.9000,9.0000,8.7000,8.9400,1213
INTSPLA34488,20201009,6.2300,6.2600,6.2300,6.2600,55
INTSSLV33829,20201009,49.2000,49.2000,49.2000,49.2000,8
INTSSLV34546,20201009,10.1400,10.1400,8.3600,8.3600,951
INTSSPX34140,20201009,19.9400,19.9400,19.4800,19.4800,307
INTSSPX34413,20201009,13.9200,13.9200,13.5000,13.5000,200
INTSUSD32698,20201009,31.9000,31.9000,31.9000,31.9000,100
INTSW2019596,20201009,9.1100,9.1100,9.1100,9.1100,100
INTSW2028464,20201009,2.7500,2.7500,2.6900,2.6900,800
INTSW2028472,20201009,3.2000,3.2000,3.1800,3.1800,69000
INTSW2028480,20201009,3.7800,3.7800,3.7600,3.7600,491
INTSW2034264,20201009,1.4400,1.6400,1.4200,1.5000,13397
INTSW2034272,20201009,1.5600,1.8200,1.5600,1.8200,6842
INTSW2034280,20201009,1.9000,2.0000,1.9000,2.0000,1120
INTSW2034298,20201009,2.2100,2.2100,2.1400,2.1400,3426
INTSW2034306,20201009,2.5200,2.5200,2.3700,2.3700,2527
INVFIZ,20201009,950.0000,950.0000,950.0000,950.0000,3
INVPEFIZ,20201009,929.9800,929.9800,907.0000,907.1000,145
IPOPEMA,20201009,3.4600,3.5200,3.3600,3.5000,7761
ITMTRADE,20201009,0.1405,0.1520,0.1340,0.1500,16438
IZOBLOK,20201009,29.0000,30.5000,29.0000,30.0000,197
IZOLACJA,20201009,1.4500,1.4500,1.4400,1.4400,1800
IZOSTAL,20201009,2.1400,2.1500,2.0900,2.1100,81798
JSW,20201009,24.0000,24.8000,22.5600,24.4800,1762636
JWCONSTR,20201009,2.8700,2.9000,2.8700,2.9000,2655
K2INTERNT,20201009,17.6000,18.4000,16.7000,16.9000,4430
KCI,20201009,0.6920,0.7300,0.6920,0.7300,6863
KERNEL,20201009,39.7500,39.8000,39.1000,39.6000,33999
KETY,20201009,458.5000,463.0000,453.0000,454.5000,1463
KGHM,20201009,115.5000,119.9500,115.5000,119.9500,440087
KGL,20201009,16.0000,16.0500,15.7500,15.7500,1730
KINOPOL,20201009,6.5000,6.5000,6.4000,6.4500,936
KOGENERA,20201009,32.8000,32.8000,31.5000,32.7000,1126
KOMPAP,20201009,7.9000,7.9000,7.9000,7.9000,2229
KOMPUTRON,20201009,1.8950,1.8950,1.8500,1.8950,11437
KPPD,20201009,26.0000,26.0000,26.0000,26.0000,101
KREC,20201009,7.3400,7.3400,6.9000,7.0000,1706
KREDYTIN,20201009,10.4000,10.4000,10.0000,10.2000,825
KRKA,20201009,380.0000,380.0000,371.0000,371.0000,98
KRUK,20201009,135.0000,135.0000,128.2000,132.0000,37331
KRUSZWICA,20201009,53.0000,53.0000,52.8000,52.8000,159
KRVITAMIN,20201009,36.0000,38.9000,34.3000,37.2000,170952
KSGAGRO,20201009,1.1600,1.1600,1.0500,1.1400,43530
LABOPRINT,20201009,9.9600,9.9600,9.6000,9.9600,39
LARQ,20201009,2.2500,2.2500,2.0200,2.0200,12029
LENA,20201009,3.5000,3.5000,3.3800,3.4500,9152
LENTEX,20201009,8.9400,8.9400,8.6000,8.7000,45991
LIBET,20201009,2.0400,2.0800,2.0300,2.0500,63828
LIVECHAT,20201009,96.6000,96.6000,94.0000,94.9000,4472
LMDSFIZ,20201009,1110.0000,1110.0000,1110.0000,1110.0000,1
LOKUM,20201009,11.9500,11.9500,11.8000,11.9500,197
LOTOS,20201009,35.5000,35.6100,34.2900,34.8200,435667
LPP,20201009,6660.0000,6740.0000,6505.0000,6615.0000,2556
LSISOFT,20201009,13.8000,13.8000,13.3000,13.5500,2921
LUBAWA,20201009,1.3300,1.3950,1.2950,1.3100,787974
MABION,20201009,34.0000,34.8500,32.0500,32.4500,29820
MAKARONPL,20201009,5.8000,5.8500,5.7000,5.8500,7688
MANGATA,20201009,44.8000,44.8000,43.4000,44.0000,52
MARVIPOL,20201009,5.1000,5.1000,4.6100,4.9400,90210
MASTERPHA,20201009,4.5000,4.5000,4.3300,4.3300,2366
MAXCOM,20201009,12.0000,12.0000,11.5000,11.7000,2984
MBANK,20201009,174.9000,174.9000,167.7000,169.0000,25808
MBWS,20201009,5.9200,5.9200,5.6800,5.7000,2284
MCI,20201009,14.6500,14.7500,14.4000,14.6000,39643
MDIENERGIA,20201009,3.5500,3.7600,3.5100,3.6500,74711
MEDIACAP,20201009,2.2200,2.2200,2.1200,2.2200,1319
MEDICALG,20201009,22.2000,22.3000,21.1500,21.6000,11349
MENNICA,20201009,18.8000,18.9000,18.5000,18.8000,1250
MERCATOR,20201009,536.0000,568.0000,522.0000,558.0000,72360
MERCOR,20201009,10.3000,10.3500,10.2000,10.3000,4446
MEXPOLSKA,20201009,1.2500,1.2500,1.2500,1.2500,330
MFO,20201009,19.6000,19.7000,19.1000,19.4000,5864
MILKILAND,20201009,0.6880,0.7450,0.6250,0.7200,96157
MILLENNIUM,20201009,2.7800,2.8180,2.6900,2.7500,724328
MIRACULUM,20201009,1.1250,1.1450,1.1250,1.1450,15066
MIRBUD,20201009,2.3500,2.3500,2.2000,2.2400,353497
MLPGROUP,20201009,68.5000,73.0000,68.5000,69.0000,69
MLSYSTEM,20201009,75.2000,75.6000,71.2000,73.2000,44034
MOBRUK,20201009,280.0000,280.0000,264.0000,268.0000,177
MOJ,20201009,1.3400,1.3700,1.3400,1.3700,17947
MOL,20201009,20.8000,21.5600,20.8000,20.9200,55613
MONNARI,20201009,1.7900,1.7950,1.7650,1.7900,37871
MOSTALPLC,20201009,8.2600,8.2600,8.2600,8.2600,201
MOSTALWAR,20201009,4.5200,4.5900,4.4100,4.5900,1751
MOSTALZAB,20201009,0.8900,0.8940,0.8720,0.8940,88273
MUZA,20201009,2.4200,2.4200,2.4200,2.4200,300
MWTRADE,20201009,1.8300,1.8600,1.8100,1.8100,7193
NANOGROUP,20201009,3.3000,3.3200,3.0600,3.3200,2091
NETIA,20201009,4.5000,4.5000,4.4700,4.5000,5349
NEUCA,20201009,515.0000,516.0000,512.0000,515.0000,3099
NEWAG,20201009,25.7000,25.7000,24.5000,25.1000,3115
NOVAVISGR,20201009,2.0800,2.0800,1.9300,2.0600,8450
NOVITA,20201009,138.0000,138.0000,134.0000,134.0000,248
NOWAGALA,20201009,1.0000,1.0000,1.0000,1.0000,60400
NTTSYSTEM,20201009,2.7500,2.7500,2.6200,2.7100,5919
OAT,20201009,18.1000,18.7500,17.8000,18.6000,19217
ODLEWNIE,20201009,4.6000,4.6000,4.5000,4.5000,5253
OEX,20201009,15.0000,15.4000,15.0000,15.4000,1885
OPENFIN,20201009,0.7500,0.7500,0.7000,0.7180,28609
OPONEO.PL,20201009,29.2000,29.2000,28.5000,28.7000,1040
OPTEAM,20201009,25.4000,27.0000,24.6000,26.2000,1872
ORANGEPL,20201009,7.0500,7.0500,6.9450,7.0350,840073
ORZBIALY,20201009,11.0000,11.0000,10.5000,10.7500,653
OTLOG,20201009,5.2500,5.2500,5.0000,5.0000,6621
OTMUCHOW,20201009,1.2900,1.3600,1.2900,1.3600,6
OVOSTAR,20201009,62.0000,62.0000,62.0000,62.0000,4
PAMAPOL,20201009,1.3800,1.3900,1.3400,1.3400,7325
PANOVA,20201009,10.8500,10.8500,10.8500,10.8500,849
PATENTUS,20201009,0.9840,1.0200,0.9600,0.9780,26999
PBKM,20201009,76.8000,76.8000,74.6000,74.6000,40
PCCEXOL,20201009,4.6100,5.4400,4.3100,4.4500,3349383
PCCROKITA,20201009,44.2000,46.2000,44.0000,45.7000,6318
PEKABEX,20201009,14.0500,14.2000,13.6000,14.1500,5817
PEKAO,20201009,53.3000,53.3000,52.2000,52.5600,718991
PEMANAGER,20201009,10.0000,10.3000,9.5000,10.3000,2006
PEP,20201009,46.6000,47.9000,45.1000,46.8000,3789
PEPEES,20201009,1.3400,1.3800,1.3000,1.3800,19570
PGE,20201009,6.2000,6.2000,5.8100,5.9500,2326548
PGNIG,20201009,5.1500,5.2000,5.0180,5.1300,3401764
PGO,20201009,1.1100,1.1100,1.0800,1.1000,127882
PGSSOFT,20201009,11.7500,11.7500,10.7500,10.8500,9623
PHARMENA,20201009,11.5000,12.0000,11.0000,11.3000,13538
PHN,20201009,11.1500,11.3000,11.1500,11.1500,7180
PKNORLEN,20201009,46.4000,46.4000,44.9300,45.8300,1252860
PKOBP,20201009,22.4400,22.4400,21.6500,22.2500,2711407
PKPCARGO,20201009,11.0600,11.0600,10.5800,10.7000,157021
PLASTBOX,20201009,1.6600,1.7050,1.6600,1.7050,224396
PLAY,20201009,38.6400,38.7400,38.6200,38.6800,1503161
PLAYWAY,20201009,534.0000,534.0000,505.0000,520.0000,7048
PLAZACNTR,20201009,1.6200,1.7200,1.6200,1.7200,710
PMPG,20201009,1.8900,1.8900,1.8900,1.8900,1042
POLICE,20201009,12.0000,12.3000,12.0000,12.1000,382
POLIMEXMS,20201009,2.2400,2.2400,2.1200,2.1800,568178
POLNORD,20201009,3.0650,3.1950,3.0650,3.1200,10412
POLWAX,20201009,2.6600,2.8000,2.6500,2.8000,21267
POZBUD,20201009,1.9300,1.9300,1.7500,1.8000,129593
PRAGMAFA,20201009,28.4000,29.0000,26.0000,27.4000,8345
PRAGMAINK,20201009,7.9200,8.0000,7.7000,7.7000,3752
PRAIRIE,20201009,0.6200,0.6330,0.6000,0.6190,339135
PROCHEM,20201009,19.0000,19.0000,17.2000,18.2000,956
PROJPRZEM,20201009,16.5500,16.8500,16.0500,16.4000,3943
PROTEKTOR,20201009,6.0000,6.1000,4.9000,5.1500,619051
PROVIDENT,20201009,2.6000,2.6200,2.4900,2.5500,91521
PULAWY,20201009,79.8000,79.8000,78.0000,79.4000,783
PUNKPIRAT,20201009,0.7200,0.7200,0.6700,0.7100,82817
PZU,20201009,25.5900,25.5900,24.8800,25.0800,1581254
PZUAKORD,20201009,119.4900,119.4900,119.4900,119.4900,638
QUERCUS,20201009,3.4000,3.5000,3.4000,3.5000,48869
R22,20201009,31.3000,31.5000,30.5000,30.5000,8000
RADPOL,20201009,2.3200,2.3200,2.1900,2.2900,8961
RAFAKO,20201009,0.8600,0.8750,0.8400,0.8650,398468
RAINBOW,20201009,12.9000,13.1500,12.0500,12.4500,17366
RANKPROGR,20201009,1.6750,1.7200,1.6500,1.7200,9905
RAWLPLUG,20201009,7.9800,7.9800,7.5200,7.7800,44
RCCOCOOPEN,20201009,86.1000,86.1000,85.3000,85.3000,40
RCFL10GOLD,20201009,17.0000,18.2200,17.0000,18.2000,2939
RCFL10GOLD1,20201009,8.0100,8.5200,7.9800,8.5200,3475
RCFL2COFF3,20201009,8.3600,8.3600,8.3600,8.3600,1000
RCFL2CORN,20201009,3.7000,3.7000,3.6900,3.6900,3300
RCFL2OIL,20201009,2.3700,2.4000,2.3700,2.4000,1955
RCFL2PALL3,20201009,7.8000,7.8000,7.8000,7.8000,150
RCFL2SILVE,20201009,32.5000,32.5000,32.5000,32.5000,100
RCFL3ALR1,20201009,5.6400,5.9100,5.5900,5.8600,5312
RCFL3BOSS,20201009,0.1800,0.1800,0.1800,0.1800,10000
RCFL3CCC1,20201009,5.9500,6.4400,5.9500,6.3900,4300
RCFL3CDPRO1,20201009,81.0000,81.0000,78.6000,78.6000,70
RCFL3COFF3,20201009,6.7600,6.7600,6.6700,6.6700,4280
RCFL3EUH,20201009,0.9000,0.9300,0.9000,0.9300,7000
RCFL3GOLD,20201009,71.7000,71.7000,71.7000,71.7000,1
RCFL3GOLD2,20201009,26.4500,26.9500,26.4500,26.9500,490
RCFL3JSW,20201009,0.6500,0.7600,0.5900,0.7500,179625
RCFL3JSW1,20201009,22.5500,25.5500,21.0500,25.5500,2761
RCFL3LTS1,20201009,0.2200,0.2200,0.2100,0.2100,74863
RCFL3MBK,20201009,1.6200,1.6200,1.6200,1.6200,3000
RCFL3MSFIN,20201009,1.1900,1.1900,1.1900,1.1900,2000
RCFL3NAG2,20201009,4.0800,4.6000,4.0800,4.6000,1899
RCFL3PALL2,20201009,2.2200,2.2200,2.2200,2.2200,350
RCFL3PEO,20201009,0.8500,0.8500,0.8500,0.8500,21047
RCFL3PGE,20201009,0.1400,0.1400,0.1300,0.1400,56000
RCFL3PKN,20201009,7.4900,7.6300,7.3800,7.5500,1489
RCFL3PKO,20201009,2.5000,2.5000,2.4000,2.4200,10710
RCFL3PLAT2,20201009,8.8100,8.8100,8.8100,8.8100,200
RCFL3PZU,20201009,8.9300,9.0100,8.7900,8.7900,576
RCFL3RDGB,20201009,0.4300,0.4300,0.4300,0.4300,5000
RCFL3SILVE,20201009,6.4800,6.8900,6.4800,6.8900,1680
RCFL3SILVE3,20201009,18.4600,18.9200,18.4600,18.9200,100
RCFL3TPE,20201009,5.3300,5.3800,5.1600,5.2800,1040
RCFL3W20,20201009,20.5000,20.5000,19.9200,20.0000,9372
RCFL4CDPRO,20201009,40.0000,40.7500,37.9000,40.7500,766
RCFL4CDPRO1,20201009,6.6000,6.6000,6.6000,6.6000,100
RCFL4GAMES,20201009,64.1000,66.8000,63.0000,66.8000,946
RCFL4PALL2,20201009,1.4700,1.5900,1.4700,1.5800,1250
RCFL4PEO1,20201009,4.9800,4.9800,4.9800,4.9800,2355
RCFL4PGE,20201009,6.9600,7.7700,6.9600,7.7700,166
RCFL4PKN1,20201009,1.5700,1.6000,1.5700,1.5800,5729
RCFL4PKO,20201009,0.2400,0.2600,0.2300,0.2600,227222
RCFL4PKO1,20201009,5.5700,5.5700,5.5700,5.5700,1000
RCFL4PZU,20201009,0.4100,0.4200,0.4100,0.4100,25641
RCFL4SILVE2,20201009,9.7500,9.7500,9.7500,9.7500,400
RCFL4SILVE3,20201009,23.0500,23.0500,23.0500,23.0500,21
RCFL4SOY,20201009,10.7400,10.7400,10.7400,10.7400,70
RCFL5COCO1,20201009,1.0400,1.0400,1.0400,1.0400,480
RCFL5COPP,20201009,6.1900,6.4200,6.1900,6.4200,550
RCFL5CORN,20201009,2.6600,2.6600,2.6600,2.6600,100
RCFL5FW20,20201009,0.4500,0.4500,0.4500,0.4500,24500
RCFL5GOLD,20201009,27.0000,28.0500,27.0000,28.0500,451
RCFL5MSFIN,20201009,0.1000,0.1000,0.1000,0.1000,23850
RCFL5MSFIN2,20201009,3.7300,3.7300,3.7300,3.7300,1400
RCFL5MWIG40,20201009,1.7900,1.7900,1.7900,1.7900,999
RCFL5SBO1,20201009,7.9000,8.4700,7.9000,8.4700,870
RCFL5SILVE,20201009,1.6500,1.7300,1.6500,1.7200,3186
RCFL5W20,20201009,9.2900,9.2900,9.2900,9.2900,1000
RCFL6COFF3,20201009,5.5300,5.5300,5.5300,5.5300,100
RCFL6COPP1,20201009,7.0400,7.0400,7.0400,7.0400,850
RCFL6NAG1,20201009,0.0300,0.0300,0.0300,0.0300,10000
RCFL6PLAT2,20201009,3.8600,3.8900,3.8600,3.8900,1653
RCFL6SILVE,20201009,2.1300,2.3100,2.1000,2.3100,7649
RCFL6SILVE2,20201009,14.7000,15.6000,14.7000,15.6000,3638
RCFL6SUGA,20201009,1.9500,1.9700,1.8800,1.9700,6110
RCFL6W201,20201009,0.2700,0.2900,0.2700,0.2900,5422
RCFL6WHT2,20201009,8.1000,8.1000,8.1000,8.1000,16
RCFL8COFF1,20201009,0.4100,0.4900,0.4100,0.4900,7222
RCFODAOPEN,20201009,38.5000,38.5000,38.5000,38.5000,40
RCFS2KGH,20201009,5.1000,5.1000,4.8500,4.8500,342
RCFS2SILVE2,20201009,2.0500,2.0500,2.0500,2.0500,500
RCFS2W20,20201009,66.7000,66.7000,66.7000,66.7000,75
RCFS3ALR,20201009,56.5000,56.5000,55.5000,55.5000,1000
RCFS3CCC1,20201009,11.0000,11.0800,10.6400,10.6400,5050
RCFS3FDX,20201009,4.8900,4.9100,4.8700,4.8700,8620
RCFS3GAMES,20201009,1.4800,1.4900,1.4800,1.4900,1000
RCFS3KGH,20201009,0.2600,0.2600,0.2500,0.2500,131000
RCFS3LPP1,20201009,10.2800,10.4200,9.9700,9.9700,180
RCFS3PALL4,20201009,1.1200,1.1200,1.0800,1.0800,11700
RCFS3PGE,20201009,1.6400,1.6400,1.5800,1.5800,40800
RCFS3PGN,20201009,5.3100,5.3100,5.3100,5.3100,120
RCFS3SILVE3,20201009,12.7000,12.7000,12.7000,12.7000,1500
RCFS3TPE,20201009,1.0500,1.0500,1.0200,1.0300,92500
RCFS3W20,20201009,35.2000,35.2000,35.2000,35.2000,339
RCFS4CDPRO1,20201009,2.3500,2.3500,2.2700,2.2700,1060
RCFS4ESX,20201009,0.4600,0.4600,0.4600,0.4600,17500
RCFS4PGN,20201009,1.3900,1.4400,1.3900,1.4400,836
RCFS4PZU,20201009,16.0000,16.0000,16.0000,16.0000,1000
RCFS4SILVE1,20201009,0.5300,0.5300,0.5300,0.5300,8939
RCFS5COPP,20201009,1.9000,1.9000,1.9000,1.9000,500
RCFS5NAG1,20201009,1.1700,1.1700,1.1700,1.1700,796
RCFS5SUGA,20201009,2.6700,2.7200,2.5600,2.6100,3920
RCFS6COPP1,20201009,2.5000,2.5000,2.5000,2.5000,200
RCFS6FW201,20201009,5.4500,5.4500,5.4500,5.4500,1000
RCFS6OIL3,20201009,6.8900,7.0200,6.8900,7.0200,375
RCFS6W201,20201009,4.5900,4.6700,4.5900,4.6700,1933
RCGKOMP1222,20201009,1115.0000,1115.0000,1115.0000,1115.0000,9
RCGLDAOPEN,20201009,733.0000,733.0000,733.0000,733.0000,8
RCGSXHC0122,20201009,1157.5000,1157.5000,1157.5000,1157.5000,10
RCGTECBSK0222,20201009,1092.5000,1092.5000,1092.5000,1092.5000,50
RCGTECBSK0322,20201009,1017.5000,1017.5000,1017.5000,1017.5000,50
RCLNAGOPEN,20201009,1.7600,1.7600,1.7600,1.7600,70000
RCLOILAOPEN,20201009,14.2200,14.2200,14.1400,14.1400,5595
RCLOILAOPEN1,20201009,159.6000,159.6000,159.6000,159.6000,100
RCNIKAOPEN,20201009,85.1000,85.1000,85.1000,85.1000,10
RCRBSPX1122,20201009,667.0000,667.0000,667.0000,667.0000,190
RCSDAXOPEN,20201009,85.9000,86.0000,85.9000,86.0000,145
RCTLCORN06,20201009,3.1500,3.1500,3.1500,3.1500,3485
RCTLSOY04,20201009,18.8400,18.8400,18.8400,18.8400,5
REDAN,20201009,0.1800,0.1920,0.1800,0.1920,1697
REINO,20201009,1.4800,1.4800,1.4800,1.4800,2
RELPOL,20201009,5.2800,5.3000,5.1000,5.1600,29636
REMAK,20201009,10.7000,10.7000,10.1500,10.6000,817
RONSON,20201009,1.4200,1.4300,1.3700,1.4300,17285
ROPCZYCE,20201009,22.5000,22.7000,22.4000,22.5000,336
RYVU,20201009,58.4000,60.0000,55.8000,56.4000,8224
SANOK,20201009,13.0500,13.1500,12.7500,13.1500,4874
SANPL,20201009,152.2000,154.1000,146.5000,148.0000,52600
SANTANDER,20201009,7.6700,7.7200,7.4000,7.6030,36354
SANWIL,20201009,5.0000,5.2500,4.8000,4.9800,288394
SECOGROUP,20201009,14.1000,14.1000,14.1000,14.1000,841
SEKO,20201009,8.9500,9.0500,8.9500,8.9500,254
SELENAFM,20201009,14.0000,14.0500,13.3000,14.0500,4208
SELVITA,20201009,43.7000,43.9000,42.5000,43.6000,4451
SERINUS,20201009,0.3620,0.3680,0.3560,0.3660,112766
SESCOM,20201009,30.4000,30.4000,29.0000,29.4000,238
SFINKS,20201009,0.4100,0.4100,0.3700,0.3700,62269
SIMPLE,20201009,10.8000,10.8000,10.1000,10.2000,3580
SKARBIEC,20201009,26.3000,26.3000,25.3000,25.5000,3230
SKOTAN,20201009,1.9700,1.9700,1.9400,1.9400,6401
SKYLINE,20201009,0.6600,0.6600,0.6600,0.6600,20
SLEEPZAG,20201009,0.3720,0.3720,0.3720,0.3720,726
SNIEZKA,20201009,90.8000,90.8000,88.0000,90.2000,63
SOLAR,20201009,3.6100,3.8000,3.6100,3.8000,10702
SONEL,20201009,9.7000,9.7000,9.3500,9.4500,2745
STALEXP,20201009,2.9200,2.9700,2.8400,2.9000,105379
STALPROD,20201009,200.0000,200.0000,190.0000,190.0000,2673
STALPROFI,20201009,5.8800,5.8800,5.5600,5.7600,12426
STAPORKOW,20201009,2.8000,2.8000,2.7000,2.7000,2621
STARHEDGE,20201009,0.4450,0.4820,0.4450,0.4820,1067
SUNEX,20201009,5.0800,5.0800,4.8000,4.8600,101423
SUWARY,20201009,16.6000,16.6000,16.6000,16.6000,25
SWISSMED,20201009,2.9800,2.9900,2.9800,2.9800,7735
SYGNITY,20201009,7.8200,8.0000,7.7600,7.8000,13149
SYNEKTIK,20201009,25.5000,29.8000,25.5000,28.3000,53021
TALEX,20201009,11.5000,11.5000,11.4000,11.4000,100
TATRY,20201009,167.0000,167.0000,167.0000,167.0000,40
TAURONPE,20201009,2.2540,2.2540,2.0520,2.0820,8529272
TBULL,20201009,23.2000,23.2000,22.0000,22.0000,4381
TERMOREX,20201009,1.1500,1.5000,1.1500,1.5000,27904
TESGAS,20201009,4.4000,4.7000,4.2800,4.4800,175041
TIM,20201009,13.0000,13.0000,12.3000,12.7000,45128
TORPOL,20201009,11.3000,11.3000,10.8000,10.9000,71678
TOYA,20201009,7.7000,7.8600,7.6800,7.7600,24137
TRAKCJA,20201009,1.6600,1.6600,1.5920,1.6100,148349
TRANSPOL,20201009,2.9500,2.9500,2.9100,2.9400,4755
TRIGONPP4,20201009,42.9000,42.9000,42.9000,42.9000,11
TRITON,20201009,2.2800,2.3800,2.2200,2.2200,18062
TSGAMES,20201009,550.0000,564.0000,541.0000,562.0000,10723
ULMA,20201009,47.6000,49.4000,47.6000,49.4000,208
ULTGAMES,20201009,29.5000,30.3000,28.9000,29.9000,6660
UNIBEP,20201009,7.2800,7.2800,7.0600,7.2400,2706
UNIMA,20201009,3.0800,3.0800,2.9800,3.0200,10398
UNIMOT,20201009,33.2000,33.2000,30.6000,32.5000,29456
URSUS,20201009,0.5440,0.5500,0.5210,0.5300,135168
VENTUREIN,20201009,1.8000,1.8000,1.6300,1.6400,15262
VIGOSYS,20201009,555.0000,555.0000,550.0000,550.0000,253
VINDEXUS,20201009,4.8000,4.8000,4.7300,4.8000,545
VISTAL,20201009,3.6000,3.6100,3.4000,3.5350,27502
VIVID,20201009,1.9000,1.9300,1.8300,1.9200,84059
VOTUM,20201009,12.9000,13.0000,12.6000,12.9500,8095
VOXEL,20201009,43.4000,47.7000,43.2000,45.5000,22767
VRG,20201009,2.4400,2.4400,2.3900,2.3900,98521
WARIMPEX,20201009,5.2000,5.2000,5.2000,5.2000,800
WASKO,20201009,1.3550,1.3750,1.3000,1.3450,46020
WAWEL,20201009,556.0000,560.0000,556.0000,556.0000,73
WIELTON,20201009,4.0100,4.0100,3.9000,3.9800,64486
WIKANA,20201009,2.4000,2.4400,2.3600,2.4400,2697
WIRTUALNA,20201009,67.8000,67.8000,65.6000,65.8000,2277
WITTCHEN,20201009,7.3200,7.3200,7.1400,7.1800,3223
WOJAS,20201009,4.3400,4.3400,4.1200,4.3000,145
WORKSERV,20201009,0.9490,0.9840,0.8550,0.9600,774939
XTB,20201009,15.7000,15.8000,15.2500,15.5000,685794
XTPL,20201009,83.0000,83.2000,75.0000,80.0000,7492
ZAMET,20201009,0.9250,0.9250,0.9250,0.9250,25010
ZASTAL,20201009,18.5000,18.5000,16.6000,18.0000,1429
ZEPAK,20201009,10.4000,10.6000,10.2000,10.4500,12733
ZPUE,20201009,156.5000,156.5000,144.0000,148.0000,1531
ZREMB,20201009,0.8000,0.8000,0.7600,0.7900,513
ZUE,20201009,3.7600,3.7600,3.5000,3.7000,7888
INVESTORMS,20201009,3873.9600,3896.0700,3873.9600,3896.0700,453066.761
MWIG40,20201009,3614.3900,3615.5400,3565.3000,3586.5200,303146.967
MWIG40DVP,20201009,63.1100,63.1100,63.1100,63.1100,303146.967
MWIG40TR,20201009,4787.0700,4787.0700,4722.4100,4750.1500,303146.967
SWIG80,20201009,14121.2400,14145.1200,13905.7400,13938.1600,58709.310
SWIG80DVP,20201009,264.8600,264.8600,264.8600,264.8600,58709.310
SWIG80TR,20201009,18225.4000,18242.2600,17956.4200,17998.2900,58709.310
WIG,20201009,49612.4300,49612.4300,48752.0100,49191.0900,1069136.437
WIG-BANKI,20201009,3894.8900,3894.8900,3793.2900,3851.6000,129513.505
WIG-BUDOW,20201009,3015.9700,3016.6300,2978.1300,2991.2900,6927.662
WIG-CEE,20201009,1082.3500,1087.4900,1082.3500,1084.4800,3450.320
WIG-CHEMIA,20201009,6904.1700,6923.6700,6798.2300,6887.9500,3676.589
WIG-ENERG,20201009,1837.7200,1837.7200,1741.5500,1767.1700,39490.654
WIG-ESG,20201009,8134.2500,8134.2500,7985.2300,8063.0200,969516.336
WIG-GORNIC,20201009,3686.6600,3788.3100,3674.1100,3788.3100,94273.414
WIG-INFO,20201009,3824.2100,3835.7100,3744.6400,3756.5900,6105.950
WIG-LEKI,20201009,6750.4600,7027.9100,6667.6600,6746.2500,112659.409
WIG-MEDIA,20201009,4713.6900,4713.6900,4597.7500,4611.8800,414.013
WIG-MOTO,20201009,3801.1200,3801.1200,3732.9000,3764.1800,464.601
WIG-NRCHOM,20201009,2153.7900,2165.8300,2130.6800,2147.5000,3474.255
WIG-ODZIEZ,20201009,3889.9700,3904.4600,3788.6700,3848.6300,62317.577
WIG-PALIWA,20201009,4186.2200,4197.4000,4087.5000,4156.6700,91719.765
WIG-POLAND,20201009,49847.6100,50301.4100,49847.6100,50301.4100,1064700.694
WIG-SPOZYW,20201009,3000.4400,3007.8200,2966.4100,2998.1800,8322.575
WIG-TELKOM,20201009,906.2200,909.9000,898.4500,909.3600,70295.532
WIG-UKRAIN,20201009,333.8000,336.0400,333.8000,336.0400,1801.471
WIG.GAMES,20201009,31895.4600,31895.4600,30929.8600,31555.4000,152752.025
WIG.MS-BAS,20201009,8928.5600,8955.9000,8646.9100,8815.9100,127258.929
WIG.MS-FIN,20201009,5948.8600,5948.9700,5778.2900,5861.4800,150785.555
WIG.MS-PET,20201009,5703.8800,5728.0000,5580.2200,5666.8200,92884.373
WIG20,20201009,1718.4500,1718.4500,1679.0100,1698.9100,677524.731
WIG20DVP,20201009,7.5000,7.5000,7.5000,7.5000,677524.731
WIG20LEV,20201009,326.5600,326.5600,311.5600,319.1300,677524.731
WIG20SHORT,20201009,4210.4100,4306.8800,4210.4100,4258.2000,677524.731
WIG20TR,20201009,3132.0100,3132.0100,3069.8900,3106.2700,677524.731
WIG30,20201009,1971.3000,1971.3000,1932.5100,1954.5200,713660.205
WIG30TR,20201009,3487.2400,3526.9500,3487.2400,3526.9500,713660.205
WIGDIV,20201009,986.7900,986.9900,974.8500,978.7600,88542.455
WIGTECH,20201009,14609.8900,14632.1000,14418.6800,14497.3600,0.000
