11BIT,20201008,465.5000,482.5000,465.5000,482.5000,6331
4FUNMEDIA,20201008,5.0000,5.0000,4.8000,4.8000,622
ABPL,20201008,28.1000,28.1000,27.4000,27.7000,6578
ACAUTOGAZ,20201008,41.4000,41.8000,41.3000,41.3000,56
ACTION,20201008,4.4700,4.5800,4.1900,4.2800,54262
ADIUVO,20201008,5.8600,6.3000,5.8600,6.3000,16703
AGORA,20201008,6.1800,6.2200,6.0800,6.1000,7208
AGROTON,20201008,3.8900,3.9600,3.7600,3.9600,7167
AIGAMES,20201008,22.8000,24.1000,22.5000,22.7000,23621
AILLERON,20201008,6.8000,6.8600,6.6600,6.8000,6004
AIRWAY,20201008,1.7300,1.9400,1.6800,1.9000,1672018
ALIOR,20201008,15.0200,15.3950,13.8300,14.2400,1170943
ALTA,20201008,1.1400,1.1400,1.1400,1.1400,3150
ALTUSTFI,20201008,0.9760,1.0050,0.9200,0.9520,24472
ALUMETAL,20201008,35.6000,36.9000,35.6000,36.9000,5092
AMBRA,20201008,18.8500,18.8500,18.2500,18.3500,2775
AMICA,20201008,137.6000,138.0000,132.6000,133.6000,2263
AMREST,20201008,20.2500,20.5000,18.7200,19.0000,453509
APATOR,20201008,20.6000,20.6000,20.2000,20.4000,790
APLISENS,20201008,11.1000,11.1000,10.6000,11.0000,253
APSENERGY,20201008,1.8100,1.8100,1.7500,1.7800,4737
ARCHICOM,20201008,16.7500,17.7000,16.7500,17.6000,34315
ARCTIC,20201008,3.8700,3.8700,3.7700,3.7800,5221
ARTERIA,20201008,4.4800,4.4800,4.3000,4.3000,1780
ARTIFEX,20201008,10.6000,11.1500,10.0000,10.0000,56294
ASBIS,20201008,5.2700,5.2800,5.1000,5.1100,85041
ASSECOBS,20201008,34.2000,34.6000,34.2000,34.2000,238
ASSECOPOL,20201008,68.3000,68.5000,67.4000,68.0000,49400
ASSECOSEE,20201008,48.7000,48.9000,46.3000,46.3000,1754
ASTARTA,20201008,18.2000,18.7000,17.4000,18.2000,17415
ATAL,20201008,31.9000,32.0000,31.1000,32.0000,3445
ATENDE,20201008,3.0600,3.0800,2.9800,3.0000,19869
ATLANTAPL,20201008,6.3000,6.5000,6.3000,6.5000,5853
ATLANTIS,20201008,0.6880,0.6900,0.6720,0.6880,2610
ATMGRUPA,20201008,4.0400,4.0500,3.8800,4.0000,1880
ATREM,20201008,1.9800,2.3800,1.9400,2.3800,84684
AUTOPARTN,20201008,7.3000,7.3000,7.0800,7.1400,13834
BAHOLDING,20201008,0.5280,0.5290,0.5000,0.5280,63494
BBIDEV,20201008,3.5100,3.7000,3.4500,3.4600,1127
BEDZIN,20201008,8.8000,8.8000,8.4000,8.8000,95
BENEFIT,20201008,711.0000,711.0000,688.0000,689.0000,3539
BETACOM,20201008,10.8000,10.8000,10.8000,10.8000,430
BETAM40TR,20201008,51.4200,51.4200,50.6100,50.6300,2027
BETAW20LV,20201008,32.0000,32.0000,30.5700,30.8700,4000
BETAW20ST,20201008,426.2000,432.9000,425.0000,431.7000,1496
BETAW20TR,20201008,29.6200,29.6200,29.2000,29.2550,2178
BIK,20201008,12.9500,12.9500,12.9000,12.9000,225
BIOMEDLUB,20201008,20.2000,21.3000,19.8000,20.9000,2637413
BIOTON,20201008,4.9300,5.1400,4.6100,4.9400,572484
BNPPBSK10521,20201008,593.5000,595.0000,593.5000,595.0000,370
BNPPENDL0422,20201008,1000.5000,1000.5000,1000.5000,1000.5000,38
BNPPENDL0622,20201008,997.5000,997.5000,997.5000,997.5000,50
BNPPENDL1023,20201008,1053.0000,1053.0000,1053.0000,1053.0000,119
BNPPENDL1221,20201008,1045.0000,1045.0000,1045.0000,1045.0000,500
BNPPPL,20201008,41.0000,41.0000,40.8000,41.0000,2599
BNPPSOLE1221,20201008,1021.5000,1021.5000,1021.5000,1021.5000,60
BNPPSX7E0321,20201008,614.5000,614.5000,614.5000,614.5000,50
BOGDANKA,20201008,18.6800,18.7800,18.4000,18.6600,58160
BOOMBIT,20201008,21.0000,21.2000,20.5000,20.5000,48221
BORYSZEW,20201008,3.1800,3.1850,3.1400,3.1700,41994
BOS,20201008,5.8000,5.8000,5.6000,5.6200,6189
BOWIM,20201008,1.9800,2.0200,1.9800,2.0200,8148
BPHFIZMLI,20201008,95.0000,95.0000,95.0000,95.0000,2
BRASTER,20201008,0.7180,0.7640,0.6530,0.7240,548045
BUDIMEX,20201008,260.5000,262.0000,250.0000,250.0000,4026
BUMECH,20201008,2.0000,2.0400,2.0000,2.0400,3471
CCC,20201008,51.3000,51.6800,46.5600,46.8000,584907
CDPROJEKT,20201008,381.2000,388.9000,379.9000,388.9000,363144
CDRL,20201008,13.1000,13.1000,12.5500,13.0000,1408
CELTIC,20201008,6.6000,6.6000,6.6000,6.6000,40
CEZ,20201008,77.7000,77.7000,72.6000,72.8000,459
CFI,20201008,0.2290,0.2290,0.2200,0.2220,32110
CIECH,20201008,27.7500,27.7500,26.4500,26.8000,32949
CIGAMES,20201008,1.4000,1.4200,1.3200,1.3560,1632294
CITYSERV,20201008,7.3500,7.7500,7.3500,7.7500,807
CLNPHARMA,20201008,40.2500,40.5500,39.8500,40.0000,20236
CNT,20201008,13.9000,13.9000,13.8000,13.9000,171
COALENERG,20201008,0.6400,0.6400,0.5900,0.6300,33950
COGNOR,20201008,1.2850,1.2900,1.2400,1.2700,75744
COMARCH,20201008,208.0000,208.0000,204.0000,204.0000,1081
COMP,20201008,59.8000,60.0000,59.4000,59.8000,994
CORMAY,20201008,1.7350,2.1900,1.7300,2.0000,5180895
CPGROUP,20201008,6.3400,6.3400,6.2000,6.2000,5531
CYFRPLSAT,20201008,27.4600,27.5800,26.9800,27.2600,316423
CZTOREBKA,20201008,0.5450,0.5450,0.5450,0.5450,500
DATAWALK,20201008,192.0000,192.0000,185.0000,188.0000,6237
DEBICA,20201008,79.6000,81.0000,76.2000,80.8000,1938
DECORA,20201008,29.7000,29.7000,27.0000,27.2000,6705
DEKPOL,20201008,25.6000,25.8000,25.4000,25.8000,969
DELKO,20201008,17.3000,18.4000,16.9000,17.7000,103993
DEVELIA,20201008,1.8420,1.8420,1.7520,1.7800,266000
DGA,20201008,5.4400,5.4400,5.4400,5.4400,10
DIGITREE,20201008,6.5500,6.5500,6.5500,6.5500,1670
DINOPL,20201008,222.2000,224.0000,217.4000,217.4000,163329
DOMDEV,20201008,99.8000,102.5000,99.8000,101.0000,1266
DROZAPOL,20201008,1.7000,1.7000,1.7000,1.7000,880
ECHO,20201008,4.0900,4.1800,4.0900,4.1200,105316
EDINVEST,20201008,3.6000,3.6000,3.5800,3.5800,1885
EFEKT,20201008,4.8800,4.8800,4.8200,4.8200,1002
EKOEXPORT,20201008,3.8850,3.8850,3.7000,3.7300,75530
ELBUDOWA,20201008,1.1940,1.2840,0.8800,1.0500,162945
ELEKTROTI,20201008,5.5000,5.6000,5.3800,5.4600,1985
ELEMENTAL,20201008,2.4200,2.4300,2.4200,2.4200,39170
ELKOP,20201008,0.2500,0.2580,0.2430,0.2580,229375
ELZAB,20201008,4.0400,4.0600,3.9200,4.0200,2246
EMCINSMED,20201008,15.6000,16.1000,14.4000,14.9000,496
ENAP,20201008,1.4600,1.4600,1.4600,1.4600,2
ENEA,20201008,5.8900,6.0750,5.7400,5.7400,220861
ENELMED,20201008,14.2000,14.2000,14.2000,14.2000,481
ENERGA,20201008,8.2950,8.3050,8.2950,8.3050,209590
ENERGOINS,20201008,0.7400,0.7600,0.7000,0.7000,35773
ENTER,20201008,22.0000,22.5000,21.6000,21.9000,6344
ERBUD,20201008,19.5000,19.5000,18.9500,19.0000,677
ERG,20201008,52.5000,52.5000,52.5000,52.5000,1
ESOTIQ,20201008,9.8800,9.9200,9.7200,9.7200,4884
ETFDAX,20201008,546.8000,551.2000,545.4000,550.7000,586
ETFSP500,20201008,133.6200,134.8400,133.5000,134.7000,1817
ETFW20L,20201008,215.4500,215.4500,213.0000,213.0000,1416
EUCO,20201008,4.5800,4.8000,4.5800,4.6300,12137
EUROCASH,20201008,14.5100,14.6000,14.0600,14.1500,132174
EUROHOLD,20201008,4.3000,4.3000,4.3000,4.3000,1
EUROTEL,20201008,22.7000,23.0000,22.1000,22.2000,5235
EVEREST,20201008,20.8000,21.0000,18.8000,20.2000,3741
FAMUR,20201008,1.6880,1.7000,1.6400,1.6420,170959
FASING,20201008,10.7000,11.0000,10.7000,11.0000,102
FEERUM,20201008,11.7500,11.7500,11.6500,11.7000,189
FERRO,20201008,18.8000,19.2000,18.1000,19.0000,15328
FERRUM,20201008,3.7800,3.7800,3.7400,3.7400,165
FON,20201008,0.1180,0.1230,0.1180,0.1200,66380
FORTE,20201008,31.7000,32.0000,30.8500,31.2500,4578
GAMEOPS,20201008,31.4600,32.2000,31.0000,31.9950,5826
GAMFACTOR,20201008,18.0000,18.4800,17.7000,18.4800,3336
GAMFACTOR-PDA,20201008,16.9000,16.9000,16.2980,16.6700,6859
GETIN,20201008,0.7810,0.7810,0.7605,0.7750,259208
GETINOBLE,20201008,0.1900,0.1900,0.1860,0.1874,1048551
GLCOSMED,20201008,6.0500,7.5000,6.0000,7.4000,715624
GPW,20201008,47.1500,47.2000,46.4500,47.0000,72776
GROCLIN,20201008,1.0550,1.0900,1.0300,1.0450,18286
GRODNO,20201008,13.3000,13.9500,12.4500,12.6000,342112
GRUPAAZOTY,20201008,26.4000,27.1000,25.6000,25.8500,104551
GTC,20201008,6.3800,6.4400,6.3000,6.3600,9165
HANDLOWY,20201008,36.2000,36.2000,35.8000,35.9000,7617
HARPER,20201008,20.2000,23.7000,20.0000,23.7000,254861
HELIO,20201008,10.9000,10.9000,10.5000,10.5000,850
HERKULES,20201008,1.3350,1.3350,1.2150,1.2350,11901
HUBSTYLE,20201008,1.0400,1.0400,0.9500,1.0200,6607
HYDROTOR,20201008,28.2000,28.2000,27.8000,27.8000,286
I2DEV,20201008,8.9500,8.9500,8.9500,8.9500,16
IALBGR,20201008,0.2900,0.2980,0.2800,0.2980,19591
IDEABANK,20201008,1.4980,1.4980,1.4740,1.4800,18673
IDMSA,20201008,0.9100,0.9100,0.9100,0.9100,5100
IFCAPITAL,20201008,0.7200,0.7200,0.7000,0.7000,16542
IFIRMA,20201008,4.4600,4.5100,4.4000,4.4000,3985
IMCOMPANY,20201008,11.1000,11.1000,10.9500,11.0000,2605
IMMOBILE,20201008,2.4700,2.6300,2.3900,2.5900,8515
IMPERA,20201008,1.3900,1.4100,1.1500,1.1500,118063
IMS,20201008,2.4700,2.4700,2.2800,2.3400,21316
INC,20201008,9.7800,10.3000,9.3000,9.3200,193332
INGBSK,20201008,131.2000,132.0000,129.6000,130.8000,5962
INPRO,20201008,4.8000,4.8000,4.8000,4.8000,2
INSTALKRK,20201008,19.9000,19.9000,19.4000,19.5500,3509
INTERAOLT,20201008,15.8500,15.8500,15.7000,15.7500,4889
INTERCARS,20201008,239.0000,239.0000,230.0000,239.0000,1668
INTERSPPL,20201008,1.2550,1.3300,1.1850,1.1900,13904
INTLBCO31179,20201008,82.9000,82.9000,82.9000,82.9000,124
INTLBCO31187,20201008,88.0000,89.0000,88.0000,88.1000,96
INTLBCO31294,20201008,109.2000,109.2000,109.2000,109.2000,200
INTLBCO31328,20201008,75.6000,75.6000,75.6000,75.6000,13
INTLBCO31633,20201008,38.3000,38.3000,38.3000,38.3000,500
INTLBCO31658,20201008,44.5000,46.2000,44.5000,46.2000,600
INTLBCO31666,20201008,48.0000,48.0000,48.0000,48.0000,40
INTLBCO31674,20201008,53.5000,53.5000,53.5000,53.5000,100
INTLBCO31708,20201008,64.3000,65.2000,64.3000,65.2000,72
INTLBCO31914,20201008,36.0000,36.5000,36.0000,36.5000,103
INTLBCO31989,20201008,26.5000,29.2000,26.5000,29.1500,655
INTLBCO31997,20201008,33.0000,33.0000,33.0000,33.0000,50
INTLBCO32896,20201008,22.2000,25.0000,22.2000,24.5500,427
INTLCCC28977,20201008,2.7600,2.7600,2.7600,2.7600,50
INTLCCC30510,20201008,3.0300,3.0300,3.0300,3.0300,450
INTLCCC31005,20201008,2.1000,2.1000,2.1000,2.1000,855
INTLCCC31476,20201008,1.9200,1.9200,1.4500,1.4600,19840
INTLCDR30718,20201008,11.2200,11.2200,11.2200,11.2200,344
INTLCDR30726,20201008,12.4600,12.4600,12.4600,12.4600,140
INTLCDR30973,20201008,9.6500,10.1400,9.6500,10.0000,2467
INTLCDR31377,20201008,8.3500,8.6900,8.3400,8.6900,3209
INTLCDR33290,20201008,6.6600,7.2300,6.6000,7.1000,8321
INTLDAX30809,20201008,151.2000,151.2000,151.2000,151.2000,90
INTLDAX31559,20201008,125.0000,125.0000,125.0000,125.0000,24
INTLDAX31872,20201008,96.4000,96.4000,96.4000,96.4000,100
INTLDAX31880,20201008,104.4000,106.6000,104.4000,106.6000,325
INTLDAX32821,20201008,55.3000,55.3000,53.2000,53.2000,37
INTLDAX32839,20201008,65.5000,65.5000,63.7000,63.7000,32
INTLDAX32847,20201008,75.5000,75.5000,75.5000,75.5000,40
INTLDAX32946,20201008,45.3000,47.2000,42.2000,47.2000,5486
INTLDAX34769,20201008,33.7000,37.0000,30.6000,36.0500,20629
INTLDNP28985,20201008,10.5600,10.5600,10.5600,10.5600,90
INTLDNP34710,20201008,4.4900,4.4900,4.2300,4.2300,900
INTLESX30817,20201008,33.8000,34.5500,33.8000,34.3500,468
INTLESX32961,20201008,15.8400,15.8400,15.8400,15.8400,34
INTLEUD33860,20201008,17.4000,17.4000,17.4000,17.4000,400
INTLEUR28324,20201008,17.6200,17.6200,16.8000,16.8000,106
INTLEUR34603,20201008,12.5800,12.5800,12.5800,12.5800,550
INTLGBP34645,20201008,21.2000,22.8500,21.2000,21.2000,34
INTLGLD30130,20201008,157.2000,159.6000,157.2000,159.6000,5
INTLGLD30148,20201008,313.0000,313.0000,313.0000,313.0000,27
INTLGLD33100,20201008,75.0000,75.0000,73.7000,73.7000,33
INTLGLD33456,20201008,35.8500,38.0000,33.0000,33.0000,772
INTLGLD33464,20201008,50.5000,52.1000,47.9500,47.9500,324
INTLGLD33472,20201008,62.6000,62.8000,59.6000,59.6000,690
INTLJSW28993,20201008,15.9800,15.9800,15.9800,15.9800,200
INTLJSW30569,20201008,16.5800,16.5800,16.4000,16.4000,300
INTLJSW32136,20201008,14.0800,14.0800,12.8200,12.8200,6058
INTLJSW34728,20201008,8.0500,8.0500,6.0900,6.0900,1388
INTLKGH32060,20201008,50.0000,50.0000,50.0000,50.0000,460
INTLKGH33936,20201008,21.0000,21.0000,18.2000,18.2000,140
INTLKGH33944,20201008,24.0500,24.0500,23.8000,23.8000,82
INTLKGH33951,20201008,31.6500,31.6500,28.2000,28.2000,295
INTLLTS34017,20201008,8.9400,8.9400,8.4800,8.5900,617
INTLLTS34702,20201008,13.8200,13.8200,13.8200,13.8200,25
INTLNAG31732,20201008,2.2400,2.2400,1.9700,1.9700,1225
INTLNDX18713,20201008,230.0000,230.0000,230.0000,230.0000,5
INTLNDX31047,20201008,142.4000,142.4000,142.4000,142.4000,7
INTLNDX32987,20201008,95.5000,95.5000,95.5000,95.5000,63
INTLNDX33621,20201008,56.2000,56.2000,56.0000,56.0000,189
INTLNDX34777,20201008,45.0000,45.2000,44.0000,44.3500,1544
INTLPEO29421,20201008,15.2000,15.2000,15.2000,15.2000,2000
INTLPEO29819,20201008,14.6400,14.7400,13.7400,13.7400,500
INTLPEO30411,20201008,9.5800,9.9600,9.5800,9.8400,156
INTLPGE29355,20201008,3.6100,3.6100,3.6100,3.6100,400
INTLPGE32029,20201008,2.3800,2.3800,2.3000,2.3000,9000
INTLPGE32292,20201008,1.7500,1.7500,1.7500,1.7500,1000
INTLPGN33027,20201008,1.2900,1.2900,1.2900,1.2900,387
INTLPGN34678,20201008,0.9500,0.9800,0.9500,0.9800,830
INTLPKN29835,20201008,7.2400,7.2400,6.6200,6.9200,3370
INTLPKO30387,20201008,5.2400,5.3000,4.8400,4.8400,552
INTLPKO30403,20201008,7.1400,7.1400,6.7000,6.7000,900
INTLPKO30692,20201008,4.4200,4.4600,4.2800,4.2800,2430
INTLPLA30288,20201008,11.0000,11.0000,11.0000,11.0000,1330
INTLPLA31765,20201008,5.6500,5.6500,5.6500,5.6500,275
INTLPLA33084,20201008,3.7200,3.9800,3.7200,3.7200,3485
INTLPLA34579,20201008,2.7900,2.7900,2.6900,2.7600,2289
INTLPZU14712,20201008,5.7100,5.7100,5.4600,5.4600,500
INTLPZU15800,20201008,8.3800,8.5000,8.0100,8.0100,2737
INTLPZU15941,20201008,4.6200,4.6200,3.9900,3.9900,3585
INTLPZU29371,20201008,4.2100,4.2100,3.7600,3.7600,7070
INTLSLV29330,20201008,60.4000,60.5000,60.2000,60.2000,300
INTLSLV29728,20201008,48.3000,48.3000,48.3000,48.3000,25
INTLSLV33043,20201008,27.4500,28.0000,27.4500,28.0000,99
INTLSLV33340,20201008,13.4600,13.7000,12.3000,12.3000,12605
INTLSLV33357,20201008,16.4200,16.4200,15.7800,15.7800,420
INTLSLV33365,20201008,19.5800,19.5800,19.2000,19.5000,790
INTLSLV33373,20201008,22.2500,22.2500,22.2500,22.2500,100
INTLSLV33381,20201008,23.9000,24.2000,23.9000,24.2000,400
INTLSPX30858,20201008,40.2000,40.3500,40.2000,40.3500,216
INTLSPX32862,20201008,25.8000,25.9000,25.8000,25.9000,362
INTLSPX33894,20201008,20.6000,20.6000,20.3500,20.3500,430
INTLSPX34785,20201008,16.5800,16.5800,16.5200,16.5200,151
INTLTNF25320,20201008,86.8000,87.0000,86.8000,87.0000,35
INTLUSD20602,20201008,28.0000,29.6500,28.0000,29.6500,138
INTLUSD20610,20201008,34.1000,35.2500,34.1000,35.2500,80
INTLUSD20826,20201008,39.3000,39.3000,39.3000,39.3000,26
INTLUSD20842,20201008,44.4000,46.3000,44.4000,46.3000,148
INTLUSD21170,20201008,24.8000,24.8000,24.8000,24.8000,75
INTLUSD34256,20201008,17.9800,18.6200,17.8000,18.3800,1760
INTLUSD34637,20201008,13.4000,13.7000,12.4400,12.8800,1783
INTLVOW11171,20201008,33.5000,33.5000,33.5000,33.5000,600
INTLW2028688,20201008,4.2000,4.2000,4.2000,4.2000,104
INTLW2030577,20201008,2.6200,2.6200,2.6200,2.6200,500
INTLW2030759,20201008,2.0900,2.0900,2.0900,2.0900,500
INTLW2030775,20201008,2.4100,2.4100,2.4100,2.4100,1256
INTLW2031492,20201008,2.1300,2.1300,1.8300,1.8300,2050
INTLW2031864,20201008,1.7800,1.7800,1.6800,1.6800,400
INTLW2032177,20201008,1.5000,1.5000,1.2500,1.2500,13493
INTLW2032185,20201008,1.7100,1.7100,1.5500,1.5500,10747
INTLW2034751,20201008,1.3100,1.3600,1.0600,1.1000,6929
INTROL,20201008,4.6600,4.8200,4.6200,4.7000,107112
INTSBCO27573,20201008,101.8000,101.8000,100.8000,100.8000,26
INTSBCO28035,20201008,44.3000,44.3000,44.3000,44.3000,35
INTSBCO28043,20201008,49.7000,49.7000,49.7000,49.7000,10
INTSBCO28050,20201008,57.9000,57.9000,57.4000,57.4000,61
INTSBCO28092,20201008,92.4000,92.4000,91.0000,91.0000,28
INTSBCO28308,20201008,31.5000,31.5500,28.9000,28.9000,2060
INTSBCO34447,20201008,18.3800,18.6800,15.4000,16.4600,5469
INTSBCO34454,20201008,21.2500,22.0000,21.1000,22.0000,905
INTSCCC34207,20201008,3.5000,3.9800,3.5000,3.9800,2119
INTSCDR34124,20201008,18.1200,18.1200,17.3200,17.5000,6415
INTSCDR34199,20201008,21.4000,21.4000,21.4000,21.4000,400
INTSCDR34249,20201008,14.0800,14.0800,13.3200,13.4400,3146
INTSDAX25783,20201008,39.0500,41.1000,36.0000,36.9000,5148
INTSDAX25825,20201008,51.5000,53.8000,49.2500,49.3000,700
INTSDAX26591,20201008,65.5000,65.5000,61.5000,61.5000,477
INTSDAX26609,20201008,77.4000,78.5000,74.5000,74.5000,8151
INTSDAX34322,20201008,14.6000,17.8000,11.7000,11.7000,37118
INTSDAX34330,20201008,26.5000,29.5000,23.8500,24.7000,4572
INTSDNP34074,20201008,6.2600,6.7200,6.2600,6.7200,600
INTSDNP34082,20201008,8.2500,8.7300,8.2500,8.6500,335
INTSDOW24067,20201008,67.3000,71.2000,67.3000,69.4000,812
INTSDOW27128,20201008,126.0000,126.0000,126.0000,126.0000,10
INTSEUD02683,20201008,31.5500,31.5500,31.5500,31.5500,45
INTSEUR28340,20201008,24.5500,24.5500,23.8000,23.9000,297
INTSEUR29181,20201008,42.9000,42.9000,42.9000,42.9000,35
INTSEUR29686,20201008,47.8500,47.8500,47.8500,47.8500,70
INTSGBU31831,20201008,32.6000,32.6000,31.9000,31.9000,73
INTSGLD33324,20201008,126.0000,126.0000,126.0000,126.0000,7
INTSKGH33969,20201008,55.0000,55.0000,55.0000,55.0000,10
INTSLTS34041,20201008,21.1000,21.6000,21.1000,21.2000,604
INTSNDX33225,20201008,52.0000,53.7000,51.9000,53.7000,4279
INTSNDX33233,20201008,67.5000,67.5000,67.5000,67.5000,4000
INTSNDX33647,20201008,148.8000,148.8000,148.8000,148.8000,9
INTSNDX34389,20201008,24.0500,25.1000,22.9000,25.1000,8628
INTSNKX27094,20201008,137.2000,137.2000,137.2000,137.2000,30
INTSOPL09423,20201008,2.0500,2.0500,2.0500,2.0500,1000
INTSPAL27805,20201008,136.2000,136.2000,136.2000,136.2000,13
INTSPEO32326,20201008,19.5600,20.2000,19.5600,20.2000,252
INTSPGE34157,20201008,2.1400,2.1800,2.1400,2.1800,5000
INTSPGN34033,20201008,1.1000,1.1000,1.1000,1.1000,2100
INTSPKN27300,20201008,52.5000,52.5000,52.5000,52.5000,19
INTSPKN34173,20201008,22.4500,22.5500,22.2500,22.2500,195
INTSPKO32300,20201008,8.1600,8.1600,8.1600,8.1600,18
INTSPLA34488,20201008,6.9000,6.9000,6.7600,6.7600,518
INTSSLV34546,20201008,10.9600,10.9600,10.9600,10.9600,11
INTSSLV34553,20201008,15.7000,15.7000,15.6200,15.6200,100
INTSSPX34140,20201008,20.5500,21.0000,20.5500,20.7000,1111
INTSSPX34413,20201008,14.6400,14.6400,14.6400,14.6400,131
INTSUSD33589,20201008,23.8000,23.9500,23.5500,23.9500,90
INTSW2019588,20201008,8.2100,8.2100,8.2100,8.2100,150
INTSW2019596,20201008,8.7500,8.7500,8.7500,8.7500,100
INTSW2027391,20201008,3.9900,3.9900,3.9900,3.9900,920
INTSW2028464,20201008,2.1700,2.4800,2.1700,2.4800,27490
INTSW2028472,20201008,2.7100,2.7100,2.7100,2.7100,500
INTSW2028480,20201008,3.3800,3.3800,3.3800,3.3800,442
INTSW2034264,20201008,1.0000,1.3100,1.0000,1.3000,50340
INTSW2034272,20201008,1.3300,1.4300,1.3300,1.4300,5723
INTSW2034280,20201008,1.5000,1.7500,1.5000,1.7200,2194
INVFIZ,20201008,950.0000,950.0000,950.0000,950.0000,14
INVPEFIZ,20201008,876.1100,933.0000,876.1100,920.0000,189
IPOGPARPA,20201008,108.0000,108.0000,108.0000,108.0000,578
IPOPEMA,20201008,3.4200,3.6000,3.4200,3.6000,1089
ITMTRADE,20201008,0.1525,0.1530,0.1525,0.1530,400
IZOBLOK,20201008,32.0000,32.1000,28.8000,28.8000,3075
IZOLACJA,20201008,1.4700,1.4700,1.4700,1.4700,2
IZOSTAL,20201008,2.1800,2.1900,2.1400,2.1700,17006
JSW,20201008,26.3500,26.7600,24.5000,24.7200,1227022
JWCONSTR,20201008,2.9900,2.9900,2.8800,2.9000,2050
JWWINVEST,20201008,3.0000,3.0000,3.0000,3.0000,25
K2INTERNT,20201008,17.5000,17.5000,17.1000,17.1000,1649
KCI,20201008,0.6940,0.7100,0.6900,0.7000,23070
KERNEL,20201008,40.7000,40.7000,39.6000,39.6000,13864
KETY,20201008,460.0000,462.0000,456.0000,458.0000,17222
KGHM,20201008,120.9000,121.4000,115.0000,116.1500,590399
KGL,20201008,16.3000,16.7000,16.0000,16.0000,1481
KINOPOL,20201008,6.6000,6.6000,6.6000,6.6000,227
KOGENERA,20201008,33.4000,33.4000,32.0000,33.2000,1476
KOMPAP,20201008,8.0000,8.1500,8.0000,8.0000,3165
KOMPUTRON,20201008,1.9000,1.9350,1.8500,1.8650,3113
KPPD,20201008,26.0000,26.0000,26.0000,26.0000,1
KREC,20201008,7.3400,7.3600,7.0400,7.3200,2399
KREDYTIN,20201008,10.3000,10.3000,10.0000,10.0000,372
KRKA,20201008,385.0000,385.0000,360.0000,370.0000,186
KRUK,20201008,137.3000,138.2000,134.0000,135.2000,64931
KRUSZWICA,20201008,53.0000,53.0000,52.8000,53.0000,498
KRVITAMIN,20201008,38.5000,41.0000,36.1000,38.6000,96245
KSGAGRO,20201008,1.3200,1.3300,1.0900,1.2400,21507
LABOPRINT,20201008,9.8600,9.9600,9.8600,9.9600,1010
LARQ,20201008,2.5200,2.5200,2.1500,2.1800,24596
LENA,20201008,3.5000,3.5000,3.4500,3.4500,5137
LENTEX,20201008,9.0000,9.0400,8.8400,9.0400,3699
LIBET,20201008,2.0900,2.0900,2.0300,2.0900,50481
LIVECHAT,20201008,97.8000,97.8000,96.0000,96.4000,28306
LMDSFIZ,20201008,1105.0000,1105.0000,1105.0000,1105.0000,14
LOKUM,20201008,12.0000,12.0000,11.7000,11.7000,983
LOTOS,20201008,36.3300,36.4300,35.1500,35.5800,446301
LPP,20201008,6895.0000,6970.0000,6510.0000,6650.0000,2701
LSISOFT,20201008,14.6000,14.6000,13.5000,13.8000,32144
LUBAWA,20201008,1.3000,1.3700,1.2350,1.3300,1012092
MABION,20201008,31.5500,34.7000,31.2000,33.9500,52207
MAKARONPL,20201008,5.8000,5.8500,5.7000,5.8000,9133
MANGATA,20201008,44.8000,44.8000,43.0000,44.8000,239
MARVIPOL,20201008,5.3400,5.3400,5.1000,5.1000,32481
MASTERPHA,20201008,4.5200,4.5200,4.3300,4.3500,2139
MAXCOM,20201008,12.0000,12.0000,11.8000,11.9500,2297
MBANK,20201008,175.0000,177.8000,170.6000,172.6000,41128
MBWS,20201008,5.8400,5.8500,5.6000,5.8500,7754
MCI,20201008,14.2000,14.7000,14.2000,14.6000,73908
MDIENERGIA,20201008,3.8000,3.8800,3.5100,3.5500,92290
MEDIACAP,20201008,2.1600,2.2600,2.1600,2.2600,940
MEDICALG,20201008,21.8500,22.3000,21.8000,22.3000,3253
MENNICA,20201008,18.9000,18.9000,18.6000,18.8000,4708
MERCATOR,20201008,536.0000,546.0000,510.0000,536.0000,54711
MERCOR,20201008,10.3000,10.3000,10.2000,10.3000,2672
MEXPOLSKA,20201008,1.3600,1.3600,1.2200,1.2200,16175
MFO,20201008,20.6000,20.6000,19.7000,19.7000,1659
MILKILAND,20201008,0.6210,0.6880,0.6210,0.6880,980
MILLENNIUM,20201008,2.9000,2.9100,2.7900,2.7920,896449
MIRACULUM,20201008,1.1600,1.1800,1.1250,1.1250,39746
MIRBUD,20201008,2.3900,2.3900,2.2800,2.3200,314421
MLPGROUP,20201008,73.0000,73.0000,69.5000,71.0000,169
MLSYSTEM,20201008,80.8000,80.8000,75.8000,76.0000,28879
MOBRUK,20201008,278.0000,290.0000,276.0000,284.0000,293
MOJ,20201008,1.3500,1.3500,1.3400,1.3400,1624
MOL,20201008,20.5000,20.8800,20.5000,20.8800,16741
MONNARI,20201008,1.8200,1.8250,1.7900,1.7900,11789
MOSTALPLC,20201008,8.2000,8.5800,8.2000,8.5000,256
MOSTALWAR,20201008,4.6400,4.6400,4.4100,4.6000,6649
MOSTALZAB,20201008,0.9300,0.9300,0.8840,0.8980,126448
MWTRADE,20201008,1.8600,1.8600,1.8600,1.8600,300
NANOGROUP,20201008,3.2800,3.3000,3.0400,3.3000,2581
NETIA,20201008,4.5000,4.5000,4.5000,4.5000,57916
NEUCA,20201008,507.0000,515.0000,507.0000,515.0000,2991
NEWAG,20201008,26.3000,26.3000,25.5000,25.7000,457
NOVAVISGR,20201008,2.1400,2.1800,1.9500,2.0000,22876
NOVITA,20201008,135.0000,139.0000,135.0000,137.0000,676
NTTSYSTEM,20201008,2.8200,2.8200,2.6000,2.7400,11685
OAT,20201008,19.1000,19.1500,18.0000,18.4500,43732
ODLEWNIE,20201008,4.6600,4.7000,4.6000,4.6000,3590
OEX,20201008,15.5000,15.5000,15.0000,15.2000,1792
OPENFIN,20201008,0.7600,0.7600,0.7600,0.7600,7552
OPONEO.PL,20201008,29.7000,30.1000,28.7000,29.1000,4846
OPTEAM,20201008,26.6000,27.0000,25.8000,26.4000,906
ORANGEPL,20201008,6.9400,7.0400,6.9400,7.0000,993425
ORZBIALY,20201008,11.0000,11.0000,10.8000,11.0000,2030
OTLOG,20201008,5.2500,5.2500,5.1000,5.2500,1403
OTMUCHOW,20201008,1.2800,1.2900,1.2800,1.2900,6205
OVOSTAR,20201008,64.0000,64.0000,60.0000,60.0000,80
PAMAPOL,20201008,1.3700,1.4400,1.3700,1.4200,26557
PATENTUS,20201008,1.0000,1.0250,0.9820,1.0200,10999
PBKM,20201008,74.8000,75.0000,74.4000,74.4000,268
PCCEXOL,20201008,3.7700,4.5500,3.7700,4.5000,2470959
PCCROKITA,20201008,44.1000,44.3000,42.7000,44.2000,5823
PEKABEX,20201008,14.0500,14.2500,14.0500,14.1500,2160
PEKAO,20201008,54.2600,54.7400,53.0800,53.4200,658138
PEMANAGER,20201008,9.6400,10.2000,9.6400,10.1000,592
PEP,20201008,47.3000,48.0000,46.6000,46.6000,3690
PEPEES,20201008,1.3400,1.3700,1.3300,1.3700,4899
PGE,20201008,6.5000,6.5360,6.2000,6.2000,2235174
PGNIG,20201008,5.2500,5.2500,5.1280,5.2220,3155026
PGO,20201008,1.1300,1.1300,1.1000,1.1000,7175
PGSSOFT,20201008,11.6500,11.8500,11.0000,11.2000,11328
PHARMENA,20201008,11.1000,11.4000,10.4000,11.4000,8839
PHN,20201008,11.3000,11.3000,11.2500,11.2500,146
PKNORLEN,20201008,46.9200,46.9500,45.9700,46.6600,829313
PKOBP,20201008,22.8900,22.9800,22.3600,22.4400,2309223
PKPCARGO,20201008,11.3800,11.4400,10.9400,11.0600,114677
PLASTBOX,20201008,1.6400,1.6500,1.6350,1.6500,104589
PLAY,20201008,38.6000,38.6800,38.6000,38.6200,1765108
PLAYWAY,20201008,524.0000,543.0000,524.0000,534.0000,4898
PLAZACNTR,20201008,1.7000,1.7200,1.7000,1.7200,400
PMPG,20201008,1.7500,1.7900,1.7500,1.7900,4575
POLICE,20201008,12.2000,12.2000,12.0000,12.0000,325
POLIMEXMS,20201008,2.2500,2.3450,2.2050,2.2400,402475
POLNORD,20201008,3.1850,3.2500,3.1000,3.1700,19153
POLWAX,20201008,2.9200,2.9200,2.6000,2.8500,46491
POZBUD,20201008,1.9100,1.9900,1.8350,1.9300,135139
PRAGMAFA,20201008,29.0000,29.0000,28.2000,28.4000,6104
PRAGMAINK,20201008,8.4800,8.4800,7.9000,8.3600,1670
PRAIRIE,20201008,0.6200,0.6360,0.6050,0.6200,147040
PRIMETECH,20201008,1.2000,1.2600,1.1400,1.1400,3746
PROCHEM,20201008,18.9000,18.9000,18.4000,18.9000,591
PROJPRZEM,20201008,16.0000,17.5000,15.6000,16.5000,3437
PROTEKTOR,20201008,5.2000,5.7000,5.1000,5.6000,409494
PROVIDENT,20201008,2.7500,2.7800,2.6000,2.6500,42636
PULAWY,20201008,80.8000,80.8000,80.0000,80.0000,236
PUNKPIRAT,20201008,0.7150,0.7200,0.7050,0.7200,29284
PZU,20201008,26.0000,26.0900,25.3700,25.6500,2321199
PZUAKORD,20201008,119.4900,119.5000,119.4900,119.5000,2100
QUERCUS,20201008,3.4700,3.6500,3.3900,3.5000,544223
R22,20201008,31.3000,31.8000,31.3000,31.5000,5339
RADPOL,20201008,2.3500,2.3500,2.2800,2.3200,380
RAFAKO,20201008,0.9120,0.9160,0.8600,0.8770,393240
RAINBOW,20201008,14.0000,14.5000,12.6000,12.9000,9611
RANKPROGR,20201008,1.7700,1.7750,1.6850,1.7500,10308
RAWLPLUG,20201008,7.9800,7.9800,7.8000,7.8000,10
RCCOFFAOPEN1,20201008,2.7600,2.7600,2.7600,2.7600,50000
RCESXPP0823,20201008,1006.5000,1006.5000,1006.5000,1006.5000,40
RCFL10GOLD,20201008,15.0000,15.0000,15.0000,15.0000,7
RCFL10GOLD1,20201008,6.9600,6.9600,6.9600,6.9600,400
RCFL10SILVE2,20201008,0.7300,0.7300,0.7300,0.7300,4510
RCFL2COFF1,20201008,7.7700,7.7700,7.7700,7.7700,257
RCFL2COFF3,20201008,8.3200,8.3200,8.3200,8.3200,1
RCFL2CORN,20201008,3.7000,3.7000,3.7000,3.7000,14000
RCFL2CORN2,20201008,11.0000,11.0000,11.0000,11.0000,135
RCFL2OIL,20201008,2.3400,2.3400,2.3400,2.3400,2200
RCFL2PALL1,20201008,42.0500,42.0500,42.0500,42.0500,140
RCFL2PKN1,20201008,4.7900,4.8200,4.7900,4.8200,16000
RCFL2WHT,20201008,6.6700,6.6700,6.6700,6.6700,1000
RCFL3ALR1,20201008,7.4700,7.4700,5.4000,5.4000,14230
RCFL3BOSS,20201008,0.1700,0.1700,0.1700,0.1700,2000
RCFL3CCC1,20201008,8.0800,8.0800,6.8500,7.0100,6310
RCFL3CDPRO1,20201008,82.7000,88.0000,82.7000,88.0000,306
RCFL3COFF3,20201008,6.6300,6.6300,6.1400,6.4500,970
RCFL3CORN,20201008,1.9500,1.9500,1.9000,1.9000,15700
RCFL3DBK,20201008,0.0700,0.0700,0.0700,0.0700,10000
RCFL3EUH,20201008,0.8900,0.8900,0.8900,0.8900,2000
RCFL3GASO2,20201008,5.7700,6.2100,5.7700,6.2100,3000
RCFL3GBF,20201008,1.6600,1.6600,1.6600,1.6600,1000
RCFL3GOLD2,20201008,25.9000,26.1000,25.7500,25.7500,150
RCFL3JSW,20201008,0.8800,0.8800,0.7500,0.7800,137372
RCFL3JSW1,20201008,32.5000,32.5000,25.8000,26.6000,2131
RCFL3LTS1,20201008,0.2300,0.2300,0.2200,0.2200,12000
RCFL3MBK,20201008,1.8600,1.8600,1.8600,1.8600,3000
RCFL3OIL2,20201008,1.3500,1.4900,1.3500,1.4900,1700
RCFL3OIL4,20201008,0.0300,0.0300,0.0300,0.0300,10000
RCFL3PALL3,20201008,1.2200,1.2400,1.2200,1.2400,4395
RCFL3PEO,20201008,0.9100,0.9100,0.9100,0.9100,10000
RCFL3PGE,20201008,0.1800,0.1800,0.1500,0.1600,126284
RCFL3PKN,20201008,7.8500,7.8500,7.6600,7.8400,1629
RCFL3PKO,20201008,2.6500,2.6500,2.6500,2.6500,35
RCFL3PLAT2,20201008,8.0400,8.3500,8.0400,8.2900,900
RCFL3PZU,20201008,9.6900,9.6900,9.2600,9.2600,3210
RCFL3SILVE,20201008,6.3200,6.3200,6.1700,6.1700,650
RCFL3SILVE3,20201008,17.7400,17.7400,17.7400,17.7400,50
RCFL3SUGA,20201008,0.4900,0.4900,0.4900,0.4900,2000
RCFL3SUGA4,20201008,18.3600,18.3600,18.3600,18.3600,105
RCFL3TPE,20201008,8.2700,8.2700,8.2700,8.2700,500
RCFL3WHT,20201008,4.0000,4.0000,4.0000,4.0000,4060
RCFL3WHT2,20201008,9.8100,9.8100,9.8100,9.8100,700
RCFL3WHT3,20201008,9.9900,9.9900,9.9900,9.9900,230
RCFL4CDPRO,20201008,41.2500,44.0500,40.5000,43.2500,1937
RCFL4CDPRO1,20201008,7.1900,7.1900,7.0000,7.0000,630
RCFL4COFF3,20201008,4.8400,4.8400,4.8400,4.8400,1500
RCFL4DNP,20201008,16.8000,16.8000,16.4800,16.4800,870
RCFL4GAMES,20201008,67.4000,71.1000,66.4000,70.8000,3311
RCFL4KGH,20201008,3.4200,3.4200,3.4100,3.4100,3999
RCFL4PKN1,20201008,1.6600,1.6600,1.6500,1.6600,1800
RCFL4PKO,20201008,0.2800,0.2800,0.2800,0.2800,84190
RCFL4PKO1,20201008,6.7200,6.7200,6.7200,6.7200,400
RCFL4PZU,20201008,0.4500,0.4500,0.4500,0.4500,2200
RCFL4SILVE1,20201008,6.5600,6.5600,6.5600,6.5600,50
RCFL4SILVE2,20201008,9.3900,9.5200,9.3000,9.5200,850
RCFL5COPP,20201008,5.9500,5.9500,5.9400,5.9400,600
RCFL5CORN,20201008,2.7500,2.7500,2.7500,2.7500,150
RCFL5FW20,20201008,0.5300,0.5300,0.5300,0.5300,1300
RCFL5SBO1,20201008,7.7900,7.8100,7.7900,7.8100,400
RCFL5SILVE,20201008,1.5300,1.5400,1.4500,1.4500,11010
RCFL6COFF2,20201008,1.6000,1.6000,1.6000,1.6000,12000
RCFL6COPP1,20201008,6.7200,6.7200,6.7200,6.7200,1300
RCFL6CORN,20201008,1.6300,1.6300,1.6300,1.6300,480
RCFL6PLAT2,20201008,3.4200,3.4200,3.4200,3.4200,2000
RCFL6SILVE,20201008,1.9800,1.9800,1.9800,1.9800,10000
RCFL6SUGA,20201008,2.0300,2.0300,2.0300,2.0300,800
RCFL7SILVE,20201008,0.3700,0.3700,0.3700,0.3700,9060
RCFL8COFF1,20201008,0.4700,0.4700,0.3900,0.4000,22000
RCFS2GAMES,20201008,3.2200,3.2200,3.2200,3.2200,10000
RCFS2KGH,20201008,4.9000,4.9000,4.9000,4.9000,250
RCFS3CCC1,20201008,8.6100,9.6300,8.6100,9.6300,975
RCFS3EAD,20201008,0.7400,0.7400,0.7400,0.7400,450
RCFS3FDX,20201008,4.9000,5.0200,4.8700,4.8700,4100
RCFS3GAMES,20201008,1.4300,1.4300,1.4000,1.4000,22610
RCFS3GOLD,20201008,29.6000,29.6000,29.6000,29.6000,50
RCFS3KGH,20201008,0.2600,0.2800,0.2600,0.2800,383420
RCFS3LPP1,20201008,10.0800,10.0800,10.0800,10.0800,50
RCFS3NAG2,20201008,3.9400,3.9400,3.9400,3.9400,500
RCFS3OPL,20201008,1.4800,1.4800,1.4400,1.4400,400
RCFS3PGE,20201008,1.3800,1.3900,1.3400,1.3900,5092
RCFS3PGN,20201008,4.7900,4.7900,4.7900,4.7900,1057
RCFS3TPE,20201008,0.8400,0.8500,0.8400,0.8500,54500
RCFS3W20,20201008,32.0000,33.7500,32.0000,33.7500,261
RCFS4CDPRO1,20201008,2.2500,2.2500,2.1600,2.1600,1560
RCFS4ESX,20201008,0.4600,0.4600,0.4600,0.4600,5000
RCFS4KGH,20201008,0.1500,0.1500,0.1500,0.1500,1000
RCFS4LPP,20201008,8.9900,9.0100,8.6400,9.0100,1573
RCFS4PGN,20201008,1.2200,1.3200,1.2200,1.3200,3914
RCFS4PKN,20201008,26.0000,26.0000,26.0000,26.0000,100
RCFS5SUGA,20201008,2.7300,2.7600,2.6300,2.6700,8435
RCFS6COPP1,20201008,2.5900,2.6900,2.5900,2.6900,4800
RCFS6W201,20201008,3.9300,4.1600,3.8000,4.1600,11865
RCFS8PLAT1,20201008,0.0800,0.0800,0.0800,0.0800,5000
RCGBSH10921,20201008,1064.0000,1064.0000,1064.0000,1064.0000,40
RCGBSK0721,20201008,1051.0000,1051.0000,1051.0000,1051.0000,50
RCGOIL1022,20201008,1028.5000,1028.5000,1028.5000,1028.5000,101
RCGOIL1122,20201008,1025.0000,1025.0000,1025.0000,1025.0000,95
RCGSD3E0822,20201008,1073.5000,1073.5000,1073.5000,1073.5000,11
RCGTECBSK0221,20201008,1041.5000,1041.5000,1041.5000,1041.5000,200
RCGTECBSK0322,20201008,1016.0000,1016.0000,1016.0000,1016.0000,51
RCLOILAOPEN,20201008,14.0200,14.2800,14.0200,14.2800,4360
RCLSOYAOPEN2,20201008,33.0000,33.0000,33.0000,33.0000,47
RCSDAXOPEN,20201008,86.0000,86.0000,86.0000,86.0000,10
RCSILAOPEN,20201008,95.1000,95.1000,95.1000,95.1000,9
RCTSLPP1,20201008,22.3500,22.3500,22.3500,22.3500,100
RCWHTAOPEN,20201008,5.2800,5.2900,5.2800,5.2900,3750
RCWHTAOPEN1,20201008,15.5600,15.6400,15.5600,15.6400,50
REDAN,20201008,0.1960,0.1960,0.1790,0.1940,8618
REINO,20201008,1.4800,1.4800,1.4800,1.4800,2
RELPOL,20201008,5.4000,5.4000,5.2000,5.2400,19618
REMAK,20201008,10.8000,10.8000,10.3000,10.3000,488
RONSON,20201008,1.4100,1.4200,1.3500,1.4200,14793
ROPCZYCE,20201008,22.2000,22.8000,22.1000,22.3000,393
RYVU,20201008,60.0000,60.0000,58.0000,58.0000,2536
SANOK,20201008,13.5500,13.5500,12.9500,13.4500,6330
SANPL,20201008,156.0000,156.6000,152.4000,153.8000,74211
SANTANDER,20201008,7.5800,7.7300,7.5600,7.6870,28896
SANWIL,20201008,5.0000,5.0500,4.7000,4.9200,308801
SELENAFM,20201008,14.2000,14.2000,13.3500,14.2000,5095
SELVITA,20201008,42.6000,43.5000,42.0000,43.1000,12700
SERINUS,20201008,0.3700,0.3720,0.3600,0.3680,217965
SESCOM,20201008,30.6000,30.6000,30.0000,30.0000,102
SFINKS,20201008,0.3900,0.4300,0.3700,0.4000,75799
SILVAIR-REGS,20201008,8.4000,8.4000,8.4000,8.4000,28
SILVANO,20201008,6.5000,6.5000,6.4600,6.4600,235
SIMPLE,20201008,10.6000,10.8000,10.6000,10.8000,1332
SKARBIEC,20201008,26.4000,27.0000,26.3000,26.3000,2813
SKOTAN,20201008,2.0100,2.0100,1.9200,1.9700,35969
SLEEPZAG,20201008,0.3900,0.4180,0.3860,0.4180,14874
SNIEZKA,20201008,90.8000,90.8000,88.0000,90.8000,96
SOLAR,20201008,3.7800,3.7800,3.6000,3.7300,5179
SONEL,20201008,9.3500,9.8500,9.3500,9.4500,2089
SOPHARMA,20201008,17.0000,18.0000,16.8000,17.3000,405
STALEXP,20201008,2.8400,2.9500,2.8400,2.9500,42879
STALPROD,20201008,199.6000,202.0000,188.0000,200.0000,3462
STALPROFI,20201008,6.1600,6.1800,5.9400,6.1000,8265
STAPORKOW,20201008,2.8000,2.8000,2.8000,2.8000,102
SUNEX,20201008,5.1600,5.3000,4.9000,5.0800,97193
SUWARY,20201008,16.7000,16.7000,16.7000,16.7000,66
SWISSMED,20201008,3.0600,3.0800,3.0000,3.0000,21274
SYGNITY,20201008,8.1000,8.1200,7.8200,8.0000,14876
SYNEKTIK,20201008,24.4000,25.0000,23.4000,25.0000,12553
TALANX,20201008,140.0000,140.0000,140.0000,140.0000,2
TALEX,20201008,11.5000,11.5000,11.0000,11.4500,650
TATRY,20201008,168.0000,168.0000,168.0000,168.0000,40
TAURONPE,20201008,2.3600,2.4000,2.2520,2.2560,2800421
TBULL,20201008,24.6000,24.9000,22.2000,22.6000,22331
TERMOREX,20201008,1.1700,1.1800,1.1700,1.1800,680
TESGAS,20201008,4.5000,4.5000,4.4200,4.4400,30096
TIM,20201008,13.1000,13.1500,12.8000,12.9500,14534
TORPOL,20201008,11.4500,11.8000,11.2000,11.2500,30599
TOWERINVT,20201008,16.8000,16.8000,16.8000,16.8000,60
TOYA,20201008,7.9000,7.9200,7.7400,7.8000,29436
TRAKCJA,20201008,1.6980,1.7000,1.6500,1.6600,96903
TRANSPOL,20201008,2.9500,2.9500,2.8500,2.9400,27913
TRITON,20201008,2.3000,2.3000,2.3000,2.3000,10256
TSGAMES,20201008,550.0000,560.0000,548.0000,557.0000,16657
ULMA,20201008,47.6000,49.4000,47.6000,49.4000,335
ULTGAMES,20201008,31.5000,31.5000,29.2000,29.4500,10023
UNIBEP,20201008,7.5600,7.5600,7.3000,7.3000,1630
UNICREDIT,20201008,33.3000,33.5000,33.3000,33.5000,999
UNIMA,20201008,3.1600,3.1600,3.1200,3.1200,700
UNIMOT,20201008,35.0000,35.0000,33.2000,33.2000,18302
URSUS,20201008,0.5580,0.5580,0.5410,0.5570,45271
VENTUREIN,20201008,1.8100,1.8100,1.7900,1.8000,7605
VIGOSYS,20201008,555.0000,560.0000,555.0000,560.0000,144
VINDEXUS,20201008,4.7100,4.8500,4.7100,4.8000,1253
VISTAL,20201008,3.4900,3.6200,3.2750,3.6100,75255
VIVID,20201008,1.9140,1.9600,1.9000,1.9000,75832
VOTUM,20201008,13.1000,13.2000,12.6500,12.8000,26953
VOXEL,20201008,40.8000,43.5000,40.8000,43.4000,16119
VRG,20201008,2.4900,2.4900,2.4000,2.4400,50362
WASKO,20201008,1.3900,1.3900,1.3000,1.3500,19360
WAWEL,20201008,570.0000,570.0000,560.0000,560.0000,57
WIELTON,20201008,4.2200,4.2450,3.8500,4.0400,162471
WIKANA,20201008,2.6000,2.8600,2.4000,2.4000,25621
WIRTUALNA,20201008,68.2000,69.0000,67.2000,67.2000,772
WITTCHEN,20201008,7.1000,7.6000,7.0000,7.3200,28001
WOJAS,20201008,4.3400,4.3400,4.1200,4.1200,205
WORKSERV,20201008,0.9970,1.0100,0.9220,0.9480,1107515
XTB,20201008,16.3000,16.4000,15.4000,15.4500,778966
XTPL,20201008,83.2000,84.6000,82.4000,83.6000,889
ZAMET,20201008,0.9250,0.9250,0.9100,0.9250,20210
ZASTAL,20201008,20.0000,20.0000,16.5000,17.8000,3356
ZEPAK,20201008,10.8000,10.8000,10.4000,10.6000,16219
ZPUE,20201008,161.0000,161.0000,148.0000,153.5000,527
ZREMB,20201008,0.7900,0.8200,0.7300,0.8000,20395
ZUE,20201008,3.8200,3.8200,3.6200,3.7600,4174
ZYWIEC,20201008,476.0000,476.0000,476.0000,476.0000,3
INVESTORMS,20201008,3976.9100,3976.9100,3937.8200,3937.8200,309140.720
MWIG40,20201008,3663.6900,3667.8700,3608.1800,3613.7700,171144.323
MWIG40DVP,20201008,63.1100,63.1100,63.1100,63.1100,171144.323
MWIG40TR,20201008,4852.3600,4855.8700,4781.0800,4786.2400,171144.323
SWIG80,20201008,14192.5600,14212.2100,14040.3000,14109.5900,56174.273
SWIG80DVP,20201008,264.8600,264.8600,264.8600,264.8600,56174.273
SWIG80TR,20201008,18326.7900,18341.9000,18137.8000,18219.6500,56174.273
WIG,20201008,50442.1300,50442.1300,49553.1400,49727.3400,930282.002
WIG-BANKI,20201008,3973.6200,3980.8200,3886.2300,3903.3800,127741.983
WIG-BUDOW,20201008,3105.3200,3112.6500,3020.8700,3025.5900,5548.092
WIG-CEE,20201008,1076.1200,1083.0000,1076.1200,1083.0000,1876.762
WIG-CHEMIA,20201008,7106.9800,7139.6400,6921.7200,6942.8900,4031.464
WIG-ENERG,20201008,1904.1700,1915.5800,1838.6100,1838.6100,26312.253
WIG-ESG,20201008,8282.3700,8282.3700,8129.8100,8158.3500,839896.423
WIG-GORNIC,20201008,3848.0800,3848.0800,3648.9800,3681.4700,101830.365
WIG-INFO,20201008,3868.0900,3871.6000,3802.7200,3808.5500,8554.034
WIG-LEKI,20201008,6460.9600,6720.9000,6425.3700,6675.9400,70451.119
WIG-MEDIA,20201008,4751.2600,4803.0800,4689.0600,4689.0600,270.857
WIG-MOTO,20201008,3837.1900,3847.8900,3726.4100,3830.9000,785.037
WIG-NRCHOM,20201008,2179.3800,2188.2600,2151.2600,2164.4500,2226.070
WIG-ODZIEZ,20201008,4024.8900,4055.2500,3831.1300,3879.3300,62397.726
WIG-PALIWA,20201008,4258.4100,4258.4100,4170.6300,4231.4300,71766.798
WIG-POLAND,20201008,51132.5600,51132.5600,50858.4600,50858.4600,927732.038
WIG-SPOZYW,20201008,3076.3900,3076.3900,3003.2200,3004.2300,4956.195
WIG-TELKOM,20201008,905.4800,908.9500,902.3900,905.6100,84046.483
WIG-UKRAIN,20201008,342.2300,342.2300,335.4600,335.4600,978.356
WIG.GAMES,20201008,31467.6900,32111.0400,31448.9200,32038.5900,157594.205
WIG.MS-BAS,20201008,9356.9800,9419.9700,8954.6800,8963.6700,122448.984
WIG.MS-FIN,20201008,6073.0300,6088.5600,5933.4900,5961.8800,175753.037
WIG.MS-PET,20201008,5825.6000,5825.6000,5698.6500,5769.5700,74295.502
WIG20,20201008,1742.2900,1746.6800,1711.5600,1719.9100,680947.185
WIG20DVP,20201008,7.5000,7.5000,7.5000,7.5000,680947.185
WIG20LEV,20201008,335.7200,337.4100,323.9400,327.1200,680947.185
WIG20SHORT,20201008,4153.1200,4226.6800,4142.5800,4206.8100,680947.185
WIG20TR,20201008,3193.4800,3193.4800,3130.7700,3144.6500,680947.185
WIG30,20201008,2010.7400,2010.7400,1968.8300,1977.1800,713472.361
WIG30TR,20201008,3588.3100,3588.3100,3567.8400,3567.8400,713472.361
WIGDIV,20201008,1001.1500,1001.1500,988.5200,989.3500,77881.719
WIGTECH,20201008,14637.8300,14695.3500,14590.3200,14599.1300,0.000
