11BIT,20201007,464.0000,465.5000,457.0000,465.5000,1946
4FUNMEDIA,20201007,5.0000,5.0000,4.8000,4.9000,3855
ABPL,20201007,28.0000,28.2000,27.8000,27.8000,805
ACAUTOGAZ,20201007,41.9000,42.0000,41.8000,42.0000,1884
ACTION,20201007,4.3600,4.4800,4.3200,4.4500,16343
ADIUVO,20201007,6.1000,6.1000,5.8600,5.9800,1873
AGORA,20201007,6.2600,6.2600,6.1600,6.1800,9226
AGROTON,20201007,3.8600,3.9400,3.8000,3.8900,3890
AIGAMES,20201007,23.2000,23.2000,22.3000,22.8000,6582
AILLERON,20201007,6.8000,6.8800,6.7000,6.8000,3916
AIRWAY,20201007,1.7100,1.7300,1.6400,1.6800,435521
ALIOR,20201007,14.5000,15.0350,14.1850,15.0100,570913
ALTA,20201007,1.1400,1.1400,1.1400,1.1400,5305
ALTUSTFI,20201007,1.0050,1.0050,0.9220,0.9780,9414
ALUMETAL,20201007,36.0000,36.0000,35.3000,36.0000,298
AMBRA,20201007,18.2500,18.7000,18.2000,18.4000,6534
AMICA,20201007,137.0000,137.4000,135.2000,137.4000,1290
AMREST,20201007,20.4000,21.0500,20.0000,20.2000,187678
APATOR,20201007,20.0000,20.7000,20.0000,20.6000,6822
APLISENS,20201007,11.0000,11.1000,10.7000,11.1000,1009
APSENERGY,20201007,1.8300,1.8300,1.7500,1.7850,1094
ARCHICOM,20201007,17.3000,17.3000,16.7500,16.7500,2535
ARCTIC,20201007,3.8200,3.8900,3.8000,3.8700,4115
ARTERIA,20201007,4.4800,4.4800,4.4800,4.4800,13
ARTIFEX,20201007,9.9000,10.3500,9.5800,10.3000,23232
ASBIS,20201007,5.3000,5.3000,5.0000,5.1900,74845
ASSECOBS,20201007,34.6000,34.6000,34.0000,34.0000,342
ASSECOPOL,20201007,68.7000,69.0000,68.1000,68.2000,19580
ASSECOSEE,20201007,47.0000,48.0000,46.7000,48.0000,29812
ASTARTA,20201007,18.5000,18.7000,17.8000,18.1000,13074
ATAL,20201007,32.4000,32.4000,31.0000,31.9000,16497
ATENDE,20201007,3.0600,3.1000,3.0200,3.0600,6814
ATLANTAPL,20201007,6.0000,6.5800,6.0000,6.4800,2397
ATLANTIS,20201007,0.6880,0.6880,0.6700,0.6700,7584
ATLASEST,20201007,1.2600,1.2600,1.2600,1.2600,1500
ATMGRUPA,20201007,3.9300,4.0700,3.8700,4.0400,4705
ATREM,20201007,1.9150,1.9800,1.9150,1.9400,6065
AUTOCALLSX7E,20201007,576.0000,576.0000,576.0000,576.0000,200
AUTOPARTN,20201007,7.2000,7.2000,7.1000,7.2000,176866
BAHOLDING,20201007,0.5270,0.5290,0.5110,0.5280,28064
BBIDEV,20201007,3.7000,3.7000,3.4800,3.7000,1116
BEDZIN,20201007,8.6000,8.9000,8.6000,8.6000,553
BENEFIT,20201007,700.0000,711.0000,689.0000,711.0000,3257
BEST,20201007,16.5000,16.5000,16.5000,16.5000,30
BETACOM,20201007,10.8000,10.8000,10.8000,10.8000,70
BETAM40TR,20201007,51.0000,51.0000,50.6100,50.9800,1893
BETAW20LV,20201007,31.5300,31.5300,30.8500,31.1550,1377
BETAW20ST,20201007,427.4000,431.5000,426.6000,426.6000,170
BETAW20TR,20201007,29.5300,29.5500,29.2400,29.5500,3100
BIK,20201007,13.3500,13.3500,12.8500,12.8500,1018
BIOMEDLUB,20201007,19.6000,20.4000,19.2000,19.8000,1088342
BIOTON,20201007,4.6600,5.4000,4.6600,4.8700,1768070
BNPPBSK10521,20201007,572.0000,572.0000,572.0000,572.0000,38
BNPPPL,20201007,42.0000,42.0000,41.0000,41.0000,731
BNPPSLVR0323,20201007,989.5000,989.5000,989.5000,989.5000,16
BNPPSOLE1221,20201007,1020.0000,1020.0000,1020.0000,1020.0000,50
BOGDANKA,20201007,18.7600,18.8000,18.4400,18.6000,14715
BOOMBIT,20201007,19.8400,21.0000,19.8400,20.3000,90331
BORYSZEW,20201007,3.1800,3.2000,3.1600,3.1850,29893
BOS,20201007,5.8000,5.8000,5.6200,5.7400,2810
BOWIM,20201007,1.9600,1.9800,1.9600,1.9800,3533
BRASTER,20201007,0.6800,0.7160,0.6540,0.6900,231147
BUDIMEX,20201007,251.5000,263.0000,243.5000,262.5000,6201
BUMECH,20201007,2.0000,2.0400,2.0000,2.0000,10407
CCC,20201007,52.7000,53.0600,49.3100,50.8000,358237
CDPROJEKT,20201007,375.3000,379.8000,365.7000,377.1000,529453
CDRL,20201007,13.4000,13.4000,13.2000,13.2000,32
CELTIC,20201007,6.6500,6.6500,6.6500,6.6500,151
CEZ,20201007,73.5000,74.1000,72.7000,73.2000,594
CFI,20201007,0.2350,0.2350,0.2190,0.2300,149467
CIECH,20201007,27.0000,27.4000,26.8500,27.4000,58380
CIGAMES,20201007,1.4180,1.4200,1.3800,1.4100,336155
CITYSERV,20201007,7.6500,8.0000,7.6500,8.0000,451
CLNPHARMA,20201007,40.6500,41.5000,40.0500,40.2000,17024
CNT,20201007,13.7000,13.9000,13.1000,13.9000,1574
COALENERG,20201007,0.6400,0.6400,0.6200,0.6300,11900
COGNOR,20201007,1.2900,1.2900,1.2600,1.2850,40221
COMARCH,20201007,209.0000,211.0000,206.0000,208.0000,557
COMP,20201007,59.6000,60.0000,59.6000,60.0000,270
COMPERIA,20201007,2.2200,2.2200,2.2200,2.2200,2200
CORMAY,20201007,1.7200,1.7600,1.6700,1.7300,393102
CPGROUP,20201007,6.1000,6.2400,6.1000,6.2400,603
CYFRPLSAT,20201007,27.2000,27.4600,26.6600,27.2600,376842
CZTOREBKA,20201007,0.4620,0.5500,0.4620,0.5450,13231
DATAWALK,20201007,196.5000,197.0000,191.5000,192.0000,3594
DEBICA,20201007,84.0000,84.2000,82.4000,83.8000,2873
DECORA,20201007,30.0000,30.0000,28.7000,29.1000,919
DEKPOL,20201007,27.2000,27.2000,25.4000,26.0000,1558
DELKO,20201007,17.3000,17.4000,16.5000,17.2000,25887
DEVELIA,20201007,1.8240,1.8460,1.8060,1.8420,53573
DGA,20201007,5.4400,5.4400,5.1200,5.1200,193
DINOPL,20201007,227.0000,228.8000,220.2000,222.2000,225379
DOMDEV,20201007,102.0000,102.5000,100.0000,101.0000,544
DROZAPOL,20201007,1.8000,1.8000,1.7000,1.7000,3513
ECHO,20201007,4.0100,4.0800,4.0100,4.0800,23252
EDINVEST,20201007,3.7400,3.7400,3.5800,3.5800,3379
EFEKT,20201007,4.8800,4.8800,4.8800,4.8800,333
EKOEXPORT,20201007,3.9750,4.0350,3.7500,3.8500,63484
ELBUDOWA,20201007,1.2700,1.3000,1.1800,1.2480,30445
ELEKTROTI,20201007,5.6200,5.7800,5.4000,5.4600,5736
ELEMENTAL,20201007,2.4200,2.4600,2.4200,2.4400,20077
ELKOP,20201007,0.2450,0.2510,0.2430,0.2500,32338
ELZAB,20201007,4.0800,4.0800,3.9400,3.9800,782
EMCINSMED,20201007,16.5000,16.5000,14.4000,14.4000,471
ENAP,20201007,1.4200,1.4400,1.4200,1.4400,649
ENEA,20201007,5.9000,5.9350,5.8050,5.8700,156624
ENELMED,20201007,14.0000,14.1000,14.0000,14.1000,127
ENERGA,20201007,8.3000,8.3100,8.2950,8.2950,1253512
ENERGOINS,20201007,0.7400,0.7400,0.7220,0.7220,800
ENTER,20201007,22.0000,22.6000,22.0000,22.5000,21721
ERBUD,20201007,19.6500,19.6500,19.5000,19.5000,204
ERG,20201007,50.5000,53.5000,50.5000,53.5000,261
ESOTIQ,20201007,9.8600,9.9000,9.7600,9.8600,6781
ETFDAX,20201007,548.9000,548.9000,540.2000,541.9000,89
ETFSP500,20201007,132.1800,132.9600,131.4600,132.8200,1363
ETFW20L,20201007,216.5000,217.0000,212.5000,214.3000,514
EUCO,20201007,4.6300,4.7800,4.6300,4.7800,1698
EUROCASH,20201007,14.6800,14.6800,14.4500,14.4500,82924
EUROHOLD,20201007,4.2800,4.3000,4.2800,4.3000,77
EUROTEL,20201007,23.0000,23.0000,22.9000,23.0000,705
EVEREST,20201007,21.0000,21.0000,19.5000,20.4000,215
FAMUR,20201007,1.7000,1.7200,1.6640,1.6880,78612
FASING,20201007,11.0000,11.0000,10.8000,10.8000,5544
FEERUM,20201007,11.8500,11.8500,11.7500,11.7500,437
FERRO,20201007,18.8000,18.8000,18.0000,18.7000,2696
FERRUM,20201007,3.5800,3.7800,3.5800,3.7800,259
FON,20201007,0.1220,0.1230,0.1180,0.1200,86032
FORTE,20201007,31.5000,32.2500,31.4000,31.8500,5219
GAMEOPS,20201007,31.2100,32.9800,31.2100,32.0000,938
GAMFACTOR,20201007,18.0100,18.5000,17.9980,18.0000,2127
GAMFACTOR-PDA,20201007,17.2000,17.2000,16.8040,16.9000,3045
GETIN,20201007,0.7705,0.7850,0.7675,0.7810,270208
GETINOBLE,20201007,0.1908,0.1908,0.1878,0.1900,157330
GLCOSMED,20201007,5.9000,6.2000,5.8000,6.0000,71945
GPW,20201007,45.3000,46.9500,44.9500,46.9500,154589
GROCLIN,20201007,1.0500,1.0950,1.0400,1.0850,21200
GRODNO,20201007,13.9000,14.0000,13.2500,13.3000,69543
GRUPAAZOTY,20201007,26.7500,26.7500,25.7500,25.9500,40473
GTC,20201007,6.3600,6.4400,6.3400,6.4000,11401
HANDLOWY,20201007,36.1000,36.2000,35.8000,35.9500,4445
HARPER,20201007,19.2000,19.9000,18.6000,19.8000,37396
HELIO,20201007,11.0000,11.0000,11.0000,11.0000,2
HERKULES,20201007,1.2900,1.3000,1.2600,1.3000,22187
HUBSTYLE,20201007,0.9100,1.0000,0.8900,1.0000,28608
HYDROTOR,20201007,28.4000,28.4000,27.8000,28.2000,941
I2DEV,20201007,8.9500,8.9500,8.7000,8.9500,341
IALBGR,20201007,0.2800,0.2800,0.2800,0.2800,5000
IDEABANK,20201007,1.4840,1.4880,1.4720,1.4780,12257
IDMSA,20201007,0.9050,0.9500,0.9050,0.9250,2552
IFIRMA,20201007,4.5200,4.5500,4.4400,4.4500,2634
IMCOMPANY,20201007,11.0000,11.0000,11.0000,11.0000,3756
IMMOBILE,20201007,2.5300,2.5500,2.4000,2.4700,22550
IMPEL,20201007,11.9500,12.2000,11.9500,12.2000,321
IMPERA,20201007,1.5000,1.5000,1.2700,1.3200,273660
IMS,20201007,2.5000,2.5000,2.3900,2.4900,12788
INC,20201007,10.0000,10.4000,9.3000,9.6000,218893
INGBSK,20201007,129.0000,131.0000,127.2000,131.0000,58205
INPRO,20201007,4.8000,4.8000,4.5200,4.5200,180
INSTALKRK,20201007,19.9500,19.9500,19.9000,19.9000,624
INTERAOLT,20201007,15.8000,15.9000,15.6000,15.8500,2275
INTERCARS,20201007,232.0000,239.0000,232.0000,238.0000,221
INTERSPPL,20201007,1.2550,1.2550,1.2550,1.2550,189
INTLBCO31666,20201007,45.5000,45.5000,45.5000,45.5000,40
INTLBCO31914,20201007,33.4000,33.4000,33.4000,33.4000,3
INTLBCO31989,20201007,25.5500,26.0000,25.4000,25.4000,419
INTLBCO31997,20201007,28.7500,28.7500,28.7500,28.7500,368
INTLBCO32896,20201007,20.9500,21.0000,18.9600,20.3000,355
INTLCCC30510,20201007,3.3100,3.3100,3.2600,3.2600,4000
INTLCCC31476,20201007,2.0000,2.0000,1.7000,1.7000,34700
INTLCDR28969,20201007,18.9200,18.9200,18.9200,18.9200,52
INTLCDR30478,20201007,12.4600,12.5600,12.4600,12.5600,200
INTLCDR30486,20201007,14.3000,14.3000,14.3000,14.3000,110
INTLCDR30494,20201007,14.5600,14.5600,14.4400,14.4400,2000
INTLCDR30718,20201007,10.1400,10.1400,10.1400,10.1400,344
INTLCDR30726,20201007,11.0000,11.4800,10.9200,11.4800,270
INTLCDR30973,20201007,8.4800,9.1200,8.2800,8.8000,964
INTLCDR31377,20201007,7.0000,7.6000,7.0000,7.5300,2352
INTLCDR33290,20201007,5.1000,6.0300,5.0500,6.0300,23465
INTLDAX32821,20201007,47.0000,47.0000,47.0000,47.0000,24
INTLDAX32839,20201007,59.5000,59.5000,57.9000,57.9000,360
INTLDAX32946,20201007,41.0000,41.0000,36.1500,38.3500,1516
INTLDAX34769,20201007,28.5500,28.5500,25.6500,27.7000,7876
INTLDNP34710,20201007,4.8200,4.8200,4.5400,4.5400,727
INTLEUD33860,20201007,17.2400,17.7600,17.2400,17.3600,292
INTLGBU32706,20201007,42.9000,42.9000,42.9000,42.9000,24
INTLGLD30130,20201007,155.8000,155.8000,152.2000,153.2000,18
INTLGLD31310,20201007,113.0000,113.0000,109.6000,109.6000,14
INTLGLD33100,20201007,76.0000,76.0000,71.7000,71.7000,128
INTLGLD33456,20201007,36.2500,37.4000,29.6500,30.0000,2626
INTLGLD33464,20201007,49.2000,49.2000,46.0000,46.0000,420
INTLGLD33472,20201007,63.5000,63.5000,58.6000,58.6000,211
INTLJSW30569,20201007,17.7000,17.7000,17.7000,17.7000,100
INTLJSW32136,20201007,13.7200,13.7200,13.6000,13.6000,1000
INTLJSW34728,20201007,7.3700,7.3700,7.3700,7.3700,70
INTLJSW34744,20201007,9.6500,10.0000,9.6500,10.0000,250
INTLKGH32060,20201007,47.5500,48.0000,47.5500,48.0000,460
INTLKGH33936,20201007,19.1600,20.0000,19.1600,20.0000,55
INTLLTS34017,20201007,8.7000,8.7000,8.7000,8.7000,400
INTLNAG31732,20201007,2.0500,2.0500,2.0000,2.0000,791
INTLNAG33076,20201007,1.8200,1.8200,1.8200,1.8200,1500
INTLNDX32987,20201007,90.6000,90.6000,90.6000,90.6000,55
INTLNDX33621,20201007,47.3000,47.3000,47.3000,47.3000,30
INTLNDX34777,20201007,37.1000,37.9500,37.1000,37.9500,921
INTLPEO29439,20201007,20.8500,20.8500,20.8000,20.8000,249
INTLPEO29801,20201007,12.2200,12.4000,12.2200,12.4000,341
INTLPEO29819,20201007,14.5000,14.5000,14.3200,14.3200,145
INTLPEO30411,20201007,11.3000,11.3000,10.0600,10.6600,2150
INTLPGE32292,20201007,1.9200,1.9200,1.9200,1.9200,500
INTLPGE34652,20201007,1.4000,1.4000,1.4000,1.4000,500
INTLPGE34660,20201007,1.7000,1.7000,1.7000,1.7000,700
INTLPKN05496,20201007,13.8200,13.8200,13.8200,13.8200,535
INTLPKN05835,20201007,11.4000,11.4000,10.9400,10.9400,150
INTLPKN06353,20201007,9.0700,9.0700,8.6200,8.6200,1960
INTLPKN29835,20201007,7.2600,7.3100,6.5600,6.6700,3324
INTLPKO29413,20201007,9.6500,9.6500,9.6500,9.6500,150
INTLPKO30387,20201007,5.0700,5.5100,5.0400,5.1200,1039
INTLPKO30395,20201007,5.8800,5.8800,5.8600,5.8600,833
INTLPKO30403,20201007,6.6900,7.0000,6.6900,6.9000,2930
INTLPKO30692,20201007,4.0800,4.3200,4.0800,4.1200,2872
INTLPLA30288,20201007,10.6400,10.6400,10.6400,10.6400,139
INTLPLA31138,20201007,6.8900,6.8900,6.6400,6.6400,200
INTLPLA33084,20201007,4.0000,4.0000,3.5000,3.5000,599
INTLPLA34579,20201007,2.9500,3.0100,2.5300,2.5300,1618
INTLPZU14712,20201007,5.8500,5.8500,5.4100,5.6900,2212
INTLPZU15800,20201007,8.6200,8.6200,7.9200,8.1500,4028
INTLPZU15941,20201007,4.1000,4.3000,4.0400,4.3000,3330
INTLPZU29371,20201007,4.0800,4.1500,3.7000,4.1500,6200
INTLSLV29330,20201007,58.7000,58.7000,58.7000,58.7000,66
INTLSLV29702,20201007,42.7500,42.7500,42.7500,42.7500,154
INTLSLV31609,20201007,31.1000,31.1000,31.1000,31.1000,160
INTLSLV33340,20201007,12.2000,12.4600,11.3400,12.2800,6075
INTLSLV33357,20201007,15.2600,15.3600,14.8000,14.8000,5938
INTLSLV33365,20201007,18.1600,18.2000,17.0000,17.0000,2840
INTLSLV33373,20201007,21.0500,21.0500,21.0500,21.0500,40
INTLSLV33381,20201007,23.6500,23.6500,23.6500,23.6500,111
INTLSPX32862,20201007,23.7500,23.7500,23.7500,23.7500,20
INTLSPX33894,20201007,18.5800,19.2000,18.5800,19.2000,256
INTLSPX34785,20201007,14.5600,14.5600,14.4200,14.4200,14691
INTLUSD20826,20201007,38.9000,38.9000,38.9000,38.9000,26
INTLUSD21170,20201007,23.1000,24.5500,23.1000,24.5500,563
INTLUSD34256,20201007,19.2600,19.2600,17.8200,17.8200,620
INTLUSD34637,20201007,13.0200,13.9200,12.8600,12.9400,7678
INTLW2031492,20201007,1.8300,1.8300,1.8300,1.8300,1000
INTLW2031864,20201007,1.7100,1.7100,1.7100,1.7100,300
INTLW2032177,20201007,1.4100,1.5200,1.3000,1.4800,5164
INTLW2032185,20201007,1.5400,1.5400,1.5100,1.5200,53500
INTLW2034751,20201007,1.2000,1.2000,1.0600,1.2000,23399
INTROL,20201007,4.2800,4.5400,4.2600,4.5400,87231
INTSBCO27573,20201007,105.2000,105.2000,105.2000,105.2000,8
INTSBCO28043,20201007,55.5000,55.5000,55.5000,55.5000,10
INTSBCO28308,20201007,31.8500,34.0000,31.6500,34.0000,300
INTSBCO34447,20201007,21.3500,21.5000,21.3500,21.5000,61
INTSBCO34454,20201007,26.8500,26.8500,26.8500,26.8500,10
INTSCCC34207,20201007,3.5300,3.7600,3.5100,3.7600,4741
INTSCDR34124,20201007,19.4200,19.4200,18.1800,18.6600,5400
INTSCDR34199,20201007,22.8500,22.8500,22.7000,22.8000,226
INTSCDR34249,20201007,15.5000,15.5000,14.3200,14.9000,17794
INTSDAX25783,20201007,42.7500,47.0500,42.7500,46.0000,754
INTSDAX25825,20201007,57.0000,58.2000,57.0000,58.2000,100
INTSDAX26591,20201007,71.0000,72.0000,71.0000,72.0000,134
INTSDAX26609,20201007,81.5000,86.0000,81.5000,86.0000,10070
INTSDAX34322,20201007,19.8800,22.9000,17.9000,20.5000,26799
INTSDAX34330,20201007,30.9000,34.3500,30.8500,32.8000,3156
INTSDNP34074,20201007,6.2000,6.3000,6.2000,6.3000,500
INTSDNP34082,20201007,8.2700,8.3900,8.1900,8.1900,505
INTSDOW24067,20201007,88.2000,88.2000,82.0000,82.0000,699
INTSDOW33282,20201007,160.6000,160.6000,160.6000,160.6000,20
INTSEUD21246,20201007,20.1000,20.3500,19.7400,19.7400,484
INTSEUR28340,20201007,24.5000,24.5000,23.8500,23.8500,208
INTSEUR29165,20201007,33.3000,33.3500,33.3000,33.3500,70
INTSGBP31419,20201007,46.3000,46.6500,46.3000,46.6500,80
INTSGLD31591,20201007,143.6000,143.6000,143.6000,143.6000,25
INTSGLD33316,20201007,92.1000,97.0000,92.1000,97.0000,60
INTSGLD33886,20201007,195.4000,195.4000,195.4000,195.4000,10
INTSGLD34504,20201007,69.3000,69.8000,69.3000,69.8000,11
INTSKGH33969,20201007,52.4000,52.4000,52.4000,52.4000,1000
INTSLTS34041,20201007,20.1500,21.0000,20.1500,21.0000,1290
INTSNDX33225,20201007,60.4000,60.4000,58.2000,59.3000,312
INTSNDX33233,20201007,75.5000,75.5000,73.7000,74.1000,8000
INTSNDX33647,20201007,157.0000,157.0000,157.0000,157.0000,16
INTSNDX34389,20201007,32.0000,32.5000,29.2500,30.1500,4941
INTSNDX34397,20201007,45.7500,45.7500,45.7500,45.7500,2000
INTSNKX27094,20201007,145.4000,145.4000,145.4000,145.4000,9
INTSPEO32326,20201007,19.5600,19.5600,19.5600,19.5600,153
INTSPGE26211,20201007,3.6000,3.6000,3.6000,3.6000,500
INTSPGE26989,20201007,3.2600,3.2600,3.2100,3.2100,3350
INTSPGE34157,20201007,1.9400,2.0800,1.9400,2.0700,3300
INTSPGN34033,20201007,1.1400,1.1400,1.1400,1.1400,1500
INTSPKN34173,20201007,21.9500,22.2500,21.9500,22.2500,116
INTSPLA34488,20201007,7.2000,7.2000,7.2000,7.2000,50
INTSPLA34587,20201007,5.4500,5.5000,5.4500,5.5000,182
INTSSLV33696,20201007,28.9500,28.9500,28.9500,28.9500,3
INTSSLV34546,20201007,12.1800,12.8600,12.0000,12.8600,357
INTSSPX34140,20201007,23.1000,23.1000,22.0000,22.0000,211
INTSSPX34413,20201007,16.8400,17.0400,16.4000,16.4000,355
INTSUSD33589,20201007,24.4500,24.4500,23.1000,23.7000,141
INTSW2024257,20201007,5.8900,5.8900,5.8900,5.8900,1694
INTSW2026005,20201007,5.4100,5.6500,5.4100,5.6100,860
INTSW2026328,20201007,5.3400,5.3400,5.3400,5.3400,615
INTSW2027078,20201007,5.0300,5.0300,5.0300,5.0300,485
INTSW2028464,20201007,2.2000,2.4000,2.2000,2.4000,7092
INTSW2034264,20201007,1.1400,1.2400,1.1000,1.1800,30266
INVGLDFIZ,20201007,1820.1000,1820.1000,1817.1000,1817.1000,19
INVPEFIZ,20201007,876.1100,928.8900,876.1100,917.9000,184
IPOPEMA,20201007,3.4000,3.4200,3.4000,3.4200,1704
ITMTRADE,20201007,0.1420,0.1530,0.1410,0.1530,21790
IZOBLOK,20201007,31.2000,31.2000,31.2000,31.2000,15
IZOLACJA,20201007,1.3700,1.3700,1.3700,1.3700,17
IZOSTAL,20201007,2.1900,2.2000,2.1700,2.1800,37474
JSW,20201007,26.2000,26.5000,25.5200,26.3100,639146
JWCONSTR,20201007,2.9700,2.9700,2.8700,2.9700,9578
JWWINVEST,20201007,3.0000,3.0000,3.0000,3.0000,25
K2INTERNT,20201007,17.0000,17.5000,16.5000,16.7000,4468
KCI,20201007,0.6940,0.7300,0.6940,0.7100,12381
KERNEL,20201007,40.8000,40.8000,40.2000,40.2000,17024
KETY,20201007,461.0000,463.0000,458.0000,460.0000,654
KGHM,20201007,116.8500,120.0000,115.8000,120.0000,640460
KGL,20201007,16.3000,16.3000,15.8500,16.2000,560
KINOPOL,20201007,6.5500,6.6500,6.4500,6.6000,10913
KOGENERA,20201007,33.8000,33.8000,33.0000,33.4000,1416
KOMPAP,20201007,8.2000,8.2000,8.2000,8.2000,7328
KOMPUTRON,20201007,1.8800,1.9000,1.8700,1.8800,3620
KPPD,20201007,26.0000,26.0000,23.8000,25.4000,1218
KREC,20201007,7.2200,7.2200,7.2200,7.2200,5
KREDYTIN,20201007,10.4000,10.4000,10.4000,10.4000,2
KRKA,20201007,385.0000,385.0000,373.0000,373.0000,56
KRUK,20201007,132.2000,139.4000,132.2000,138.0000,36312
KRUSZWICA,20201007,53.0000,53.4000,53.0000,53.0000,639
KRVITAMIN,20201007,35.9000,38.1000,35.0000,37.9000,51456
KSGAGRO,20201007,1.3000,1.3200,1.2500,1.3200,6808
LABOPRINT,20201007,9.8600,9.8600,9.8600,9.8600,10
LARQ,20201007,2.1900,2.6200,2.1700,2.4100,26926
LENA,20201007,3.4800,3.4800,3.4700,3.4800,5070
LENTEX,20201007,8.9800,9.0400,8.9600,9.0400,1534
LIBET,20201007,2.2000,2.2000,2.0600,2.0900,183131
LIVECHAT,20201007,94.6000,97.8000,93.0000,97.8000,10864
LOKUM,20201007,12.0000,12.0000,11.8000,12.0000,14984
LOTOS,20201007,36.9000,37.0800,35.2500,35.9100,567997
LPP,20201007,7040.0000,7095.0000,6810.0000,6900.0000,1510
LUBAWA,20201007,1.2950,1.3400,1.2750,1.3000,366704
MABION,20201007,32.1000,32.2500,30.9500,31.6500,14618
MAKARONPL,20201007,5.8500,5.8500,5.8000,5.8500,1911
MANGATA,20201007,44.6000,44.6000,43.0000,43.0000,619
MARVIPOL,20201007,5.3800,5.4000,5.1600,5.3600,10673
MASTERPHA,20201007,4.1800,4.5000,4.1800,4.5000,10037
MAXCOM,20201007,12.0000,12.0000,11.8000,11.9500,925
MBANK,20201007,177.0000,177.6000,170.1000,175.0000,41925
MBWS,20201007,5.8500,5.8500,5.4000,5.4000,606
MCI,20201007,13.9500,13.9500,13.8000,13.9000,1677
MDIENERGIA,20201007,3.7000,3.7900,3.6500,3.7900,24512
MEDICALG,20201007,22.4000,22.4000,21.8000,22.0500,1092
MENNICA,20201007,19.1000,19.1000,18.9000,19.1000,685
MERCATOR,20201007,508.0000,536.0000,502.0000,534.0000,40390
MERCOR,20201007,10.2000,10.3000,10.2000,10.2000,3164
MEXPOLSKA,20201007,1.4200,1.4200,1.2400,1.2400,57021
MFO,20201007,18.9000,19.9000,18.9000,19.7000,1427
MILKILAND,20201007,0.6900,0.6900,0.6210,0.6800,3656
MILLENNIUM,20201007,2.9260,2.9260,2.8300,2.8900,670345
MIRACULUM,20201007,1.2000,1.2000,1.1400,1.1600,12234
MIRBUD,20201007,2.3700,2.4000,2.3500,2.3600,121633
MLPGROUP,20201007,73.0000,73.0000,69.5000,69.5000,48
MLSYSTEM,20201007,81.0000,81.0000,79.0000,80.4000,9578
MOBRUK,20201007,266.0000,278.0000,264.0000,276.0000,108
MOJ,20201007,1.3700,1.3700,1.3700,1.3700,367
MOL,20201007,20.8000,20.8200,20.5000,20.7000,51843
MONNARI,20201007,1.8450,1.8450,1.8000,1.8200,18347
MOSTALPLC,20201007,8.4400,8.5000,8.3000,8.5000,3742
MOSTALWAR,20201007,4.5000,4.6400,4.4200,4.6400,401
MOSTALZAB,20201007,0.9460,0.9460,0.9060,0.9200,257579
MWTRADE,20201007,1.8700,1.8700,1.8500,1.8600,1630
NANOGROUP,20201007,3.3000,3.3000,3.2600,3.3000,4032
NETIA,20201007,4.5000,4.5000,4.5000,4.5000,5947
NEUCA,20201007,509.0000,513.0000,506.0000,512.0000,793
NEWAG,20201007,26.6000,26.6000,25.6000,26.0000,3729
NOVATURAS,20201007,7.9000,8.6000,7.7000,8.6000,62
NOVAVISGR,20201007,2.1800,2.1800,2.0200,2.1200,28046
NOVITA,20201007,134.5000,134.5000,133.0000,134.5000,126
NTTSYSTEM,20201007,2.8500,2.8500,2.8200,2.8200,16
OAT,20201007,18.0000,19.8000,16.8000,18.9000,64114
ODLEWNIE,20201007,4.6300,4.6600,4.6300,4.6600,1254
OEX,20201007,15.5000,15.5000,15.0000,15.2000,5493
OPENFIN,20201007,0.7600,0.7600,0.7600,0.7600,1
OPERA3GR,20201007,231.1000,231.1000,231.1000,231.1000,7
OPONEO.PL,20201007,29.4000,29.4000,28.3000,29.1000,2226
OPTEAM,20201007,27.6000,27.6000,26.8000,26.8000,1006
ORANGEPL,20201007,6.9550,6.9950,6.8550,6.9500,1442161
ORZBIALY,20201007,11.1500,11.1500,11.0000,11.0000,28
OTLOG,20201007,5.5000,5.5000,5.2500,5.2500,4639
OTMUCHOW,20201007,1.2800,1.2800,1.2700,1.2700,29
OVOSTAR,20201007,68.5000,68.5000,66.0000,66.0000,17
PAMAPOL,20201007,1.3900,1.3900,1.3000,1.3700,74919
PATENTUS,20201007,1.0050,1.0300,1.0000,1.0300,11165
PBKM,20201007,77.4000,77.6000,71.0000,74.4000,1730
PCCEXOL,20201007,3.7000,3.7700,3.5900,3.7400,232021
PCCROKITA,20201007,44.1000,44.1000,43.8000,44.1000,841
PEKABEX,20201007,14.2000,14.2000,13.9500,13.9500,223116
PEKAO,20201007,54.6400,54.9000,53.8600,54.1600,694256
PEMANAGER,20201007,9.6600,10.0000,9.6000,9.6000,1269
PEP,20201007,48.0000,49.0000,46.8000,47.4000,3890
PEPEES,20201007,1.3600,1.3600,1.3100,1.3500,11687
PGE,20201007,6.5840,6.6400,6.3300,6.4600,2155196
PGNIG,20201007,5.1000,5.2300,5.0800,5.2300,4530244
PGSSOFT,20201007,11.9000,11.9000,11.6000,11.7000,2726
PHARMENA,20201007,11.0000,11.0000,10.4000,10.8500,1754
PHN,20201007,11.4000,11.4000,11.1000,11.2500,2126
PKNORLEN,20201007,46.7600,46.8700,46.1500,46.7600,678914
PKOBP,20201007,22.7300,22.9800,22.4900,22.8400,2856887
PKOGS,20201007,90.8900,90.9000,90.8900,90.9000,900
PKOSO,20201007,106.6100,106.6100,106.6100,106.6100,50
PKPCARGO,20201007,11.1800,11.5000,11.0600,11.2000,122841
PLASTBOX,20201007,1.6400,1.6400,1.6000,1.6300,75091
PLAY,20201007,38.6000,38.6400,38.5200,38.6200,2916619
PLAYWAY,20201007,535.0000,535.0000,515.0000,523.0000,8555
PLAZACNTR,20201007,1.7700,1.7700,1.7400,1.7400,1010
PMPG,20201007,1.7400,1.7500,1.7400,1.7500,1049
POLICE,20201007,12.0000,12.2000,11.9000,12.2000,930
POLIMEXMS,20201007,2.2200,2.3100,2.1450,2.2500,909384
POLNORD,20201007,3.1600,3.2400,3.0400,3.1000,13709
POLWAX,20201007,2.8900,2.9200,2.8700,2.8800,3559
POZBUD,20201007,1.8300,1.8900,1.8000,1.8900,81224
PRAGMAFA,20201007,27.8000,29.0000,27.6000,28.4000,6543
PRAGMAINK,20201007,8.5000,8.5000,8.4600,8.4600,164
PRAIRIE,20201007,0.6300,0.6400,0.6000,0.6360,477579
PROCHEM,20201007,18.9000,18.9000,18.8000,18.8000,10
PROJPRZEM,20201007,16.5500,16.5500,16.1000,16.1000,1681
PROTEKTOR,20201007,5.0500,5.2500,4.9800,5.1000,98399
PROVIDENT,20201007,2.6200,2.7450,2.6200,2.6900,69767
PULAWY,20201007,81.0000,81.0000,79.0000,81.0000,268
PUNKPIRAT,20201007,0.7400,0.7400,0.7100,0.7200,20671
PZU,20201007,26.1000,26.1200,25.3200,25.8000,1949473
PZUAKORD,20201007,119.1700,119.2200,119.1700,119.2200,200
QMULTIFIZ,20201007,1190.0000,1190.0000,1190.0000,1190.0000,46
QUERCUS,20201007,3.4200,3.4400,3.3600,3.4400,26438
R22,20201007,31.5000,31.5000,31.3000,31.3000,2575
RADPOL,20201007,2.3300,2.3800,2.3100,2.3500,26328
RAFAKO,20201007,0.9300,0.9370,0.8900,0.9120,260896
RAFAMET,20201007,13.6000,14.0000,13.6000,14.0000,24
RAINBOW,20201007,13.7000,14.0000,13.2500,13.6000,7506
RANKPROGR,20201007,1.7700,1.7700,1.7700,1.7700,10
RAWLPLUG,20201007,7.9800,7.9800,7.7400,7.7400,108
RCBMWIG401121,20201007,1003.0000,1003.0000,1003.0000,1003.0000,800
RCFL10GOLD,20201007,15.6600,15.8800,14.5000,14.5000,2043
RCFL10GOLD1,20201007,6.9000,6.9000,6.7900,6.8000,2791
RCFL2COCO,20201007,8.0800,8.0800,8.0800,8.0800,100
RCFL2WHT,20201007,6.5000,6.5000,6.5000,6.5000,4000
RCFL3ALR1,20201007,6.5000,6.6300,6.1200,6.6000,9200
RCFL3BZW,20201007,1.8900,1.8900,1.8900,1.8900,3000
RCFL3CCC,20201007,0.0500,0.0500,0.0500,0.0500,5500
RCFL3CCC1,20201007,9.4400,9.4400,8.6200,8.6200,2620
RCFL3CDPRO1,20201007,74.7000,80.0000,74.7000,80.0000,3229
RCFL3COFF3,20201007,5.8800,6.2400,5.8800,6.2400,260
RCFL3CORN,20201007,1.8800,1.8800,1.8800,1.8800,5425
RCFL3GASO2,20201007,5.9500,5.9500,5.8300,5.8300,2600
RCFL3GOLD2,20201007,26.0500,26.0500,25.3500,25.3500,600
RCFL3JSW,20201007,0.9600,0.9600,0.8900,0.9000,41400
RCFL3JSW1,20201007,31.4000,31.4000,31.4000,31.4000,500
RCFL3KGH,20201007,3.4000,3.4000,3.4000,3.4000,1
RCFL3MBK,20201007,1.8000,1.8200,1.8000,1.8200,999
RCFL3NAG2,20201007,3.6300,4.0300,3.6300,4.0200,1900
RCFL3PEO,20201007,0.9300,0.9700,0.9300,0.9700,14800
RCFL3PGE,20201007,0.2000,0.2000,0.1700,0.1800,20500
RCFL3PKN,20201007,8.0100,8.0100,7.8100,7.8100,1709
RCFL3PKO,20201007,2.7200,2.7200,2.7200,2.7200,500
RCFL3PLAT2,20201007,8.3200,8.3200,8.0300,8.0300,2350
RCFL3PZU,20201007,9.4700,9.6600,9.4000,9.6600,280
RCFL3SILVE,20201007,6.1100,6.1100,5.9400,5.9400,2085
RCFL3SILVE3,20201007,16.9200,17.2000,16.6600,17.2000,400
RCFL3WHT3,20201007,10.5200,10.5200,10.5200,10.5200,130
RCFL4CDPRO,20201007,34.7500,40.0000,34.7500,38.3000,1222
RCFL4CDPRO1,20201007,6.3700,6.3700,6.3700,6.3700,30
RCFL4GAMES,20201007,62.9000,65.0000,62.2000,63.3000,530
RCFL4JMT,20201007,5.5300,5.5300,5.5300,5.5300,50
RCFL4KGH,20201007,3.1100,3.3000,3.1100,3.2600,2497
RCFL4PEO,20201007,0.0800,0.0800,0.0800,0.0800,377
RCFL4PEO1,20201007,6.0500,6.0500,5.7800,5.7800,1070
RCFL4PKN1,20201007,1.6800,1.7000,1.6800,1.7000,850
RCFL4PKO,20201007,0.2700,0.3000,0.2700,0.2800,11500
RCFL4PZU,20201007,0.4400,0.4400,0.4300,0.4300,4500
RCFL4SILVE1,20201007,6.2200,6.2200,5.9400,5.9400,50
RCFL4SOY,20201007,10.4000,10.8400,10.4000,10.6000,130
RCFL5COPP,20201007,5.4500,6.0300,5.4500,6.0300,3950
RCFL5CORN,20201007,2.5900,2.7100,2.5900,2.6600,450
RCFL5FW20,20201007,0.5100,0.5100,0.5100,0.5100,2000
RCFL5SBO1,20201007,7.7700,7.8100,7.7200,7.8100,900
RCFL5SILVE,20201007,1.4000,1.4500,1.3000,1.4100,97000
RCFL5SUGA1,20201007,1.0600,1.1500,1.0600,1.1500,10000
RCFL5WHT1,20201007,2.3300,2.3300,2.3300,2.3300,3550
RCFL6COFF2,20201007,1.4600,1.6400,1.4600,1.6000,39400
RCFL6CORN,20201007,1.5000,1.5000,1.5000,1.5000,1222
RCFL6NAG1,20201007,0.0300,0.0300,0.0300,0.0300,8500
RCFL6PLAT2,20201007,3.3000,3.3000,3.3000,3.3000,597
RCFL6SILVE,20201007,1.8900,1.8900,1.7500,1.8700,20816
RCFL6SILVE2,20201007,12.3800,12.3800,12.3800,12.3800,1400
RCFL6SUGA,20201007,1.8400,1.8400,1.8400,1.8400,3200
RCFL6W20,20201007,9.4100,9.4100,9.4000,9.4000,624
RCFL6W201,20201007,0.3200,0.3200,0.3100,0.3100,60000
RCFL8COFF1,20201007,0.4000,0.4000,0.3900,0.3900,20000
RCFS10GOLD2,20201007,13.6800,13.6800,13.6800,13.6800,200
RCFS2GAMES,20201007,3.3200,3.3500,3.3200,3.3500,580
RCFS2PKN,20201007,5.3500,5.3500,5.3500,5.3500,334
RCFS2W20,20201007,64.5000,64.5000,64.5000,64.5000,9
RCFS3CDPRO,20201007,3.8700,3.8700,3.8700,3.8700,4000
RCFS3FDX,20201007,5.0900,5.1600,5.0900,5.1600,10394
RCFS3GAMES,20201007,1.4600,1.5200,1.4600,1.5200,1700
RCFS3KGH,20201007,0.2700,0.2800,0.2600,0.2600,47529
RCFS3LPP,20201007,0.5500,0.5500,0.5500,0.5500,5500
RCFS3LPP1,20201007,9.1900,9.1900,9.1900,9.1900,100
RCFS3PGE,20201007,1.3500,1.3500,1.3100,1.3100,2000
RCFS3SILVE1,20201007,1.6200,1.6200,1.6200,1.6200,500
RCFS3TPE,20201007,0.8400,0.8600,0.7800,0.8000,60500
RCFS3W20,20201007,32.7000,33.2000,32.7000,32.9500,1281
RCFS4CDPRO1,20201007,2.4800,2.5300,2.4000,2.4000,3500
RCFS4PGN,20201007,1.3100,1.3100,1.3100,1.3100,300
RCFS4PKO,20201007,10.7200,10.7200,10.7200,10.7200,100
RCFS5SUGA,20201007,3.0000,3.0000,2.7700,2.7700,3350
RCFS6CORN,20201007,3.1800,3.1800,3.1800,3.1800,522
RCFS6NAG2,20201007,5.8800,5.8800,5.8800,5.8800,167
RCFS6W201,20201007,4.0100,4.1600,3.9300,3.9300,8508
RCFS8COCO,20201007,4.0800,4.1500,4.0500,4.1000,22138
RCFS8COPP1,20201007,1.2200,1.2200,1.2200,1.2200,10500
RCGBSK0621B,20201007,1049.5000,1049.5000,1049.5000,1049.5000,50
RCGBSK0721,20201007,1051.0000,1051.0000,1051.0000,1051.0000,30
RCGETNA0321,20201007,1059.5000,1059.5000,1059.5000,1059.5000,64
RCGLDAOPEN,20201007,738.0000,740.0000,738.0000,740.0000,5
RCGOIL1022,20201007,1027.5000,1027.5000,1027.5000,1027.5000,32
RCGOIL1122,20201007,1024.5000,1024.5000,1024.5000,1024.5000,25
RCGSD3E0822,20201007,1072.5000,1072.5000,1072.5000,1072.5000,10
RCGSEESGSEP0822,20201007,1006.0000,1006.0000,1006.0000,1006.0000,97
RCGTECBSK0222,20201007,1089.5000,1089.5000,1089.5000,1089.5000,100
RCGTECBSK0321,20201007,1039.5000,1039.5000,1039.5000,1039.5000,31
RCGTECBSK0621,20201007,1071.0000,1071.0000,1071.0000,1071.0000,150
RCGXAU0322,20201007,1077.5000,1077.5000,1077.5000,1077.5000,370
RCLMSFINAOPEN,20201007,60.6000,60.6000,60.6000,60.6000,26
RCLNAGOPEN,20201007,1.6800,1.6800,1.6800,1.6800,100
RCLOILAOPEN,20201007,13.8800,13.8800,13.8600,13.8600,780
RCNDXAOPEN,20201007,432.0000,432.0000,432.0000,432.0000,5
RCTLBML,20201007,1.0900,1.0900,1.0900,1.0900,1000
RCWHTAOPEN,20201007,5.1300,5.1300,5.1300,5.1300,1000
RCWHTAOPEN1,20201007,15.2000,15.4000,15.1800,15.4000,1010
REDAN,20201007,0.1960,0.1960,0.1960,0.1960,500
REINO,20201007,1.4800,1.4800,1.4800,1.4800,2
RELPOL,20201007,5.5000,5.5000,5.3400,5.3800,7352
REMAK,20201007,10.8000,10.8000,10.7500,10.7500,14
RONSON,20201007,1.4200,1.4200,1.3350,1.4100,17776
ROPCZYCE,20201007,22.4000,22.4000,22.2000,22.2000,100
RYVU,20201007,59.8000,60.2000,59.0000,60.2000,1078
SANOK,20201007,13.6000,13.6000,13.3500,13.3500,550
SANPL,20201007,155.9000,157.4000,152.0000,155.0000,79375
SANTANDER,20201007,7.6600,7.6600,7.4900,7.5180,3527
SANWIL,20201007,5.6000,5.6000,4.8200,4.9600,719223
SEKO,20201007,9.0000,9.0000,9.0000,9.0000,110
SELENAFM,20201007,14.3500,14.3500,14.3500,14.3500,383
SELVITA,20201007,43.0000,43.1000,42.5000,42.8000,621
SERINUS,20201007,0.3700,0.3760,0.3660,0.3760,116628
SESCOM,20201007,31.4000,31.4000,30.0000,30.0000,242
SFINKS,20201007,0.4000,0.4000,0.3700,0.3700,12414
SILVAIR-REGS,20201007,8.7000,8.7000,8.4000,8.4000,962
SIMPLE,20201007,10.4000,10.6000,10.1000,10.6000,880
SKARBIEC,20201007,25.3000,26.4000,25.3000,26.3000,5698
SKOTAN,20201007,1.9500,2.0100,1.9400,2.0100,13534
SLEEPZAG,20201007,0.4200,0.4200,0.4180,0.4180,848
SNIEZKA,20201007,90.8000,90.8000,90.2000,90.2000,7
SOLAR,20201007,3.8300,3.8300,3.6900,3.6900,790
SONEL,20201007,9.4500,9.6000,9.4000,9.4000,847
SOPHARMA,20201007,17.0000,17.0000,16.9000,17.0000,182
STALEXP,20201007,2.8800,2.9500,2.8600,2.8600,78427
STALPROD,20201007,203.0000,203.0000,194.6000,199.2000,602
STALPROFI,20201007,5.9400,6.1000,5.9200,6.1000,4987
STAPORKOW,20201007,2.7800,2.7800,2.7800,2.7800,144
SUNEX,20201007,5.2400,5.3400,5.0000,5.3000,60060
SUWARY,20201007,16.7000,16.7000,16.7000,16.7000,25
SWISSMED,20201007,3.0600,3.0600,3.0000,3.0000,11573
SYGNITY,20201007,8.0000,8.0400,7.8600,8.0400,17636
SYNEKTIK,20201007,23.9000,24.7000,23.0000,24.2000,14915
TALEX,20201007,11.7000,11.7000,11.5500,11.5500,175
TAURONPE,20201007,2.3060,2.3500,2.2620,2.3500,2574684
TBULL,20201007,23.0000,25.0000,22.0000,24.7000,17755
TERMOREX,20201007,1.2600,1.2600,1.1500,1.2000,8057
TESGAS,20201007,4.4800,4.4800,4.4400,4.4800,6085
TIM,20201007,13.0500,13.1500,12.9500,13.1000,3753
TORPOL,20201007,11.5000,11.9000,11.4000,11.5000,12946
TOWERINVT,20201007,17.0000,17.7000,16.7000,17.7000,1174
TOYA,20201007,7.9400,8.3000,7.7800,7.8000,46103
TRAKCJA,20201007,1.6800,1.7180,1.6600,1.6700,75906
TRANSPOL,20201007,2.9200,2.9500,2.9200,2.9200,22635
TRIGONPP,20201007,43.9700,43.9700,43.9700,43.9700,100
TRITON,20201007,2.3000,2.3000,2.2900,2.3000,6941
TSGAMES,20201007,554.0000,560.0000,537.0000,546.0000,16505
ULTGAMES,20201007,31.4500,31.4500,30.5500,31.3000,5137
UNIBEP,20201007,7.5200,7.5200,7.5000,7.5000,1400
UNIMA,20201007,3.1800,3.1800,3.1600,3.1600,1190
UNIMOT,20201007,35.0000,35.0500,32.6000,34.9000,13332
URSUS,20201007,0.5480,0.5600,0.5480,0.5570,44869
VENTUREIN,20201007,1.7500,1.7500,1.7500,1.7500,29
VIGOSYS,20201007,555.0000,565.0000,555.0000,565.0000,29
VINDEXUS,20201007,4.8200,4.8200,4.7500,4.8000,283
VISTAL,20201007,3.6500,3.6950,3.4250,3.6300,22714
VIVID,20201007,1.9120,1.9640,1.8900,1.9600,15562
VOTUM,20201007,12.6000,13.1500,12.5000,13.0000,19602
VOXEL,20201007,38.8000,40.7000,38.8000,40.7000,940
VRG,20201007,2.4500,2.4500,2.4300,2.4400,34803
WASKO,20201007,1.3900,1.3900,1.3900,1.3900,20
WAWEL,20201007,562.0000,570.0000,562.0000,570.0000,99
WIELTON,20201007,4.1800,4.2200,4.1800,4.2000,19154
WIKANA,20201007,2.6000,3.1400,2.6000,2.6800,35242
WIRTUALNA,20201007,68.2000,69.0000,67.6000,68.4000,502
WITTCHEN,20201007,7.1600,7.2200,7.1000,7.1000,2898
WOJAS,20201007,4.3400,4.3400,4.3000,4.3400,11
WORKSERV,20201007,0.9760,1.0100,0.9600,0.9970,237252
XTB,20201007,16.2000,16.4000,15.8500,16.0000,420269
XTPL,20201007,84.2000,86.0000,83.0000,83.2000,999
ZAMET,20201007,0.9250,0.9250,0.9150,0.9250,18541
ZASTAL,20201007,19.2000,20.0000,17.3000,18.5000,3800
ZEPAK,20201007,11.0000,11.0000,10.4500,10.7000,21956
ZPUE,20201007,160.0000,160.0000,153.0000,160.0000,877
ZREMB,20201007,0.8000,0.8000,0.7600,0.7950,7838
ZUE,20201007,3.8400,3.8400,3.7600,3.8400,1064
ZYWIEC,20201007,476.0000,476.0000,476.0000,476.0000,3
INVESTORMS,20201007,3963.2200,3990.1000,3963.2200,3990.1000,192270.084
MWIG40,20201007,3625.3400,3652.7900,3613.3900,3651.7400,117619.095
MWIG40DVP,20201007,63.1100,63.1100,63.1100,63.1100,117619.095
MWIG40TR,20201007,4801.5800,4836.5400,4788.0200,4836.5400,117619.095
SWIG80,20201007,14170.2900,14202.4300,14103.4300,14140.5900,32960.492
SWIG80DVP,20201007,258.9600,258.9600,258.9600,258.9600,32960.492
SWIG80TR,20201007,18290.5400,18328.5200,18204.2400,18252.2100,32960.492
WIG,20201007,50123.0100,50231.0800,49698.4500,50207.2800,943247.676
WIG-BANKI,20201007,3958.3100,3975.6100,3911.0200,3961.1800,140300.088
WIG-BUDOW,20201007,3050.4100,3113.9400,3019.5500,3112.5100,8665.569
WIG-CEE,20201007,1091.5000,1091.5000,1084.9900,1084.9900,2304.595
WIG-CHEMIA,20201007,7085.2100,7085.2100,6926.0500,7015.5700,2686.412
WIG-ENERG,20201007,1907.8900,1919.3700,1867.6600,1898.6400,32459.426
WIG-ESG,20201007,8235.4900,8254.6400,8156.7500,8242.8400,888261.123
WIG-GORNIC,20201007,3711.5500,3810.3200,3682.3300,3810.3200,92801.460
WIG-INFO,20201007,3847.7100,3862.0800,3835.4500,3855.3700,4917.101
WIG-LEKI,20201007,6419.0300,6531.1600,6374.9800,6426.6500,32480.389
WIG-MEDIA,20201007,4743.5600,4793.9100,4726.6600,4766.4600,383.298
WIG-MOTO,20201007,3776.3400,3838.4100,3771.0000,3827.9100,1673.492
WIG-NRCHOM,20201007,2172.9700,2186.1600,2162.9800,2172.9900,1360.013
WIG-ODZIEZ,20201007,4119.6900,4136.8300,3984.4400,4034.6000,34694.818
WIG-PALIWA,20201007,4216.5500,4243.7200,4190.3000,4243.1500,77086.280
WIG-POLAND,20201007,50867.3900,51354.5400,50867.3900,51354.5400,940114.818
WIG-SPOZYW,20201007,3069.1800,3079.7200,3042.1400,3046.3800,3218.936
WIG-TELKOM,20201007,903.4000,907.5900,894.7200,904.0100,132859.840
WIG-UKRAIN,20201007,347.5800,347.5800,342.5900,342.5900,997.944
WIG.GAMES,20201007,31415.3700,31510.8800,30890.9400,31236.9800,212802.482
WIG.MS-BAS,20201007,9258.3500,9321.6000,9077.6200,9314.1400,112971.197
WIG.MS-FIN,20201007,6060.8800,6068.2400,5967.8400,6042.0400,173142.989
WIG.MS-PET,20201007,5764.7500,5797.0100,5715.0400,5790.5500,78116.431
WIG20,20201007,1736.6200,1741.1800,1715.7500,1736.6100,777612.205
WIG20DVP,20201007,7.5000,7.5000,7.5000,7.5000,777612.205
WIG20LEV,20201007,333.5500,335.3000,325.5400,333.5400,777612.205
WIG20SHORT,20201007,4166.6900,4216.8300,4155.7400,4166.7200,777612.205
WIG20TR,20201007,3172.6400,3183.1200,3138.5800,3175.2000,777612.205
WIG30,20201007,1999.2100,2005.8600,1977.4800,2000.7100,811391.082
WIG30TR,20201007,3572.5100,3610.3000,3572.5100,3610.3000,811391.082
WIGDIV,20201007,989.9000,1000.0300,989.5200,1000.0300,74071.238
WIGTECH,20201007,14594.5100,14604.1300,14514.8400,14583.4100,0.000
