06MAGNA,20201118,1.4500,1.5000,1.4000,1.4600,47784
11BIT,20201118,501.0000,512.0000,488.0000,496.0000,6428
4FUNMEDIA,20201118,5.0000,5.0000,4.7300,5.0000,117
ABPL,20201118,32.0000,32.4000,31.8000,32.2000,739
ACAUTOGAZ,20201118,37.6000,37.9000,37.0000,37.0000,965
ACTION,20201118,4.3000,4.4700,4.3000,4.3600,15179
ADIUVO,20201118,5.6000,5.6000,5.5000,5.6000,56
AGORA,20201118,6.6000,6.7200,6.4800,6.5200,6098
AGROTON,20201118,5.3800,5.9000,5.1200,5.3400,235315
AIGAMES,20201118,16.3000,16.8000,16.2000,16.5000,13255
AILLERON,20201118,7.4000,7.4200,7.2000,7.4200,4822
AIRWAY,20201118,2.0300,2.0800,1.9000,1.9250,347835
ALIOR,20201118,17.0600,17.4950,17.0600,17.4950,508659
ALLEGRO,20201118,67.8000,69.9900,65.3000,67.3000,3151660
ALTA,20201118,1.1300,1.2500,1.1200,1.2400,19426
ALTUSTFI,20201118,0.8380,0.8520,0.7960,0.8200,78591
ALUMETAL,20201118,40.0000,41.1000,39.9000,41.0000,1925
AMBRA,20201118,18.0000,18.0000,17.8500,17.9000,1192
AMICA,20201118,149.0000,151.6000,147.2000,148.6000,3253
AMREST,20201118,23.5000,24.5000,23.0000,24.3500,159815
APATOR,20201118,21.3000,21.6000,20.7000,20.8000,4924
APLISENS,20201118,10.7000,10.7000,10.2000,10.4000,779
APSENERGY,20201118,1.7800,1.8000,1.7400,1.7900,10278
ARCHICOM,20201118,22.8000,22.8000,22.2000,22.4000,25616
ARCTIC,20201118,5.1800,5.6800,5.1400,5.2800,283726
ARTERIA,20201118,4.1000,4.1000,3.9000,4.0600,1007
ARTIFEX,20201118,9.1600,9.2000,8.9000,9.1800,4454
ASBIS,20201118,7.4400,7.4400,7.2300,7.2600,106802
ASSECOBS,20201118,33.0000,33.4000,32.8000,33.0000,2037
ASSECOPOL,20201118,65.9000,66.0000,65.4000,65.4000,95430
ASSECOSEE,20201118,40.5000,40.6000,39.3000,39.9000,1508
ASTARTA,20201118,26.4000,27.9000,26.3000,27.2000,39251
ATAL,20201118,31.7000,32.5000,31.5000,32.3000,1952
ATENDE,20201118,3.1000,3.4000,3.1000,3.4000,28108
ATLANTAPL,20201118,6.2000,6.3600,6.2000,6.3600,1130
ATLANTIS,20201118,0.7000,0.7160,0.7000,0.7160,40778
ATLASEST,20201118,1.3200,1.3200,1.2500,1.3000,12840
ATMGRUPA,20201118,3.9200,4.1000,3.9200,4.1000,18545
ATREM,20201118,1.9700,2.0500,1.9700,2.0200,10686
AUTOCALLSX7E,20201118,682.5000,687.5000,682.5000,687.5000,130
AUTOPARTN,20201118,7.9400,8.0000,7.8800,7.9800,65523
BAHOLDING,20201118,0.6450,0.6590,0.6000,0.6110,341870
BBIDEV,20201118,3.5000,3.5000,3.4000,3.5000,12410
BEDZIN,20201118,9.1500,9.4000,9.1500,9.4000,1693
BENEFIT,20201118,690.0000,700.0000,682.0000,700.0000,749
BETACOM,20201118,10.5500,10.5500,10.5500,10.5500,25
BETAM40TR,20201118,51.5100,52.2100,51.5100,52.0500,7401
BETAW20LV,20201118,32.9000,33.7000,32.9000,33.7000,22756
BETAW20ST,20201118,410.0000,410.0000,404.2000,405.9000,3417
BETAW20TR,20201118,30.4700,31.0000,30.4050,31.0000,5715
BIK,20201118,11.8500,11.9500,11.4000,11.7500,2961
BIOMEDLUB,20201118,13.6500,15.6500,13.4000,15.6000,1844892
BIOTON,20201118,4.3300,4.5800,4.3100,4.5400,235509
BNPPBSK0824,20201118,1016.0000,1016.0000,1016.0000,1016.0000,5
BNPPBSK0825,20201118,963.0000,963.0000,963.0000,963.0000,90
BNPPBSK0924,20201118,969.0000,969.0000,969.0000,969.0000,34
BNPPENDL1023,20201118,1056.5000,1056.5000,1056.5000,1056.5000,232
BNPPENDL10522,20201118,1000.0000,1000.0000,1000.0000,1000.0000,20
BNPPGOLD1222,20201118,1003.5000,1003.5000,1003.5000,1003.5000,65
BNPPPL,20201118,45.4000,46.5000,45.2000,46.4000,3058
BNPPSOLED1221,20201118,1059.0000,1059.0000,1059.0000,1059.0000,20
BOGDANKA,20201118,18.1600,18.3800,17.7000,18.0000,25397
BOOMBIT,20201118,18.9800,19.2000,18.7400,19.1400,14709
BORYSZEW,20201118,2.8900,3.0300,2.8800,2.9100,220832
BOS,20201118,5.8000,5.8000,5.4000,5.6400,25038
BOWIM,20201118,2.0000,2.0800,2.0000,2.0800,1957
BRASTER,20201118,0.5100,0.5290,0.5100,0.5190,87697
BUDIMEX,20201118,255.0000,257.0000,253.0000,253.0000,2542
BUMECH,20201118,1.9400,1.9700,1.9000,1.9700,6257
CCC,20201118,54.3000,57.4600,54.0000,57.4000,480303
CDPROJEKT,20201118,371.0000,378.8000,370.0000,374.5000,309337
CDRL,20201118,14.3000,14.4500,14.3000,14.4500,798
CEZ,20201118,80.0000,80.5000,79.7000,80.1000,241
CFI,20201118,0.2460,0.2600,0.2250,0.2300,1573494
CIECH,20201118,31.1000,33.2000,31.1000,33.0000,203177
CIGAMES,20201118,1.2440,1.2680,1.1820,1.2200,1002979
CITYSERV,20201118,7.5500,7.5500,7.5500,7.5500,100
CLNPHARMA,20201118,42.3000,42.8000,41.7000,42.5000,12603
CNT,20201118,13.0000,13.2000,13.0000,13.0000,1376
COALENERG,20201118,0.5800,0.5800,0.5350,0.5800,35311
COGNOR,20201118,1.2200,1.2200,1.1850,1.2100,82577
COMARCH,20201118,202.0000,203.0000,197.0000,197.0000,1646
COMP,20201118,52.0000,52.0000,51.0000,51.4000,1538
COMPERIA,20201118,2.4000,2.6800,2.4000,2.6400,9470
CORMAY,20201118,1.3900,1.4500,1.3700,1.4250,305443
CPGROUP,20201118,6.6000,6.6000,6.5000,6.5000,25
CYFRPLSAT,20201118,26.9400,27.3000,26.7000,27.2600,531476
CZTOREBKA,20201118,0.5300,0.5300,0.4820,0.4820,45
DATAWALK,20201118,201.0000,201.0000,190.0000,196.5000,2402
DEBICA,20201118,77.6000,78.2000,77.0000,78.0000,239
DECORA,20201118,30.5000,31.2000,30.5000,31.2000,3426
DEKPOL,20201118,25.4000,27.0000,23.4000,26.0000,10476
DELKO,20201118,16.4000,17.1000,16.4000,17.0000,22044
DEVELIA,20201118,1.8540,1.9080,1.8520,1.8980,55483
DGA,20201118,4.5500,4.5500,4.5500,4.5500,19
DIGITREE,20201118,6.0000,6.0000,5.9500,5.9500,1761
DINOPL,20201118,271.8000,276.4000,266.6000,274.8000,196072
DOMDEV,20201118,99.0000,108.0000,99.0000,101.5000,5925
DROZAPOL,20201118,1.6900,1.6900,1.6100,1.6100,396
ECHO,20201118,3.9500,4.0500,3.9200,3.9200,47379
EDINVEST,20201118,3.5000,3.5000,3.5000,3.5000,430
EFEKT,20201118,5.2000,5.2000,5.1000,5.1000,2618
EKOEXPORT,20201118,3.7350,3.7350,3.5000,3.6150,29902
ELBUDOWA,20201118,1.0000,1.2500,1.0000,1.0000,312945
ELEKTROTI,20201118,6.0800,6.1400,5.8800,6.1000,4220
ELEMENTAL,20201118,2.4000,2.4000,2.3850,2.3950,12922
ELKOP,20201118,0.2570,0.2570,0.2510,0.2550,43600
ELZAB,20201118,4.0800,4.3000,4.0000,4.1400,38321
EMCINSMED,20201118,12.6000,12.6000,11.9000,12.0000,737
ENAP,20201118,1.4000,1.4000,1.4000,1.4000,2
ENEA,20201118,5.4000,5.5800,5.3600,5.5250,322384
ENELMED,20201118,18.0000,18.0000,17.4000,17.4000,105
ENERGA,20201118,8.3000,8.3000,8.2700,8.2900,356494
ENERGOINS,20201118,0.6200,0.6200,0.6100,0.6100,5654
ENTER,20201118,30.4000,30.7000,29.7000,30.5000,20027
ERBUD,20201118,20.5000,20.5000,20.5000,20.5000,77
ERG,20201118,39.8000,39.8000,39.0000,39.6000,258
ESOTIQ,20201118,9.9400,9.9600,9.6000,9.9600,2040
ETFDAX,20201118,553.5000,554.2000,550.5000,553.0000,198
ETFSP500,20201118,139.7600,140.2000,139.2800,139.6600,1432
ETFW20L,20201118,222.0000,223.2000,220.3000,222.0000,1580
EUCO,20201118,4.4500,4.4500,4.4000,4.4400,6546
EUROCASH,20201118,15.0500,15.1200,14.8000,15.0100,304100
EUROTEL,20201118,23.0000,23.5000,22.7000,23.5000,2647
FAMUR,20201118,1.6200,1.6200,1.6020,1.6060,457150
FASING,20201118,10.4000,10.9000,10.3500,10.6000,4880
FEERUM,20201118,11.4000,11.4000,11.2000,11.2000,1266
FERRO,20201118,18.3000,18.3500,17.9500,17.9500,6437
FERRUM,20201118,3.5200,3.5200,3.5200,3.5200,1643
FON,20201118,0.1110,0.1150,0.1090,0.1100,221987
FORTE,20201118,36.9000,38.9000,36.1500,37.5500,9398
GAMEOPS,20201118,26.1000,26.1000,24.6600,25.8000,1077
GAMFACTOR,20201118,15.1000,15.9000,15.0700,15.9000,1788
GAMFACTOR-PDA,20201118,14.9000,15.2760,13.5100,15.2680,2966
GETIN,20201118,0.8600,0.8655,0.8100,0.8570,269914
GETINOBLE,20201118,0.1850,0.1858,0.1750,0.1820,874265
GLCOSMED,20201118,5.1000,5.1500,4.9400,5.0000,49440
GPW,20201118,44.4000,44.8500,43.9000,43.9000,79224
GROCLIN,20201118,1.0200,1.0600,0.9940,1.0300,37325
GRODNO,20201118,12.1500,12.7000,11.6500,12.5500,120089
GRUPAAZOTY,20201118,25.6000,26.9500,25.5000,26.9000,95685
GTC,20201118,6.1600,6.1600,6.1000,6.1000,19591
HANDLOWY,20201118,35.2500,35.7500,34.8000,35.6000,22239
HARPER,20201118,14.0000,15.0000,13.9000,14.3500,32036
HELIO,20201118,10.5000,10.5000,10.4000,10.5000,824
HERKULES,20201118,1.2900,1.2900,1.2900,1.2900,1005
HUBSTYLE,20201118,1.1300,1.1300,1.0500,1.0800,6270
HYDROTOR,20201118,29.0000,29.0000,28.6000,28.6000,413
I2DEV,20201118,9.7500,9.7500,9.7500,9.7500,10
IALBGR,20201118,0.2540,0.2740,0.2240,0.2400,21403
IDEABANK,20201118,1.5980,1.6000,1.5620,1.5960,35937
IDMSA,20201118,0.8500,0.8500,0.8300,0.8500,460
IFCAPITAL,20201118,0.7500,0.7500,0.7500,0.7500,650
IFIRMA,20201118,4.4200,4.4900,4.4000,4.4800,10622
IIAAV,20201118,64.5000,64.5000,64.5000,64.5000,4
IMCOMPANY,20201118,14.8500,16.3000,14.8500,16.1000,39866
IMMOBILE,20201118,2.4900,2.4900,2.4000,2.4000,1018
IMPEL,20201118,12.2000,12.7500,12.2000,12.7500,21279
IMPERA,20201118,1.3700,1.3700,1.3300,1.3600,28000
IMS,20201118,2.4100,2.4400,2.3700,2.4400,7252
INC,20201118,8.8600,8.9800,8.2200,8.4800,42984
INGBSK,20201118,152.2000,159.0000,151.8000,155.2000,20300
INPRO,20201118,4.6000,4.6000,4.5000,4.6000,1004
INSTALKRK,20201118,20.2000,20.7000,19.6000,20.4000,2774
INTERAOLT,20201118,15.1500,15.4500,15.0000,15.4000,4252
INTERCARS,20201118,235.0000,239.0000,230.0000,239.0000,1063
INTERFERI,20201118,3.2000,3.7000,3.2000,3.7000,10019
INTERSPPL,20201118,1.0300,1.1100,1.0000,1.1100,18707
INTLALE35055,20201118,9.6000,13.4800,9.6000,10.9800,1940
INTLALE35063,20201118,14.1800,15.7600,14.1800,14.4600,1067
INTLALE35071,20201118,17.4000,19.8000,17.3200,19.7200,8654
INTLALE35089,20201118,20.8000,20.8000,20.8000,20.8000,121
INTLBCO31179,20201118,87.2000,87.2000,86.0000,86.0000,150
INTLBCO31294,20201118,113.6000,113.6000,112.6000,112.6000,140
INTLBCO31658,20201118,48.3000,50.3000,48.3000,50.3000,321
INTLBCO31666,20201118,54.0000,54.0000,54.0000,54.0000,10
INTLBCO31682,20201118,59.7000,59.7000,59.7000,59.7000,15
INTLBCO35691,20201118,29.2000,30.7500,29.2000,30.3000,134
INTLCCC28977,20201118,3.6700,3.6700,3.6700,3.6700,170
INTLCCC30999,20201118,2.6000,2.7500,2.6000,2.7500,1368
INTLCCC31005,20201118,2.9700,2.9700,2.9700,2.9700,1500
INTLCDR30478,20201118,12.9200,12.9200,12.4800,12.6800,769
INTLCDR30726,20201118,11.1600,11.7600,11.1600,11.4000,739
INTLCDR35345,20201118,7.3300,7.6000,6.9000,7.2200,19394
INTLCDR35352,20201118,8.5600,9.1200,8.3400,8.4500,10600
INTLDAX31542,20201118,119.2000,119.4000,119.2000,119.4000,60
INTLDAX35592,20201118,47.1500,50.0000,47.1500,49.8000,898
INTLDNP29876,20201118,15.1600,15.1600,15.1600,15.1600,80
INTLDNP32128,20201118,13.3000,13.3000,13.3000,13.3000,80
INTLDNP35493,20201118,6.6700,6.7100,6.5700,6.7100,422
INTLEUD33860,20201118,19.6200,19.6200,19.6200,19.6200,2
INTLEUR24059,20201118,22.0000,22.0000,22.0000,22.0000,50
INTLEUR26823,20201118,46.2000,46.2000,46.2000,46.2000,30
INTLEUR27599,20201118,19.2600,19.2600,19.2600,19.2600,50
INTLEUR28324,20201118,13.6000,13.9200,13.5800,13.5800,560
INTLEUR34603,20201118,11.6000,11.6000,9.4900,9.6900,3184
INTLGBU34850,20201118,29.1000,29.4000,29.0500,29.4000,246
INTLGLD23069,20201118,212.0000,212.0000,212.0000,212.0000,10
INTLGLD24166,20201118,168.8000,168.8000,168.8000,168.8000,5
INTLGLD30866,20201118,120.0000,120.0000,120.0000,120.0000,50
INTLGLD31310,20201118,100.8000,100.8000,98.7000,98.7000,28
INTLGLD33092,20201118,79.2000,79.2000,73.0000,73.0000,250
INTLGLD33100,20201118,68.7000,68.7000,66.9000,66.9000,260
INTLGLD33464,20201118,42.7000,42.7000,35.3500,41.6500,1851
INTLGLD33472,20201118,55.5000,56.1000,51.1000,51.1000,312
INTLJSW28993,20201118,12.7000,12.7000,12.2800,12.5200,1700
INTLJSW32136,20201118,10.4000,10.5000,9.3100,9.4800,1170
INTLJSW35386,20201118,7.4100,8.1100,7.3600,7.6600,3846
INTLJSW35394,20201118,9.3700,9.3700,8.6400,8.6400,1090
INTLKGH35436,20201118,34.6000,34.9000,34.6000,34.9000,158
INTLLTS34702,20201118,12.8600,12.8600,12.8600,12.8600,40
INTLNAG31732,20201118,1.7800,1.7800,1.7000,1.7200,15112
INTLNDX34777,20201118,60.0000,60.0000,60.0000,60.0000,20
INTLNKX30825,20201118,325.0000,325.0000,325.0000,325.0000,5
INTLOPL21626,20201118,2.8500,2.8500,2.8500,2.8500,3200
INTLPEO35451,20201118,20.0500,20.7500,20.0500,20.7500,160
INTLPGE31427,20201118,2.5800,2.5800,2.5800,2.5800,500
INTLPGE35329,20201118,1.8700,1.8700,1.8300,1.8300,2970
INTLPGN32615,20201118,1.4000,1.4000,1.4000,1.4000,2000
INTLPKN04101,20201118,19.4800,21.2000,19.4800,21.2000,1822
INTLPKN04119,20201118,23.0000,23.3000,23.0000,23.3000,290
INTLPKN05496,20201118,17.2000,19.1000,16.9400,19.1000,1790
INTLPKO29413,20201118,13.5200,13.5200,13.5200,13.5200,120
INTLPKO30395,20201118,10.2800,10.3000,10.2800,10.3000,1500
INTLPKO35444,20201118,9.1400,9.5300,9.1400,9.5300,121
INTLPLA29744,20201118,11.8200,11.8200,11.8200,11.8200,80
INTLPLA30288,20201118,13.3200,13.7000,13.3200,13.7000,1484
INTLPLA31138,20201118,9.1100,9.1100,9.1100,9.1100,20
INTLPLA31757,20201118,7.3000,7.3000,7.3000,7.3000,30
INTLPLA31765,20201118,8.5100,8.5100,8.5100,8.5100,100
INTLPLA35709,20201118,4.3800,4.3800,4.3800,4.3800,300
INTLPZU15610,20201118,6.9800,7.1000,6.8600,7.0900,2636
INTLPZU15800,20201118,8.1900,8.2900,8.1900,8.2000,4300
INTLSLV33340,20201118,13.9600,13.9600,13.9600,13.9600,20
INTLSLV33357,20201118,17.5000,17.5600,16.9800,17.5600,540
INTLSLV34967,20201118,11.9200,11.9600,10.7600,11.5800,775
INTLSLV35683,20201118,8.5900,8.5900,8.5900,8.5900,3
INTLSPX34900,20201118,17.9800,18.0600,17.7000,17.7000,427
INTLUSD20602,20201118,22.9500,23.9000,22.4500,22.8500,368
INTLUSD20826,20201118,33.9000,33.9000,33.4500,33.4500,200
INTLUSD20842,20201118,39.4000,40.5000,39.4000,40.5000,70
INTLUSD21170,20201118,17.9000,18.8800,17.1800,18.5800,1574
INTLUSD34256,20201118,13.9200,13.9200,11.8200,13.3600,528
INTLW2028605,20201118,8.4500,8.4500,8.4500,8.4500,700
INTLW2028795,20201118,6.6400,6.6400,6.6400,6.6400,210
INTLW2029892,20201118,3.9100,4.0600,3.9100,4.0600,4000
INTLW2030585,20201118,3.7100,3.7300,3.5500,3.5500,9456
INTLW2035261,20201118,3.1000,3.1800,3.1000,3.1700,51656
INTLW2035543,20201118,2.0100,2.1900,2.0100,2.0400,75383
INTLW2035550,20201118,2.2200,2.4000,2.2200,2.4000,8254
INTROL,20201118,3.9800,4.1200,3.9600,4.0000,38364
INTSALE35212,20201118,74.6000,75.6000,71.5000,74.0000,784
INTSALE35220,20201118,83.8000,84.8000,83.8000,84.8000,35
INTSBCO28027,20201118,31.7500,31.7500,31.7500,31.7500,1200
INTSBCO28043,20201118,44.0000,45.5000,44.0000,45.5000,12
INTSBCO28308,20201118,22.6500,24.5500,22.6500,24.5500,362
INTSBCO34454,20201118,17.7600,17.8000,15.0000,17.5400,5078
INTSCCC23978,20201118,16.6000,16.6000,16.6000,16.6000,90
INTSCCC34207,20201118,2.9600,2.9600,2.9500,2.9500,687
INTSCDR34124,20201118,18.7200,18.7200,18.4400,18.4400,420
INTSCDR34199,20201118,22.1500,22.1500,22.1500,22.1500,22
INTSCDR34249,20201118,14.4400,14.4400,14.4400,14.4400,150
INTSCDR34801,20201118,11.0200,11.2200,10.6000,11.0800,10870
INTSDAX25783,20201118,33.3500,33.3500,28.4000,29.2000,4327
INTSDAX25825,20201118,42.4000,42.4000,42.4000,42.4000,4
INTSDAX26591,20201118,59.1000,59.1000,54.0000,54.0000,332
INTSDAX26609,20201118,68.0000,68.3000,67.0000,68.3000,160
INTSDAX34330,20201118,21.0500,21.0500,15.9200,16.6800,14439
INTSDOW33274,20201118,42.8500,42.8500,42.8500,42.8500,20
INTSDOW33597,20201118,117.0000,117.0000,117.0000,117.0000,10
INTSDOW33605,20201118,156.4000,156.4000,152.8000,154.8000,30
INTSEUR29181,20201118,43.0000,43.0000,43.0000,43.0000,100
INTSGBU31831,20201118,16.4600,16.4600,16.4600,16.4600,40
INTSGLD33316,20201118,93.2000,93.2000,93.2000,93.2000,150
INTSGLD34496,20201118,81.6000,81.6000,81.6000,81.6000,100
INTSGLD34504,20201118,70.0000,74.1000,68.9000,68.9000,669
INTSHSC27102,20201118,34.0000,34.0000,34.0000,34.0000,40
INTSKGH33969,20201118,28.4000,28.4000,28.4000,28.4000,23
INTSLTS34058,20201118,29.1000,29.1000,28.2500,28.2500,42
INTSNDX33225,20201118,34.7500,35.5500,33.5500,35.5500,365
INTSNDX33233,20201118,49.2500,49.2500,49.2500,49.2500,30
INTSNDX33241,20201118,62.7000,62.7000,62.7000,62.7000,30
INTSNKX27094,20201118,60.4000,60.5000,54.0000,56.0000,63
INTSPEO24687,20201118,64.8000,64.8000,64.8000,64.8000,70
INTSPEO32326,20201118,16.2800,16.2800,16.2800,16.2800,261
INTSPGE26989,20201118,3.4100,3.4100,3.4100,3.4100,700
INTSPGE34157,20201118,2.4000,2.4000,2.4000,2.4000,500
INTSPKN27649,20201118,27.8000,27.8000,27.7000,27.7000,2000
INTSPKN34173,20201118,17.4200,18.2400,16.1000,16.4000,265
INTSPKO20693,20201118,24.1500,24.1500,24.1500,24.1500,205
INTSPKO23630,20201118,20.6000,20.7000,20.6000,20.7000,325
INTSPKO25361,20201118,26.5000,26.5000,26.5000,26.5000,100
INTSPKO26997,20201118,17.4600,17.4800,17.0800,17.3200,11223
INTSPKO32300,20201118,3.9000,4.0200,3.6500,3.6500,32300
INTSPLA25544,20201118,8.3400,8.3400,8.3400,8.3400,100
INTSPLA34488,20201118,4.0000,4.0000,3.8300,3.8300,3715
INTSPLA34587,20201118,2.3600,2.4300,2.3200,2.4300,6055
INTSPZU34165,20201118,12.5400,12.5400,12.5200,12.5200,1142
INTSSLV34520,20201118,20.6500,20.6500,20.6500,20.6500,60
INTSSPX34140,20201118,13.3000,13.3000,12.6600,13.1000,440
INTSSPX34215,20201118,24.9000,24.9000,24.9000,24.9000,102
INTSSPX34413,20201118,7.1700,7.3700,6.7900,6.9900,5717
INTSSPX34439,20201118,38.3500,38.3500,38.3500,38.3500,20
INTSTNF34108,20201118,32.8000,32.8000,32.8000,32.8000,50
INTSUSD35428,20201118,26.8500,26.8500,26.8500,26.8500,1113
INTSUSD35535,20201118,21.1500,21.3000,20.5500,20.5500,370
INTSUSJ32714,20201118,29.0000,29.0000,29.0000,29.0000,35
INTSW2005892,20201118,6.5100,6.5100,6.5100,6.5100,1000
INTSW2026005,20201118,4.6500,4.6500,4.6500,4.6500,215
INTSW2027078,20201118,4.1800,4.1800,4.1800,4.1800,149
INTSW2028464,20201118,1.4700,1.5200,1.3600,1.3600,4400
INTSW2028472,20201118,2.1300,2.1300,1.8800,2.0200,62726
INTSW2028480,20201118,2.5400,2.5400,2.5000,2.5000,595
INTSW2034280,20201118,0.9000,0.9100,0.6500,0.7100,59202
INTSW2034298,20201118,1.0600,1.0600,0.9400,0.9700,2190
INTSW2034306,20201118,1.3500,1.3500,1.1900,1.2000,8260
INVPEFIZ,20201118,877.9000,886.8900,877.9000,886.8900,12
IPOGPARPA,20201118,113.0000,113.0000,113.0000,113.0000,319
IPOPEMA,20201118,4.1600,4.2000,3.9600,4.1400,47433
ITMTRADE,20201118,0.1395,0.1600,0.1300,0.1580,145299
IZOBLOK,20201118,31.0000,33.0000,31.0000,33.0000,125
IZOLACJA,20201118,1.5700,1.5700,1.5700,1.5700,8
IZOSTAL,20201118,2.4100,2.5200,2.4100,2.4800,21998
JSW,20201118,22.2000,22.7400,21.1600,21.3400,1582991
JWCONSTR,20201118,3.0500,3.0500,2.9300,3.0500,3112
K2INTERNT,20201118,19.4000,19.9000,19.0000,19.9000,3107
KCI,20201118,0.6720,0.6720,0.6340,0.6640,52549
KERNEL,20201118,43.1000,46.8500,43.1000,45.3500,108291
KETY,20201118,450.0000,451.5000,446.5000,449.5000,1308
KGHM,20201118,142.6000,144.7000,141.0000,141.0000,408899
KGL,20201118,17.7500,17.7500,17.0500,17.0500,3511
KINOPOL,20201118,7.2000,7.4000,7.2000,7.3000,43368
KOGENERA,20201118,32.8000,33.1000,32.5000,33.1000,2101
KOMPAP,20201118,7.8000,8.5500,7.8000,8.5000,4547
KOMPUTRON,20201118,1.9800,2.0000,1.9700,1.9700,10792
KPPD,20201118,27.8000,28.0000,27.8000,28.0000,5
KREC,20201118,7.3000,7.3000,7.0200,7.2800,236
KREDYTIN,20201118,11.4000,11.4000,11.4000,11.4000,2
KRKA,20201118,375.0000,375.0000,375.0000,375.0000,13
KRUK,20201118,141.0000,144.0000,139.9000,141.1000,18706
KRUSZWICA,20201118,55.0000,55.4000,55.0000,55.4000,656
KRVITAMIN,20201118,14.9500,15.6000,14.5000,15.0500,29427
KSGAGRO,20201118,3.0200,3.4000,2.7200,2.9400,871479
LABOPRINT,20201118,10.5000,10.5000,10.4500,10.5000,324
LARQ,20201118,1.9000,1.9000,1.8400,1.8400,1134
LENA,20201118,3.6400,3.6400,3.6000,3.6000,8721
LENTEX,20201118,9.6400,9.6800,9.5200,9.6800,4727
LIBET,20201118,2.0900,2.0900,1.9900,1.9900,15156
LIVECHAT,20201118,94.5000,96.5000,93.4000,93.5000,16838
LOKUM,20201118,11.9500,11.9500,11.9500,11.9500,709
LOTOS,20201118,34.4000,35.1600,33.5000,34.3100,1168226
LPP,20201118,7190.0000,7190.0000,6825.0000,7005.0000,3046
LSISOFT,20201118,12.7500,12.7500,12.0000,12.4000,14184
LUBAWA,20201118,1.5000,1.5150,1.4750,1.5100,155305
MABION,20201118,23.7000,24.6500,23.7000,24.6000,12329
MAKARONPL,20201118,5.7000,5.7000,5.5500,5.7000,1578
MANGATA,20201118,51.5000,54.5000,51.5000,53.0000,1239
MARVIPOL,20201118,5.3600,5.5000,5.3600,5.4600,32590
MASTERPHA,20201118,4.2000,4.2000,4.0400,4.1800,1856
MAXCOM,20201118,12.0000,12.1000,11.7500,12.1000,2399
MBANK,20201118,169.4000,170.7000,165.7000,166.8000,81211
MBWS,20201118,5.9000,5.9000,5.6500,5.6500,3
MCI,20201118,14.6000,14.6000,14.4500,14.5000,4122
MDIENERGIA,20201118,3.7800,3.8500,3.7600,3.7600,8821
MEDIACAP,20201118,2.0900,2.0900,2.0900,2.0900,9000
MEDICALG,20201118,24.7500,25.4000,24.2000,24.8500,9670
MENNICA,20201118,20.2000,20.4000,19.6000,20.4000,2948
MERCATOR,20201118,442.0000,458.0000,428.0000,431.0000,52077
MERCOR,20201118,10.4000,10.4500,10.3500,10.4500,7527
MEXPOLSKA,20201118,1.3300,1.3900,1.3300,1.3900,3436
MFO,20201118,22.0000,22.0000,20.2000,21.2000,1762
MILKILAND,20201118,0.7800,1.0400,0.7700,1.0400,747209
MILLENNIUM,20201118,2.9080,2.9380,2.8800,2.9260,544204
MIRACULUM,20201118,1.1350,1.1550,1.1100,1.1550,8013
MIRBUD,20201118,2.5400,2.5900,2.3300,2.4100,472550
MLPGROUP,20201118,83.5000,84.0000,80.0000,83.0000,63
MLPGROUP-PDA,20201118,77.0000,77.0000,77.0000,77.0000,250
MLSYSTEM,20201118,78.8000,81.4000,77.0000,79.4000,10585
MOBRUK,20201118,324.0000,324.0000,272.0000,290.0000,588
MOJ,20201118,1.1800,1.1800,1.1200,1.1200,12198
MOL,20201118,24.5600,24.8000,24.1600,24.8000,9424
MONNARI,20201118,1.5100,1.5200,1.4800,1.5100,154585
MOSTALPLC,20201118,8.1600,8.8000,8.1600,8.8000,1430
MOSTALWAR,20201118,4.4000,4.4000,4.3400,4.3900,3741
MOSTALZAB,20201118,0.8860,0.9040,0.8720,0.9020,202460
MUZA,20201118,2.8000,2.8000,2.7000,2.7000,4500
MWTRADE,20201118,1.6500,1.6500,1.6100,1.6300,1636
NANOGROUP,20201118,6.1000,7.3000,5.9000,6.7500,105192
NANOGROUP-PDA,20201118,5.2500,6.0000,5.2500,5.9500,150215
NETIA,20201118,4.7500,4.8100,4.7000,4.8100,14297
NEUCA,20201118,610.0000,614.0000,598.0000,598.0000,1015
NEWAG,20201118,27.9000,27.9000,27.3000,27.3000,1066
NEXITY,20201118,19.9000,20.0000,18.9000,19.9000,410
NOVATURAS,20201118,10.2000,10.2000,9.6000,10.2000,807
NOVAVISGR,20201118,1.7200,1.7200,1.6800,1.7000,9970
NOVITA,20201118,140.0000,149.0000,140.0000,148.0000,1573
NOWAGALA,20201118,0.9000,1.0500,0.9000,1.0400,118350
NTTSYSTEM,20201118,3.4000,3.4000,3.1300,3.2600,29667
OAT,20201118,48.6000,51.4000,48.3000,50.0000,102119
ODLEWNIE,20201118,4.7500,4.7500,4.5900,4.7000,6297
OEX,20201118,15.5000,15.6000,15.4000,15.4000,851
OPENFIN,20201118,0.7000,0.7800,0.7000,0.7800,65272
OPONEO.PL,20201118,31.1000,33.1000,31.1000,32.9000,7258
OPTEAM,20201118,24.0000,24.4000,23.8000,24.0000,3410
ORANGEPL,20201118,6.3800,6.4950,6.3500,6.4650,1929852
ORCOGROUP,20201118,1.2000,1.2600,1.2000,1.2600,9800
ORZBIALY,20201118,10.7000,10.8000,10.7000,10.8000,232
OTLOG,20201118,4.0000,4.0000,4.0000,4.0000,904
OTMUCHOW,20201118,1.5000,1.6000,1.5000,1.5900,7920
OVOSTAR,20201118,70.0000,74.0000,70.0000,73.5000,616
PAMAPOL,20201118,1.4100,1.4100,1.3700,1.3800,4527
PANOVA,20201118,10.6500,11.7000,10.4500,10.7000,2219
PATENTUS,20201118,0.9600,0.9700,0.9600,0.9700,4831
PBKM,20201118,80.0000,80.0000,80.0000,80.0000,1500
PCCEXOL,20201118,4.0400,4.0500,3.8800,3.9500,165123
PCCROKITA,20201118,46.4000,48.7000,46.3000,48.3000,6790
PEKABEX,20201118,15.8500,16.5500,15.7000,16.4500,10418
PEKAO,20201118,56.5200,58.1000,56.2600,57.9400,584326
PEMANAGER,20201118,15.4000,15.4000,14.9500,15.2000,58
PEP,20201118,51.2000,51.2000,50.2000,50.4000,5108
PEPEES,20201118,1.3500,1.3600,1.3100,1.3500,14326
PGE,20201118,5.9900,6.1960,5.9500,6.0940,1771309
PGNIG,20201118,4.9600,5.0900,4.9000,5.0900,5955714
PGO,20201118,1.1000,1.1000,1.0500,1.1000,16420
PGSSOFT,20201118,12.5000,12.5500,12.1000,12.5500,6472
PHARMENA,20201118,13.2000,13.2000,12.4000,12.8500,12529
PHN,20201118,10.3000,11.1000,10.3000,11.1000,5569
PKNORLEN,20201118,50.3600,52.4600,49.8500,52.4000,1784027
PKOASZEWZ,20201118,96.6500,98.2800,96.6500,98.2800,102
PKOBP,20201118,26.6500,27.2300,26.5300,27.2300,3983298
PKPCARGO,20201118,11.9600,12.8400,11.7400,12.7000,278174
PLASTBOX,20201118,1.8900,1.8900,1.8250,1.8250,6510
PLAY,20201118,38.6600,39.9200,38.4800,39.4200,125438
PLAYWAY,20201118,543.0000,550.0000,540.0000,550.0000,3468
PMPG,20201118,2.0200,2.1400,2.0200,2.1400,5432
POLICE,20201118,11.8000,12.2000,11.8000,12.2000,7669
POLIMEXMS,20201118,2.3000,2.3000,2.2100,2.2800,151992
POLNORD,20201118,2.8700,2.9000,2.8500,2.8800,9747
POLWAX,20201118,3.3900,3.4000,3.3200,3.3800,101027
POZBUD,20201118,1.8500,1.8700,1.8150,1.8600,125712
PRAGMAFA,20201118,19.7000,20.0000,19.0000,19.6000,4388
PRAGMAINK,20201118,7.5000,7.5000,6.9200,7.4000,1789
PRAIRIE,20201118,0.5940,0.5940,0.5700,0.5800,308008
PRIMETECH,20201118,1.0700,1.0700,1.0700,1.0700,2224
PROCHEM,20201118,18.2500,18.2500,18.2500,18.2500,8
PROJPRZEM,20201118,14.9500,16.0000,14.9500,16.0000,1097
PROTEKTOR,20201118,4.1600,4.1600,3.9600,4.1000,16421
PROVIDENT,20201118,4.1500,4.6650,4.1000,4.6600,221447
PULAWY,20201118,84.2000,85.4000,83.0000,85.0000,625
PUNKPIRAT,20201118,0.7000,0.7200,0.6700,0.7000,43548
PZU,20201118,25.5000,25.9800,25.5000,25.9000,2635535
QMULTIFIZ,20201118,1205.1000,1208.0100,1200.0000,1200.1000,30
QUERCUS,20201118,3.1000,3.1500,3.1000,3.1500,14030
R22,20201118,32.5000,32.9000,32.0000,32.5000,12678
RADPOL,20201118,2.2900,2.2900,2.2600,2.2900,1030
RAFAKO,20201118,1.0640,1.0900,1.0000,1.0080,658824
RAFAMET,20201118,13.9000,13.9000,13.9000,13.9000,3
RAINBOW,20201118,20.0000,21.0000,20.0000,20.2000,30060
RANKPROGR,20201118,1.3600,1.4000,1.3600,1.4000,3203
RAWLPLUG,20201118,8.5400,8.7800,8.5400,8.5400,650
RCCOFFAOPEN1,20201118,2.8600,2.9300,2.8600,2.9300,11700
RCFL10GOLD,20201118,10.0000,10.0000,9.5200,9.8100,124
RCFL10GOLD1,20201118,4.8600,4.8600,4.6600,4.6600,6000
RCFL10OIL2,20201118,4.0800,4.9000,4.0000,4.4400,15539
RCFL2ALE,20201118,8.1300,8.3800,8.1000,8.3800,3760
RCFL2BPL,20201118,2.0100,2.0100,2.0100,2.0100,70
RCFL2COPP,20201118,15.5400,15.5400,15.5400,15.5400,1000
RCFL2PKN1,20201118,5.4000,5.8600,5.4000,5.8600,3602
RCFL2PLAT1,20201118,7.5400,7.6000,7.5400,7.6000,3000
RCFL2RDGB,20201118,2.6100,2.6100,2.6100,2.6100,50
RCFL2SOY,20201118,9.3400,9.3400,9.3400,9.3400,140
RCFL2TOTF,20201118,5.3900,5.3900,5.3900,5.3900,30
RCFL2W20,20201118,53.8000,53.8000,53.8000,53.8000,200
RCFL3ALE,20201118,8.7000,10.0200,8.5000,8.9000,3030
RCFL3ALR1,20201118,8.6600,8.6600,8.6600,8.6600,150
RCFL3CCC1,20201118,10.1400,10.1800,10.1400,10.1800,250
RCFL3CDPRO1,20201118,70.8000,71.4000,70.0000,70.0000,57
RCFL3COCO,20201118,5.3900,5.3900,5.3900,5.3900,300
RCFL3COFF3,20201118,7.3900,8.0000,7.3900,8.0000,1420
RCFL3CORN2,20201118,14.2800,14.6200,14.2800,14.6200,320
RCFL3EAD,20201118,1.1200,1.1200,1.1200,1.1200,1
RCFL3ENA,20201118,3.1000,3.1000,3.1000,3.1000,2000
RCFL3EUH,20201118,0.9900,1.0000,0.9900,1.0000,3400
RCFL3GAMES,20201118,69.1000,69.1000,69.1000,69.1000,150
RCFL3GOLD2,20201118,24.3000,24.3000,23.8000,23.8000,205
RCFL3JSW,20201118,0.4000,0.4000,0.3400,0.3600,351617
RCFL3JSW1,20201118,13.2200,13.2200,12.0200,12.3200,287
RCFL3KGH,20201118,5.4800,5.4800,5.4500,5.4500,12000
RCFL3LTS1,20201118,0.1700,0.1900,0.1700,0.1900,24002
RCFL3MBK,20201118,1.2200,1.2500,1.1800,1.2500,8720
RCFL3MWIG40,20201118,6.0000,6.0000,6.0000,6.0000,334
RCFL3OIL2,20201118,1.5200,1.5200,1.5200,1.5200,400
RCFL3OIL3,20201118,0.1200,0.1200,0.1200,0.1200,14000
RCFL3PALL3,20201118,1.1700,1.1700,1.1700,1.1700,30
RCFL3PEO,20201118,1.0300,1.0300,1.0300,1.0300,2000
RCFL3PGE,20201118,0.1300,0.1300,0.1200,0.1200,258500
RCFL3PKN,20201118,8.7100,9.6600,8.7100,9.6600,196
RCFL3PLAT2,20201118,9.4600,9.9300,9.4600,9.9300,900
RCFL3PLW,20201118,9.1200,9.6700,9.1200,9.6700,540
RCFL3PZU,20201118,8.9900,9.0100,8.9900,9.0100,280
RCFL3SILVE,20201118,6.0000,6.0800,6.0000,6.0800,4020
RCFL3SILVE3,20201118,16.6000,17.6600,16.6000,17.6600,292
RCFL3TPE,20201118,5.5200,5.5200,5.5200,5.5200,500
RCFL3W20,20201118,23.1500,24.0000,23.1500,23.6500,259
RCFL3WHT3,20201118,9.8400,9.8700,9.8200,9.8700,550
RCFL4ALE,20201118,8.3400,8.8600,8.3400,8.8600,1093
RCFL4CDPRO,20201118,29.5500,31.7500,29.0000,29.3000,4424
RCFL4CDPRO1,20201118,5.2000,5.2000,5.0900,5.0900,986
RCFL4DNP,20201118,34.9000,34.9000,34.9000,34.9000,20
RCFL4GAMES,20201118,63.8000,67.8000,63.6000,67.8000,1330
RCFL4LPP,20201118,7.2000,7.2700,7.2000,7.2700,200
RCFL4PEO1,20201118,6.0100,6.0100,6.0100,6.0100,175
RCFL4PGE,20201118,6.3900,6.3900,6.3900,6.3900,200
RCFL4PGN2,20201118,7.0400,7.0400,7.0400,7.0400,150
RCFL4PKN1,20201118,1.7000,2.0300,1.7000,2.0300,55950
RCFL4PKO,20201118,0.4400,0.4600,0.4400,0.4600,15595
RCFL4PLAT2,20201118,8.5600,8.8400,7.9000,8.8400,506
RCFL4PZU,20201118,0.4000,0.4100,0.4000,0.4100,1600
RCFL4PZU1,20201118,6.2300,6.2300,6.2300,6.2300,150
RCFL4SILVE2,20201118,8.4200,8.4200,8.4200,8.4200,200
RCFL5ALE,20201118,7.1000,8.8500,6.9400,7.5800,12240
RCFL5COFF4,20201118,8.1500,8.1500,8.1500,8.1500,80
RCFL5FW20,20201118,0.5300,0.5300,0.5200,0.5200,6000
RCFL5MWIG40,20201118,2.0000,2.0400,2.0000,2.0400,525
RCFL5OIL4,20201118,10.0000,10.0000,10.0000,10.0000,500
RCFL5SILVE,20201118,1.2600,1.3200,1.2100,1.3200,1500
RCFL5W20,20201118,11.0400,11.7600,11.0400,11.7600,85
RCFL6COCO,20201118,4.9100,5.0000,4.9100,5.0000,256
RCFL6COFF1,20201118,1.1300,1.1300,1.1300,1.1300,4350
RCFL6COFF2,20201118,2.2300,2.2300,2.2300,2.2300,793
RCFL6COFF3,20201118,6.5100,6.5100,6.5100,6.5100,150
RCFL6CORN,20201118,2.3200,2.3200,2.3200,2.3200,500
RCFL6FW201,20201118,0.5000,0.5000,0.5000,0.5000,29135
RCFL6OIL3,20201118,9.0700,9.0700,9.0700,9.0700,2
RCFL6W20,20201118,9.9600,10.7800,9.9600,10.3800,1243
RCFL6W201,20201118,0.3600,0.3600,0.3600,0.3600,5000
RCFL8COCO,20201118,0.8900,0.8900,0.8900,0.8900,1763
RCFL8COFF1,20201118,0.5800,0.6100,0.5800,0.6100,42718
RCFS10OIL2,20201118,0.7700,0.7700,0.7700,0.7700,12000
RCFS1GOLD,20201118,82.5000,82.5000,82.5000,82.5000,3
RCFS2PKN,20201118,3.5300,3.5300,3.5300,3.5300,1000
RCFS3ALR,20201118,20.5000,20.9000,20.0000,20.0000,400
RCFS3ALR1,20201118,3.1400,3.1700,3.1000,3.1000,2559
RCFS3BZW,20201118,11.1800,11.1800,11.1800,11.1800,250
RCFS3CCC1,20201118,2.8500,2.8500,2.7000,2.7000,6928
RCFS3DNP,20201118,3.8100,3.8100,3.8100,3.8100,1000
RCFS3FDX,20201118,4.4400,4.4700,4.4400,4.4700,247
RCFS3KGH,20201118,0.1200,0.1300,0.1200,0.1300,741500
RCFS3LPP,20201118,0.2800,0.2800,0.2800,0.2800,7547
RCFS3PALL4,20201118,1.1200,1.1200,1.1200,1.1200,2100
RCFS3PEO,20201118,11.4600,11.4600,11.4600,11.4600,400
RCFS3PGE,20201118,1.0500,1.0500,0.9900,0.9900,3959
RCFS3PKN,20201118,0.2000,0.2000,0.1700,0.1700,15000
RCFS3PKN1,20201118,14.7000,14.7000,13.3200,13.3200,220
RCFS3PKO,20201118,3.1500,3.1500,3.1500,3.1500,750
RCFS3TPE,20201118,0.7200,0.7200,0.7200,0.7200,10000
RCFS3W20,20201118,26.5000,26.5000,26.1000,26.1000,250
RCFS4CDPRO1,20201118,1.7400,1.7700,1.7000,1.7700,2196
RCFS4KGH1,20201118,5.7100,5.7500,5.6900,5.6900,503
RCFS4PEO,20201118,8.5000,8.5000,7.9800,7.9800,300
RCFS4PGN,20201118,0.9400,0.9400,0.9400,0.9400,500
RCFS4PKN,20201118,8.6600,8.6600,7.5600,7.5600,183
RCFS4PKO,20201118,3.6000,3.6000,3.6000,3.6000,1100
RCFS5COPP,20201118,1.5300,1.5300,1.5300,1.5300,2000
RCFS5FW20,20201118,3.1600,3.1600,3.1600,3.1600,2799
RCFS5NAG1,20201118,1.5900,1.5900,1.5900,1.5900,300
RCFS5SUGA,20201118,1.5300,1.5300,1.4700,1.5100,12800
RCFS6COFF1,20201118,1.9600,1.9700,1.9500,1.9500,3600
RCFS6FW201,20201118,2.7200,2.7200,2.7200,2.7200,433
RCFS6W201,20201118,2.5000,2.5300,2.3700,2.3800,11587
RCFS8OIL2,20201118,1.3000,1.3000,1.3000,1.3000,270
RCGBSK0621A,20201118,1050.0000,1050.0000,1050.0000,1050.0000,501
RCGCOMB0522,20201118,1011.5000,1011.5000,1011.5000,1011.5000,74
RCGLDAOPEN,20201118,732.0000,732.0000,705.0000,705.0000,78
RCGNS0422,20201118,1038.5000,1038.5000,1038.5000,1038.5000,110
RCGOIL1022,20201118,1032.5000,1032.5000,1032.5000,1032.5000,50
RCGSDGP0821,20201118,998.5000,998.5000,998.5000,998.5000,6
RCGSX5E1221,20201118,1038.0000,1038.0000,1038.0000,1038.0000,18
RCGSX5E12212,20201118,1033.0000,1034.0000,1033.0000,1034.0000,290
RCGSXLV1220,20201118,1028.0000,1028.0000,1028.0000,1028.0000,13
RCGTECBSK0321,20201118,1049.5000,1049.5000,1049.5000,1049.5000,301
RCGTECBSK0621,20201118,1078.5000,1078.5000,1078.5000,1078.5000,101
RCLNAGOPEN,20201118,1.5200,1.5200,1.5200,1.5200,1000
RCLOILAOPEN,20201118,14.8000,14.8000,14.3000,14.7000,1160
RCNDXAOPEN,20201118,452.5000,452.5000,452.5000,452.5000,3
RCRBSPX0522,20201118,469.0000,469.0000,469.0000,469.0000,7
RCSILAOPEN,20201118,95.5000,95.5000,91.5000,91.5000,340
RCSP5AOPEN,20201118,135.8000,136.4000,135.8000,136.4000,15
RCSUGAOPEN,20201118,2.5400,2.5400,2.5400,2.5400,500
RCTLALE9,20201118,1.2000,1.4000,1.2000,1.2800,31674
RCTSJSW2,20201118,1.4200,1.5200,1.4200,1.5200,18700
RCTSKRU1,20201118,4.1900,4.3000,4.1900,4.3000,1000
RCWHTAOPEN1,20201118,15.1400,15.1400,15.1000,15.1000,3000
REDAN,20201118,0.1850,0.2100,0.1850,0.2040,196646
REINO,20201118,1.4600,1.4600,1.4600,1.4600,2
RELPOL,20201118,5.3400,5.4600,5.1600,5.2000,83896
REMAK,20201118,10.2000,10.2000,9.6000,9.6400,1850
RONSON,20201118,1.3200,1.3300,1.3100,1.3300,15364
ROPCZYCE,20201118,22.0000,22.4000,21.6000,22.0000,634
RYVU,20201118,52.8000,52.8000,50.6000,51.2000,4223
SANOK,20201118,13.9000,13.9000,13.5000,13.9000,7854
SANPL,20201118,175.7000,179.8000,174.6000,175.2000,58929
SANTANDER,20201118,10.5000,10.5000,10.2000,10.4500,15655
SANWIL,20201118,3.8400,3.8400,3.6200,3.7600,48344
SEKO,20201118,8.6500,8.6500,8.6000,8.6000,1481
SELENAFM,20201118,16.1000,16.1000,15.6000,15.8500,2590
SELVITA,20201118,43.8000,43.8000,42.7000,42.7000,520
SERINUS,20201118,0.3100,0.3180,0.3020,0.3180,89353
SESCOM,20201118,27.0000,27.0000,27.0000,27.0000,31
SFINKS,20201118,0.3100,0.3100,0.2810,0.3090,19904
SILVAIR-REGS,20201118,7.9000,7.9000,7.9000,7.9000,12
SIMPLE,20201118,11.1000,11.5000,11.1000,11.5000,1099
SKARBIEC,20201118,27.4000,27.5000,27.2000,27.5000,11401
SKOTAN,20201118,1.8250,1.8300,1.7300,1.8000,29112
SKYLINE,20201118,0.6500,0.6500,0.6500,0.6500,1020
SLEEPZAG,20201118,0.3940,0.3940,0.3940,0.3940,1200
SNIEZKA,20201118,91.6000,91.6000,89.0000,91.4000,331
SOLAR,20201118,3.8700,3.8900,3.8700,3.8900,820
SONEL,20201118,9.6000,9.8000,9.5000,9.8000,1886
SOPHARMA,20201118,12.0000,12.0000,11.8000,11.8000,402
STALEXP,20201118,3.1000,3.1200,3.0600,3.1000,103874
STALPROD,20201118,215.0000,215.0000,208.5000,212.0000,504
STALPROFI,20201118,6.2400,6.2800,5.6600,6.0000,12571
STAPORKOW,20201118,2.5800,2.7200,2.5800,2.6000,10200
STARHEDGE,20201118,0.4080,0.4500,0.4080,0.4210,9343
SUNEX,20201118,4.7900,4.9000,4.5500,4.6000,28153
SUWARY,20201118,16.0000,16.0000,16.0000,16.0000,25
SWISSMED,20201118,3.6000,3.9500,3.6000,3.9500,28168
SYGNITY,20201118,8.4000,8.4200,8.2600,8.3600,12101
SYNEKTIK,20201118,28.0000,29.0000,27.2000,27.8000,11588
TALANX,20201118,150.0000,150.0000,150.0000,150.0000,3
TALEX,20201118,11.6000,11.6500,11.4000,11.6500,407
TATRY,20201118,141.0000,145.0000,141.0000,145.0000,46
TAURONPE,20201118,2.1300,2.2280,2.1300,2.1880,3865355
TBULL,20201118,21.2000,21.7000,21.1000,21.5000,2355
TERMOREX,20201118,0.8800,0.8980,0.8700,0.8980,2200
TESGAS,20201118,4.2000,4.2800,4.1200,4.1800,10048
TIM,20201118,14.9000,14.9000,14.5000,14.9000,6263
TORPOL,20201118,10.7500,10.8000,10.5500,10.7000,21857
TOWERINVT,20201118,13.5000,13.5000,13.5000,13.5000,115
TOYA,20201118,7.3600,7.3600,7.2000,7.3000,108966
TRAKCJA,20201118,1.6620,1.7400,1.6620,1.7000,69956
TRANSPOL,20201118,2.8400,2.9300,2.8200,2.9300,109259
TRIGONPP,20201118,43.5000,43.7000,43.5000,43.6100,443
TRIGONPP3,20201118,43.1000,43.1000,42.3000,42.3000,392
TRITON,20201118,2.2000,2.2500,2.2000,2.2500,3665
TSGAMES,20201118,557.0000,607.0000,556.0000,607.0000,25498
ULMA,20201118,45.4000,45.4000,45.4000,45.4000,50
ULTGAMES,20201118,30.4000,30.4000,29.6500,30.0000,3151
UNIBEP,20201118,8.1400,8.2000,8.1000,8.1000,1348
UNICREDIT,20201118,37.5000,38.1200,37.5000,38.1200,271
UNIMA,20201118,3.0600,3.0600,3.0600,3.0600,10
UNIMOT,20201118,34.0000,34.1500,31.4000,33.1000,43868
URSUS,20201118,0.6540,0.7110,0.6300,0.6830,891318
VENTUREIN,20201118,1.7300,1.7300,1.7200,1.7200,105
VIGOSYS,20201118,560.0000,570.0000,550.0000,560.0000,605
VISTAL,20201118,2.8000,2.8700,2.6500,2.7600,43468
VIVID,20201118,1.7260,1.7960,1.7040,1.7680,42814
VOTUM,20201118,12.9000,12.9500,12.7500,12.7500,4236
VOXEL,20201118,42.1000,42.8000,42.1000,42.8000,3616
VRG,20201118,2.4550,2.4550,2.4000,2.4000,27000
WARIMPEX,20201118,4.9600,5.0800,4.9500,5.0800,1190
WASKO,20201118,1.2950,1.2950,1.2950,1.2950,226
WAWEL,20201118,560.0000,570.0000,550.0000,560.0000,183
WIELTON,20201118,4.4300,5.3000,4.4300,5.1600,1526371
WIKANA,20201118,2.0400,2.1400,2.0400,2.1400,833
WIRTUALNA,20201118,80.0000,81.6000,80.0000,81.0000,8765
WITTCHEN,20201118,8.1400,8.4000,7.8000,8.1000,21416
WOJAS,20201118,5.3000,5.3000,5.0000,5.1000,9798
WORKSERV,20201118,0.8400,0.9700,0.8400,0.8900,1170733
XTB,20201118,16.5000,16.7000,16.2000,16.7000,292062
XTPL,20201118,75.8000,76.8000,74.0000,74.2000,470
ZAMET,20201118,0.8200,0.8400,0.8100,0.8350,104311
ZASTAL,20201118,31.0000,33.6000,30.4000,31.0000,5645
ZEPAK,20201118,9.9800,10.0000,9.8600,9.9000,5532
ZPUE,20201118,149.0000,153.0000,149.0000,151.5000,389
ZREMB,20201118,0.7450,0.7450,0.7400,0.7450,5597
ZUE,20201118,3.4800,3.5800,3.4000,3.4400,8675
ZYWIEC,20201118,494.0000,494.0000,490.0000,492.0000,68
INVESTORMS,20201118,4033.7900,4042.9600,4033.7900,4042.9600,251690.798
MWIG40,20201118,3703.4000,3731.9900,3690.8000,3725.5200,146359.435
MWIG40DVP,20201118,63.1100,63.1100,63.1100,63.1100,146359.435
MWIG40TR,20201118,4904.9600,4942.7100,4894.9200,4934.2600,146359.435
SWIG80,20201118,14866.5100,14899.9800,14836.7500,14884.4500,37840.973
SWIG80DVP,20201118,270.7600,270.7600,270.7600,270.7600,37840.973
SWIG80TR,20201118,19204.1800,19248.5900,19169.7600,19228.5300,37840.973
WIG,20201118,51768.0600,52264.8000,51685.6400,52232.1700,1164485.653
WIG-BANKI,20201118,4437.6100,4487.2100,4426.3600,4487.2100,180250.056
WIG-BUDOW,20201118,3068.0900,3092.1300,3067.6600,3070.7800,4310.519
WIG-CEE,20201118,1169.8100,1173.5500,1169.8100,1173.5500,11507.568
WIG-CHEMIA,20201118,7253.7600,7633.2500,7246.7100,7633.2500,9867.319
WIG-ENERG,20201118,1795.0000,1837.4000,1795.0000,1821.2600,25312.757
WIG-ESG,20201118,8595.0000,8684.0200,8595.0000,8684.0200,892648.601
WIG-GORNIC,20201118,4423.9900,4466.9600,4358.9500,4358.9500,93245.410
WIG-INFO,20201118,3692.2500,3693.0700,3649.3200,3650.7100,9728.987
WIG-LEKI,20201118,5481.1300,5777.6500,5441.3200,5768.1800,29872.041
WIG-MEDIA,20201118,5350.2800,5431.7000,5350.2800,5408.3900,1225.014
WIG-MOTO,20201118,3828.6000,3867.6200,3768.0800,3864.7500,1184.295
WIG-NRCHOM,20201118,2193.4300,2215.3100,2179.2400,2198.6200,2086.043
WIG-ODZIEZ,20201118,4204.0200,4210.9200,4044.8400,4158.5100,50119.329
WIG-PALIWA,20201118,4335.2500,4471.4800,4293.3200,4468.1000,163478.338
WIG-POLAND,20201118,53190.1800,53324.5100,53053.5800,53324.5100,1151303.851
WIG-SPOZYW,20201118,3252.4900,3449.2200,3252.4900,3380.9200,11359.847
WIG-TELKOM,20201118,896.5000,909.7700,892.6600,909.7700,31793.507
WIG-UKRAIN,20201118,438.2700,438.2700,436.7300,436.9700,10696.157
WIG.GAMES,20201118,31752.6200,32709.1700,31750.2900,32703.4200,137257.033
WIG.MS-BAS,20201118,9393.8700,9589.4300,9387.6500,9428.8900,113635.580
WIG.MS-FIN,20201118,6568.6800,6691.0600,6556.8000,6688.5000,228113.162
WIG.MS-PET,20201118,5834.7200,6015.5900,5783.0100,6014.7500,170835.199
WIG20,20201118,1792.1700,1812.8000,1787.0800,1810.4300,963765.007
WIG20DVP,20201118,10.3700,10.3700,10.3700,10.3700,963765.007
WIG20LEV,20201118,351.4100,359.5100,349.5200,358.5800,963765.007
WIG20SHORT,20201118,3995.0200,4005.7700,3949.1100,3954.3800,963765.007
WIG20TR,20201118,3280.7700,3318.8700,3277.1200,3315.9000,963765.007
WIG30,20201118,2072.0800,2094.5400,2067.2900,2092.3100,1008616.494
WIG30TR,20201118,3771.0000,3781.7000,3759.5700,3781.7000,1008616.494
WIGDIV,20201118,993.3000,1005.4200,992.8100,1003.4900,143087.766
WIGTECH,20201118,14399.1200,14510.0000,14365.3900,14510.0000,0.000
